"","1","2","3","4","5","6"
"1",0,16.5792036603955,16.2314387217224,6.76891022001381,16.8630206943914,12.2177202629696
"2",16.5792036603955,0,1.1271958760779,11.4400586153178,3.91039819398795,5.3328372033111
"3",16.2314387217224,1.1271958760779,0,11.4675015656047,2.85370374633814,5.63119933266
"4",6.76891022001381,11.4400586153178,11.4675015656047,0,13.0610875104618,6.28826046742499
"5",16.8630206943914,3.91039819398795,2.85370374633814,13.0610875104618,0,7.90991942764051
"6",12.2177202629696,5.3328372033111,5.63119933266,6.28826046742499,7.90991942764051,0
