0.0 1.0 2.0 3.0 4.0 5.0 6.0 7.0 8.0 9.0 10.0 11.0 12.0
1.0 0.0 0.003653487684598335 0.016283587198487257 0.00951602800479661 0.012992822712428539 0.014410397023108293 0.022469758078873036 0.016441030640385868 0.028934695155694176 0.055069318719491014 0.020203221578323816 0.02346266432499965
2.0 0.003653487684598335 0.0 0.016799294783887128 0.010054026637890207 0.013527540821619515 0.014935524414207936 0.022992673916396224 0.016989494388794383 0.02945754020556187 0.055383107007981006 0.020727269218658046 0.02398577956259283
3.0 0.016283587198487257 0.016799294783887128 0.0 0.013465755533329495 0.017906031704896505 0.018822396577128815 0.026936701987628316 0.023424571715099023 0.03340161303679264 0.061331757503941944 0.02473740004575489 0.02752467792332088
4.0 0.00951602800479661 0.010054026637890207 0.013465755533329495 0.0 0.008041967176327129 0.009090773054104271 0.017404076506621857 0.01511127832083924 0.02387257439465236 0.05631212434876624 0.015209246377904145 0.017917709497197638
5.0 0.012992822712428539 0.013527540821619515 0.017906031704896505 0.008041967176327129 0.0 0.00817938521036853 0.016819885666003533 0.014398499610642507 0.02329325756622192 0.05898628376776792 0.014467298881776471 0.019354405059004206
6.0 0.014410397023108293 0.014935524414207936 0.018822396577128815 0.009090773054104271 0.00817938521036853 0.0 0.01269417162751878 0.017535202375845247 0.019181048186404356 0.05880090391649366 0.010656612665367642 0.016932459663312253
7.0 0.022469758078873036 0.022992673916396224 0.026936701987628316 0.017404076506621857 0.016819885666003533 0.01269417162751878 0.0 0.02519565360361963 0.008613120215563097 0.06645144421072693 0.00924949477720953 0.024487897476420325
8.0 0.016441030640385868 0.016989494388794383 0.023424571715099023 0.01511127832083924 0.014398499610642507 0.017535202375845247 0.02519565360361963 0.0 0.03165971769550753 0.06426900288593432 0.02259793672964072 0.027653217722462636
9.0 0.028934695155694176 0.02945754020556187 0.03340161303679264 0.02387257439465236 0.02329325756622192 0.019181048186404356 0.008613120215563097 0.03165971769550753 0.0 0.07290391498377465 0.015781879402848597 0.030947245157477443
10.0 0.055069318719491014 0.055383107007981006 0.061331757503941944 0.05631212434876624 0.05898628376776792 0.05880090391649366 0.06645144421072693 0.06426900288593432 0.07290391498377465 0.0 0.06436985119078072 0.06755996606050639
11.0 0.020203221578323816 0.020727269218658046 0.02473740004575489 0.015209246377904145 0.014467298881776471 0.010656612665367642 0.00924949477720953 0.02259793672964072 0.015781879402848597 0.06436985119078072 0.0 0.02258101227228834
12.0 0.02346266432499965 0.02398577956259283 0.02752467792332088 0.017917709497197638 0.019354405059004206 0.016932459663312253 0.024487897476420325 0.027653217722462636 0.030947245157477443 0.06755996606050639 0.02258101227228834 0.0
