0.0 1.0 2.0 3.0 4.0 5.0 6.0 7.0 8.0 9.0 10.0 11.0 12.0
1.0 0.0 0.002335161345803817 0.010281430868704863 0.0065725166549889195 0.010628376200813514 0.01445083710565089 0.019045328066604913 0.014000983861952154 0.025476346723104303 0.03256141253819162 0.017941109950003652 0.011884443670722718
2.0 0.002335161345803817 0.0 0.009804275900902118 0.006108959652832738 0.010165370272080424 0.013982327953339141 0.01857419557307419 0.013549891028306327 0.025005202712631604 0.03195193118139649 0.017470605657129695 0.011412273094524469
3.0 0.010281430868704863 0.009804275900902118 0.0 0.007546260960249946 0.012448221340918428 0.015924787898675942 0.020505201173242855 0.01710955479955999 0.02693638405885692 0.03612763750575227 0.01943631822594281 0.012971478966876105
4.0 0.0065725166549889195 0.006108959652832738 0.007546260960249946 0.0 0.007160199176253539 0.010719588494426705 0.015483034560645526 0.012589756562033701 0.021914954366772932 0.033418159539170385 0.014408795089485862 0.007905186854272394
5.0 0.010628376200813514 0.010165370272080424 0.012448221340918428 0.007160199176253539 0.0 0.009686493434283018 0.015753620545439644 0.012613132961458003 0.02218849994118066 0.03706691316541246 0.014505050447122168 0.01076784209732386
6.0 0.01445083710565089 0.013982327953339141 0.015924787898675942 0.010719588494426705 0.009686493434283018 0.0 0.01582327180628167 0.017949830847634445 0.022265865972753304 0.04003454086021826 0.014715128931525798 0.012132661871914849
7.0 0.019045328066604913 0.01857419557307419 0.020505201173242855 0.015483034560645526 0.015753620545439644 0.01582327180628167 0.0 0.022441257574446833 0.007721351248386431 0.04411950356356618 0.006224694723594354 0.015780057607495578
8.0 0.014000983861952154 0.013549891028306327 0.01710955479955999 0.012589756562033701 0.012613132961458003 0.017949830847634445 0.022441257574446833 0.0 0.028871138158298414 0.04141154518700297 0.021129903249219543 0.017024524773757693
9.0 0.025476346723104303 0.025005202712631604 0.02693638405885692 0.021914954366772932 0.02218849994118066 0.022265865972753304 0.007721351248386431 0.028871138158298414 0.0 0.050548250798136386 0.012699664634726122 0.022209801666919844
10.0 0.03256141253819162 0.03195193118139649 0.03612763750575227 0.033418159539170385 0.03706691316541246 0.04003454086021826 0.04411950356356618 0.04141154518700297 0.050548250798136386 0.0 0.0431096146036182 0.03698420969584351
11.0 0.017941109950003652 0.017470605657129695 0.01943631822594281 0.014408795089485862 0.014505050447122168 0.014715128931525798 0.006224694723594354 0.021129903249219543 0.012699664634726122 0.0431096146036182 0.0 0.014889921605585884
12.0 0.011884443670722718 0.011412273094524469 0.012971478966876105 0.007905186854272394 0.01076784209732386 0.012132661871914849 0.015780057607495578 0.017024524773757693 0.022209801666919844 0.03698420969584351 0.014889921605585884 0.0
