0.0 1.0 2.0 3.0 4.0 5.0 6.0 7.0 8.0 9.0 10.0 11.0 12.0
1.0 0.0 0.001162781556294437 0.004920825926840991 0.0038496407659366974 0.0046761625464480485 0.0044066146513243275 0.006544684443311429 0.0062186726897189865 0.009319130766331988 0.01359734141584489 0.0055198588512828115 0.0040567110333304245
2.0 0.001162781556294437 0.0 0.004796707902542004 0.003735459156359892 0.00456309386435315 0.004291691391506333 0.006429150835843199 0.006111744616609408 0.009203416033390912 0.013403313478315719 0.005404634515274808 0.0039415031089555415
3.0 0.004920825926840991 0.004796707902542004 0.0 0.0034157234421026608 0.004458197728157987 0.004027730279648223 0.006175184535610174 0.006606244497842631 0.008951708730181846 0.014743582282514255 0.00515955517364279 0.0036339603845698103
4.0 0.0038496407659366974 0.003735459156359892 0.0034157234421026608 0.0 0.0023159755511217668 0.0017812002256261785 0.0039602915138453485 0.004916582332724 0.006742048543549891 0.014000742560567906 0.002946494208048249 0.0013941091011190586
5.0 0.0046761625464480485 0.00456309386435315 0.004458197728157987 0.0023159755511217668 0.0 0.00234117574678429 0.004624495118687288 0.004879500576767769 0.007408065381524024 0.014861900007647826 0.003563910212064806 0.0022856110226654857
6.0 0.0044066146513243275 0.004291691391506333 0.004027730279648223 0.0017812002256261785 0.00234117574678429 0.0 0.003756383342622513 0.005226968083383118 0.006543830361493584 0.014423592604809939 0.0027348905056969004 0.0015511660966820318
7.0 0.006544684443311429 0.006429150835843199 0.006175184535610174 0.0039602915138453485 0.004624495118687288 0.003756383342622513 0.0 0.007350636965862727 0.004217349692811196 0.016474322928903683 0.003130177328132128 0.003651277799776016
8.0 0.0062186726897189865 0.006111744616609408 0.006606244497842631 0.004916582332724 0.004879500576767769 0.005226968083383118 0.007350636965862727 0.0 0.010130761717816834 0.016816315351456154 0.006266468936556027 0.0050174662418535024
9.0 0.009319130766331988 0.009203416033390912 0.008951708730181846 0.006742048543549891 0.007408065381524024 0.006543830361493584 0.004217349692811196 0.010130761717816834 0.0 0.01922382250966783 0.005959367912925575 0.006432390917560831
10.0 0.01359734141584489 0.013403313478315719 0.014743582282514255 0.014000742560567906 0.014861900007647826 0.014423592604809939 0.016474322928903683 0.016816315351456154 0.01922382250966783 0.0 0.015485283546519821 0.014056194871891624
11.0 0.0055198588512828115 0.005404634515274808 0.00515955517364279 0.002946494208048249 0.003563910212064806 0.0027348905056969004 0.003130177328132128 0.006266468936556027 0.005959367912925575 0.015485283546519821 0.0 0.0026512577900973285
12.0 0.0040567110333304245 0.0039415031089555415 0.0036339603845698103 0.0013941091011190586 0.0022856110226654857 0.0015511660966820318 0.003651277799776016 0.0050174662418535024 0.006432390917560831 0.014056194871891624 0.0026512577900973285 0.0
