0.0 1.0 2.0 3.0 4.0 5.0 6.0 7.0 8.0 9.0 10.0 11.0 12.0
1.0 0.0 0.002232608601723523 0.00666259618060356 0.005801372141349464 0.007185317866295569 0.008619496822409544 0.011496559436171564 0.008115675253781634 0.016532766529583003 0.015765699534578865 0.010596231965754512 0.008542787448688163
2.0 0.002232608601723523 0.0 0.006528892793704305 0.005681497469319044 0.007066618228769879 0.00849362682795863 0.011368378721793065 0.008008609769367937 0.0164045447943159 0.01551145289411945 0.01046872046254578 0.008413981020412617
3.0 0.00666259618060356 0.006528892793704305 0.0 0.005124442355307358 0.007235283877822137 0.008373981684874465 0.01128641382039329 0.00898916083099727 0.016322971233292353 0.017375037602899972 0.01040637499140298 0.008043298412039716
4.0 0.005801372141349464 0.005681497469319044 0.005124442355307358 0.0 0.005064183820935969 0.006150528413863803 0.009196469734389982 0.00741637074757435 0.014234370748406482 0.01693514484403232 0.00831651710995468 0.005904338370422969
5.0 0.007185317866295569 0.007066618228769879 0.007235283877822137 0.005064183820935969 0.0 0.005440689756373657 0.008838896316151194 0.006651974123344867 0.013879481867292563 0.01818081219218103 0.00787963910810115 0.006774891655272217
6.0 0.008619496822409544 0.00849362682795863 0.008373981684874465 0.006150528413863803 0.005440689756373657 0.0 0.008110089635365459 0.009075308962369997 0.013156847324858272 0.019094380911082388 0.0072347456155718096 0.006610534659261504
7.0 0.011496559436171564 0.011368378721793065 0.01128641382039329 0.009196469734389982 0.008838896316151194 0.008110089635365459 0.0 0.011874558645081846 0.0063833247319776305 0.021760072753737317 0.004134012284608003 0.009204307720502087
8.0 0.008115675253781634 0.008008609769367937 0.00898916083099727 0.00741637074757435 0.006651974123344867 0.009075308962369997 0.011874558645081846 0.0 0.016911330163207786 0.019721198717924524 0.010882631943253524 0.00966900191838269
9.0 0.016532766529583003 0.0164045447943159 0.016322971233292353 0.014234370748406482 0.013879481867292563 0.013156847324858272 0.0063833247319776305 0.016911330163207786 0.0 0.026792771909427648 0.009230510283004156 0.0142398546050304
10.0 0.015765699534578865 0.01551145289411945 0.017375037602899972 0.01693514484403232 0.01818081219218103 0.019094380911082388 0.021760072753737317 0.019721198717924524 0.026792771909427648 0.0 0.02090882581931455 0.018839859230326956
11.0 0.010596231965754512 0.01046872046254578 0.01040637499140298 0.00831651710995468 0.00787963910810115 0.0072347456155718096 0.004134012284608003 0.010882631943253524 0.009230510283004156 0.02090882581931455 0.0 0.008410046033873676
12.0 0.008542787448688163 0.008413981020412617 0.008043298412039716 0.005904338370422969 0.006774891655272217 0.006610534659261504 0.009204307720502087 0.00966900191838269 0.0142398546050304 0.018839859230326956 0.008410046033873676 0.0
