0.0 1.0 2.0 3.0 4.0 5.0 6.0 7.0 8.0 9.0 10.0 11.0 12.0
1.0 0.0 0.001012865688072138 0.0038268385251174772 0.0032919100838950935 0.0039042370208340273 0.0037799895744414108 0.005697180814690577 0.004696803046726514 0.008305443746252658 0.008918204209440365 0.0046210603349712935 0.0034941154523482846
2.0 0.001012865688072138 0.0 0.0037403686080448506 0.0032152658418045732 0.0038290999957267826 0.0037026934595004416 0.0056190433106396345 0.004626788566349495 0.008227008949286197 0.008769793041789061 0.004543317859971497 0.003416430636991618
3.0 0.0038268385251174772 0.0037403686080448506 0.0 0.0027042611905332787 0.0035419971006887033 0.0032556355300022185 0.005189512630452831 0.004781356518687016 0.007801478080311003 0.009722203913121398 0.004117003464906257 0.0029215990981421858
4.0 0.0032919100838950935 0.0032152658418045732 0.0027042611905332787 0.0 0.0021028193901421878 0.0016981959410555052 0.0036703394772972155 0.003697607255853136 0.006289795062158076 0.009452676303137326 0.0025951438741651815 0.0013658987415832227
5.0 0.0039042370208340273 0.0038290999957267826 0.0035419971006887033 0.0021028193901421878 0.0 0.0021247698583995544 0.004159090481634688 0.0035740477062511933 0.006781194898579814 0.010118576823292412 0.0030506083626652084 0.002096462094091863
6.0 0.0037799895744414108 0.0037026934595004416 0.0032556355300022185 0.0016981959410555052 0.0021247698583995544 0.0 0.003458171020006751 0.003966026305499618 0.006085045676684468 0.009851200865448889 0.002374156616822518 0.0014945311235291707
7.0 0.005697180814690577 0.0056190433106396345 0.005189512630452831 0.0036703394772972155 0.004159090481634688 0.003458171020006751 0.0 0.005872058011298437 0.004130262353347737 0.011683047996079067 0.00270683584390472 0.003399297448640414
8.0 0.004696803046726514 0.004626788566349495 0.004781356518687016 0.003697607255853136 0.0035740477062511933 0.003966026305499618 0.005872058011298437 0.0 0.008489729983182185 0.011187416698428989 0.004758288130634605 0.003807129337441085
9.0 0.008305443746252658 0.008227008949286197 0.007801478080311003 0.006289795062158076 0.006781194898579814 0.006085045676684468 0.004130262353347737 0.008489729983182185 0.0 0.014262456178629932 0.005388199918243769 0.006018703281692983
10.0 0.008918204209440365 0.008769793041789061 0.009722203913121398 0.009452676303137326 0.010118576823292412 0.009851200865448889 0.011683047996079067 0.011187416698428989 0.014262456178629932 0.0 0.010642041633438511 0.009545909219682578
11.0 0.0046210603349712935 0.004543317859971497 0.004117003464906257 0.0025951438741651815 0.0030506083626652084 0.002374156616822518 0.00270683584390472 0.004758288130634605 0.005388199918243769 0.010642041633438511 0.0 0.0023340618444857514
12.0 0.0034941154523482846 0.003416430636991618 0.0029215990981421858 0.0013658987415832227 0.002096462094091863 0.0014945311235291707 0.003399297448640414 0.003807129337441085 0.006018703281692983 0.009545909219682578 0.0023340618444857514 0.0
