0.0 1.0 2.0 3.0 4.0 5.0 6.0 7.0 8.0 9.0 10.0 11.0 12.0
1.0 0.0 0.001318502782977449 0.010306775675278025 0.006343457349746854 0.009407639862606176 0.011890358146062449 0.01480150312679913 0.011850558289541336 0.02054423254197469 0.0366408775012427 0.014310552286958192 0.009832441481783655
2.0 0.001318502782977449 0.0 0.01024954811623014 0.0062976831880650385 0.009361299010341155 0.011840255770320525 0.014750072628147162 0.011809281616942509 0.020492778311060215 0.03648871035799345 0.014259572477816855 0.009781630722559609
3.0 0.010306775675278025 0.01024954811623014 0.0 0.009039733463188378 0.01279994885302533 0.014854339981290677 0.017748030779992072 0.01646278100432252 0.02349179249915774 0.041307329390688124 0.01730885875736505 0.012561827195481014
4.0 0.006343457349746854 0.0062976831880650385 0.009039733463188378 0.0 0.007077211219538266 0.009224488074984221 0.012261625770167959 0.01157627211469096 0.018007407866497585 0.03858578976547841 0.011824796617958837 0.007022295336150026
5.0 0.009407639862606176 0.009361299010341155 0.01279994885302533 0.007077211219538266 0.0 0.009045306488959503 0.012866889727363034 0.011097318791537105 0.018612425282998425 0.04130828879067039 0.012238137254050442 0.008941899971469509
6.0 0.011890358146062449 0.011840255770320525 0.014854339981290677 0.009224488074984221 0.009045306488959503 0.0 0.011756258514529893 0.015326532007666482 0.017514293458972263 0.04289785995844804 0.011374532235968985 0.00888021367788103
7.0 0.01480150312679913 0.014750072628147162 0.017748030779992072 0.012261625770167959 0.012866889727363034 0.011756258514529893 0.0 0.018176929886301346 0.007579969452553556 0.04545977087282936 0.006923794842578988 0.01123642990170693
8.0 0.011850558289541336 0.011809281616942509 0.01646278100432252 0.01157627211469096 0.011097318791537105 0.015326532007666482 0.018176929886301346 0.0 0.023914363673757773 0.044674074065446115 0.017397614699798676 0.014191227497031108
9.0 0.02054423254197469 0.020492778311060215 0.02349179249915774 0.018007407866497585 0.018612425282998425 0.017514293458972263 0.007579969452553556 0.023914363673757773 0.0 0.051196267902897 0.012693147721587665 0.016984492250456038
10.0 0.0366408775012427 0.03648871035799345 0.041307329390688124 0.03858578976547841 0.04130828879067039 0.04289785995844804 0.04545977087282936 0.044674074065446115 0.051196267902897 0.0 0.04507338518013397 0.04070726845061187
11.0 0.014310552286958192 0.014259572477816855 0.01730885875736505 0.011824796617958837 0.012238137254050442 0.011374532235968985 0.006923794842578988 0.017397614699798676 0.012693147721587665 0.04507338518013397 0.0 0.010982688737778478
12.0 0.009832441481783655 0.009781630722559609 0.012561827195481014 0.007022295336150026 0.008941899971469509 0.00888021367788103 0.01123642990170693 0.014191227497031108 0.016984492250456038 0.04070726845061187 0.010982688737778478 0.0
