0.0 1.0 2.0 3.0 4.0 5.0 6.0 7.0 8.0 9.0 10.0 11.0 12.0 13.0 14.0 15.0 16.0 17.0 18.0 19.0 20.0 21.0 22.0 23.0
1.0 0.0 0.005202524977669303 0.0071938120868371876 0.005195427093801509 0.009092870383416244 0.005986509040252976 0.005155530040677972 0.007958055122967222 0.005858537053142914 0.006031192917674177 0.005813804920193339 0.005902858952499382 0.011098426753101336 0.009010403369561645 0.0012780385328892236 0.005911056025094348 0.0009793540513727411 0.00200030776548396 0.0071938120868371876 0.005226283067072298 0.009401233334118285 0.0052382499391835525 0.0056979201849079175
2.0 0.005202524977669303 0.0 0.0037877839417765242 0.0006729521525182421 0.005824455097222387 0.002552321378142041 0.009672331815738991 0.004555653719835261 0.002424147462005916 0.0026101575241598285 0.0013974197151799556 0.0024631880526320756 0.007693738189123132 0.005742439667868977 0.005814246783345079 0.002812794947875851 0.004885523012462939 0.0065178087338571234 0.0037877839417765242 0.0008668046318137867 0.006132130473611245 0.0006192382256094541 0.0012843846279366345
3.0 0.0071938120868371876 0.0037877839417765242 0.0 0.0036916687519947117 0.0051604907384708906 0.002180749196666926 0.011663493181986647 0.0032784944885817548 0.0020708344134480576 0.001959384195457329 0.0045996156273944155 0.0021818950528455262 0.005993219514134025 0.00507924754398697 0.007805078965092847 0.0049695191183338275 0.006877504926915265 0.008507924882298592 0.0 0.003630794984273214 0.005465242550697158 0.0038693997140343984 0.004486244962141514
4.0 0.005195427093801509 0.0006729521525182421 0.0036916687519947117 0.0 0.005731542172194633 0.0024555142615084015 0.009665266582916186 0.004459623337097488 0.0023273365097469627 0.0025136788576984297 0.0015447962964972028 0.0023662376939326806 0.007597668763275198 0.005649535709632891 0.005807138704090665 0.0028016397774789682 0.004878487452314051 0.006510662045330317 0.0036916687633257537 0.0007084821201795303 0.006039204607225405 0.0008142682831805293 0.0014319552866499247
5.0 0.009092870383416244 0.005824455097222387 0.0051604907384708906 0.005731542172194633 0.0 0.004386795713457036 0.013561939636887258 0.005853737168106561 0.00426336114380872 0.004247998186435519 0.006631372745088125 0.004369026204783433 0.009028438910396713 0.0009399853735980665 0.00970350959362224 0.00696915966366137 0.008777001264636769 0.010405644144986625 0.005160490074782788 0.005674267323747396 0.001406811060795661 0.005904124866001016 0.006517941444323723
6.0 0.005986509040252976 0.002552321378142041 0.002180749196666926 0.0024555142615084015 0.004386795713457036 0.0 0.010456186359883388 0.002960812942435203 0.0007329081291696836 0.0008988865982416504 0.003365140509121881 0.0006785350391463919 0.006086476511697178 0.004305113535799623 0.00659781332195807 0.0037425420612858303 0.005670168326862244 0.00730072011010374 0.0021807487292351616 0.002393834723404988 0.004693887458344046 0.0026343636440547564 0.003251782605827794
7.0 0.005155530040677972 0.009672331815738991 0.011663493181986647 0.009665266582916186 0.013561939636887258 0.010456186359883388 0.0 0.012427762955211377 0.010328361686049156 0.010500897492885235 0.010282778659178813 0.010372657673117652 0.015567807806838158 0.01347946682619973 0.004464945476000916 0.010384768511786928 0.00548794990609637 0.004841628652725467 0.011663492633162704 0.0096960794190581 0.013870273558583569 0.009708122898921367 0.010166898532880643
8.0 0.007958055122967222 0.004555653719835261 0.0032784944885817548 0.004459623337097488 0.005853737168106561 0.002960812942435203 0.012427762955211377 0.0 0.0028478726666659494 0.0027549747851947654 0.005367372919051271 0.002958974910307619 0.00727351590412138 0.00577254519172316 0.008569329442481406 0.0057362987759757966 0.0076417450000573275 0.009272174989282313 0.0032784940927056434 0.00439884803063799 0.006158503233087554 0.004637215253174544 0.005254000531930194
9.0 0.005858537053142914 0.002424147462005916 0.0020708344134480576 0.0023273365097469627 0.00426336114380872 0.0007329081291696836 0.010328361686049156 0.0028478726666659494 0.0 0.0008284654500019251 0.0032370556001412153 0.0006953875030441675 0.005977891465820746 0.004181660907261199 0.006469914390219087 0.0036139442387420374 0.005542152405180844 0.0071728702520802825 0.0020708339130358112 0.002265675860206721 0.004570559674255115 0.0025061833173786636 0.003123697237446269
10.0 0.006031192917674177 0.0026101575241598285 0.001959384195457329 0.0025136788576984297 0.004247998186435519 0.0008988865982416504 0.010500897492885235 0.0027549747851947654 0.0008284654500019251 0.0 0.0034225279352968867 0.0009324221740787189 0.005861591077510046 0.004166377924610325 0.006642493491274499 0.0037962294518627416 0.005714859553873577 0.007345381906523192 0.001959383785586598 0.0024523887322567732 0.00455487236092292 0.002691995229409676 0.003309163962964915
11.0 0.005813804920193339 0.0013974197151799556 0.0045996156273944155 0.0015447962964972028 0.006631372745088125 0.003365140509121881 0.010282778659178813 0.005367372919051271 0.0032370556001412153 0.0034225279352968867 0.0 0.003276271253330158 0.008505364015453636 0.006549346761224109 0.006425215811977498 0.003601285246778491 0.005496770821771888 0.007128695496014382 0.004599615985058552 0.0017084389661926576 0.006939052005127273 0.0014076793888519335 0.0004922596585406214
12.0 0.005902858952499382 0.0024631880526320756 0.0021818950528455262 0.0023662376939326806 0.004369026204783433 0.0006785350391463919 0.010372657673117652 0.002958974910307619 0.0006953875030441675 0.0009324221740787189 0.003276271253330158 0.0 0.006088558903826358 0.004287319566640876 0.006514229689884979 0.0036548498865385613 0.005586476249053811 0.007217186830580682 0.0021818945246030626 0.0023044054854343557 0.004676214724599786 0.0025453121446890412 0.003162914405911786
13.0 0.011098426753101336 0.007693738189123132 0.005993219514134025 0.007597668763275198 0.009028438910396713 0.006086476511697178 0.015567807806838158 0.00727351590412138 0.005977891465820746 0.005861591077510046 0.008505364015453636 0.006088558903826358 0.0 0.00894848407266802 0.011709543938965214 0.008875717660844754 0.010782209831958033 0.012412288209043006 0.005993218606026023 0.007536817560625829 0.009324673443282692 0.007775339268672108 0.00839199117322528
14.0 0.009010403369561645 0.005742439667868977 0.00507924754398697 0.005649535709632891 0.0009399853735980665 0.004305113535799623 0.01347946682619973 0.00577254519172316 0.004181660907261199 0.004166377924610325 0.006549346761224109 0.004287319566640876 0.00894848407266802 0.0 0.009621035890526614 0.006887033513926513 0.00869453861310145 0.01032316236431615 0.0050792467208126395 0.0055922712501885125 0.00148167629058296 0.005822103738721676 0.006435913835659597
15.0 0.0012780385328892236 0.005814246783345079 0.007805078965092847 0.005807138704090665 0.00970350959362224 0.00659781332195807 0.004464945476000916 0.008569329442481406 0.006469914390219087 0.006642493491274499 0.006425215811977498 0.006514229689884979 0.011709543938965214 0.009621035890526614 0.0 0.00652455912949413 0.0016134832303204743 0.0012872813958621472 0.007805078211249927 0.005837949673496437 0.01001186242851773 0.00585001253095419 0.006309333886729062
16.0 0.005911056025094348 0.002812794947875851 0.0049695191183338275 0.0028016397774789682 0.00696915966366137 0.0037425420612858303 0.010384768511786928 0.0057362987759757966 0.0036139442387420374 0.0037962294518627416 0.003601285246778491 0.0036548498865385613 0.008875717660844754 0.006887033513926513 0.00652455912949413 0.0 0.005593476193233167 0.00722910183278101 0.004969518678496196 0.0028370351222300185 0.007277080119583763 0.002825120124014629 0.003487590353069458
17.0 0.0009793540513727411 0.004885523012462939 0.006877504926915265 0.004878487452314051 0.008777001264636769 0.005670168326862244 0.00548794990609637 0.0076417450000573275 0.005542152405180844 0.005714859553873577 0.005496770821771888 0.005586476249053811 0.010782209831958033 0.00869453861310145 0.0016134832303204743 0.005593476193233167 0.0 0.002332294398849493 0.0068775045963167455 0.004909417685219598 0.009085368378167103 0.00492120773277702 0.005380881376896501
18.0 0.00200030776548396 0.0065178087338571234 0.008507924882298592 0.006510662045330317 0.010405644144986625 0.00730072011010374 0.004841628652725467 0.009272174989282313 0.0071728702520802825 0.007345381906523192 0.007128695496014382 0.007217186830580682 0.012412288209043006 0.01032316236431615 0.0012872813958621472 0.00722910183278101 0.002332294398849493 0.0 0.008507923278753982 0.006541415306495538 0.01071399341272313 0.0065536116346676405 0.007012816868475925
19.0 0.0071938120868371876 0.0037877839417765242 0.0 0.0036916687633257537 0.005160490074782788 0.0021807487292351616 0.011663492633162704 0.0032784940927056434 0.0020708339130358112 0.001959383785586598 0.004599615985058552 0.0021818945246030626 0.005993218606026023 0.0050792467208126395 0.007805078211249927 0.004969518678496196 0.0068775045963167455 0.008507923278753982 0.0 0.003630794984273214 0.005465242550697158 0.0038693997140343984 0.004486244962141514
20.0 0.005226283067072298 0.0008668046318137867 0.003630794984273214 0.0007084821201795303 0.005674267323747396 0.002393834723404988 0.0096960794190581 0.00439884803063799 0.002265675860206721 0.0024523887322567732 0.0017084389661926576 0.0023044054854343557 0.007536817560625829 0.0055922712501885125 0.005837949673496437 0.0028370351222300185 0.004909417685219598 0.006541415306495538 0.003630794984273214 0.0 0.005981912637133687 0.0009875840916784284 0.0015956042740172382
21.0 0.009401233334118285 0.006132130473611245 0.005465242550697158 0.006039204607225405 0.001406811060795661 0.004693887458344046 0.013870273558583569 0.006158503233087554 0.004570559674255115 0.00455487236092292 0.006939052005127273 0.004676214724599786 0.009324673443282692 0.00148167629058296 0.01001186242851773 0.007277080119583763 0.009085368378167103 0.01071399341272313 0.005465242550697158 0.005981912637133687 0.0 0.00621181072650751 0.006825620648912418
22.0 0.0052382499391835525 0.0006192382256094541 0.0038693997140343984 0.0008142682831805293 0.005904124866001016 0.0026343636440547564 0.009708122898921367 0.004637215253174544 0.0025061833173786636 0.002691995229409676 0.0014076793888519335 0.0025453121446890412 0.007775339268672108 0.005822103738721676 0.00585001253095419 0.002825120124014629 0.00492120773277702 0.0065536116346676405 0.0038693997140343984 0.0009875840916784284 0.00621181072650751 0.0 0.0012942023171862022
23.0 0.0056979201849079175 0.0012843846279366345 0.004486244962141514 0.0014319552866499247 0.006517941444323723 0.003251782605827794 0.010166898532880643 0.005254000531930194 0.003123697237446269 0.003309163962964915 0.0004922596585406214 0.003162914405911786 0.00839199117322528 0.006435913835659597 0.006309333886729062 0.003487590353069458 0.005380881376896501 0.007012816868475925 0.004486244962141514 0.0015956042740172382 0.006825620648912418 0.0012942023171862022 0.0
