0.0 1.0 2.0 3.0 4.0 5.0 6.0 7.0 8.0 9.0 10.0 11.0 12.0 13.0 14.0 15.0 16.0 17.0 18.0 19.0 20.0 21.0 22.0 23.0
1.0 0.0 0.005151515127158431 0.007611431254846816 0.0052865201671713465 0.009899683618130534 0.006390739528936582 0.007182320340279771 0.008595196034508522 0.006260836272250027 0.0064368424495711285 0.005456678444151358 0.006309711357033982 0.011394287705235472 0.00981447174771077 0.0014532275553483897 0.006001713840499211 0.0009076757595618524 0.002459760065811143 0.007611431254846816 0.005377493175229198 0.010220931786014886 0.005096030685699014 0.0053598311077290165
2.0 0.005151515127158431 0.0 0.0033989055507962773 0.0007616400457792997 0.005717742729143263 0.0021740236475367497 0.011667336024852724 0.00438309422088933 0.0020433844142463877 0.002222005417198525 0.0013469896059087353 0.0020915189907596858 0.007183479241921779 0.005632888459454678 0.005962701006431316 0.0018473000512694605 0.004837058731454551 0.006935914601692645 0.0033989055507962773 0.0009293842867239156 0.006038836610251992 0.0006726862519928593 0.001252494274173203
3.0 0.007611431254846816 0.0033989055507962773 0.0 0.0033585831663213933 0.005420190250706605 0.00218839014127573 0.014123108357732343 0.003525938030388873 0.002078259433207571 0.00196980632016705 0.004072374536763493 0.0021900029754032173 0.005888208665046647 0.005336086804501103 0.008420045121720794 0.0040902988672299415 0.007298355954644561 0.009390187526183206 0.0 0.003285257286290892 0.005738281889399616 0.0034316407174365517 0.003977665150208459
4.0 0.0052865201671713465 0.0007616400457792997 0.0033585831663213933 0.0 0.005678921552577423 0.002133301990409334 0.01180181451238949 0.004342808632872416 0.002002673263324921 0.0021814950192988077 0.0015213589790586237 0.0020506915649288826 0.007143201442549598 0.005594082334496826 0.006097404480286327 0.0019120776371391607 0.00497223106854644 0.007070277956546181 0.0033585825261378145 0.0007946692446467868 0.006000004169151021 0.000890795569259771 0.001426949124396803
5.0 0.009899683618130534 0.005717742729143263 0.005420190250706605 0.005678921552577423 0.0 0.004612487640153438 0.016409137150521388 0.006332021033857825 0.004486961774989263 0.0044828427974170915 0.006388909977677583 0.004594469408122211 0.009152888421791882 0.0009666367382681462 0.010706601625169287 0.0064081310137335985 0.009587478840182162 0.011674468731571571 0.005420190073355568 0.005607096003996261 0.0014646599813186376 0.0057495861143752125 0.006294190358388363
6.0 0.006390739528936582 0.0021740236475367497 0.00218839014127573 0.002133301990409334 0.004612487640153438 0.0 0.012902561532762393 0.0031856963540394835 0.0007363939112643115 0.0009021704699810826 0.002847908590004694 0.0006827499460489821 0.005971545882552326 0.004527920433396972 0.007199486342272484 0.002866348499082641 0.006077595098892682 0.008169824489928621 0.0021883892216409077 0.0020594985428551878 0.004933180041588362 0.002207016479751766 0.00275320193515157
7.0 0.007182320340279771 0.011667336024852724 0.014123108357732343 0.01180181451238949 0.016409137150521388 0.012902561532762393 0.0 0.015106882383778672 0.012772845274868966 0.012948632840648337 0.011973066973144413 0.012821710926672027 0.01790560547991802 0.016323904585025396 0.0065064580282847735 0.012517531181240132 0.0074757827043778705 0.007087144303137711 0.014123109438659957 0.011892260308504295 0.016730356640020226 0.011612173980241954 0.011876242834533871
8.0 0.008595196034508522 0.00438309422088933 0.003525938030388873 0.004342808632872416 0.006332021033857825 0.0031856963540394835 0.015106882383778672 0.0 0.0030722141052855634 0.002984592934008958 0.0050565304723756924 0.0031838802668486847 0.007395232186165486 0.006247994300469427 0.00940380364563041 0.0050743997598335575 0.008282124174188773 0.010373928206029224 0.003525938087651101 0.0042695267916756825 0.006649982371633627 0.00441580364610229 0.004961820579916661
9.0 0.006260836272250027 0.0020433844142463877 0.002078259433207571 0.002002673263324921 0.004486961774989263 0.0007363939112643115 0.012772845274868966 0.0030722141052855634 0.0 0.0008320612574003287 0.0027173479079505986 0.0007011933166212675 0.005862717835495022 0.00440237270487091 0.007069672116135999 0.0027354762211006262 0.005947646769824131 0.008040089883051825 0.0020782585494567157 0.0019289107777572534 0.004807789414924631 0.0020763596977445755 0.0026226399875657344
10.0 0.0064368424495711285 0.002222005417198525 0.00196980632016705 0.0021814950192988077 0.0044828427974170915 0.0009021704699810826 0.012948632840648337 0.002984592934008958 0.0008320612574003287 0.0 0.0028956935176627473 0.0009373728025738369 0.005749262106185855 0.004398336759947087 0.007245545304689859 0.0029137603717090434 0.006123721119740785 0.008215809901333365 0.001969805474369932 0.002107955045348218 0.004803288262209488 0.0022548586455349165 0.0028009852848315956
11.0 0.005456678444151358 0.0013469896059087353 0.004072374536763493 0.0015213589790586237 0.006388909977677583 0.002847908590004694 0.011973066973144413 0.0050565304723756924 0.0027173479079505986 0.0028956935176627473 0.0 0.0027655739299783525 0.007856756089356634 0.006304035088443981 0.006268284443282986 0.00247488617566588 0.005141966794414688 0.007242109770814888 0.004072374123593871 0.0016495970912501845 0.006710000830170064 0.0013236409062815048 0.00041091680744194305
12.0 0.006309711357033982 0.0020915189907596858 0.0021900029754032173 0.0020506915649288826 0.004594469408122211 0.0006827499460489821 0.012821710926672027 0.0031838802668486847 0.0007011933166212675 0.0009373728025738369 0.0027655739299783525 0.0 0.005974129002747889 0.004509876951300198 0.007118552741001795 0.002783990060044806 0.005996518702465757 0.008088987693053254 0.002190002056503531 0.0019767751205548943 0.004915274762917537 0.0021245727713852212 0.0026708665256627026
13.0 0.011394287705235472 0.007183479241921779 0.005888208665046647 0.007143201442549598 0.009152888421791882 0.005971545882552326 0.01790560547991802 0.007395232186165486 0.005862717835495022 0.005749262106185855 0.007856756089356634 0.005974129002747889 0.0 0.009070247080731553 0.012202725223382702 0.007875066880807616 0.011081301682457504 0.013172705778427846 0.005888206902573507 0.007069896933061133 0.009461355321932917 0.007216201949236505 0.007762048092000594
14.0 0.00981447174771077 0.005632888459454678 0.005336086804501103 0.005594082334496826 0.0009666367382681462 0.004527920433396972 0.016323904585025396 0.006247994300469427 0.00440237270487091 0.004398336759947087 0.006304035088443981 0.004509876951300198 0.009070247080731553 0.0 0.010621369332186685 0.00632326602715772 0.0095022774545924 0.011589206122306359 0.005336086505703476 0.005522272032720047 0.0015439334214415162 0.005664722602933038 0.006209314803442253
15.0 0.0014532275553483897 0.005962701006431316 0.008420045121720794 0.006097404480286327 0.010706601625169287 0.007199486342272484 0.0065064580282847735 0.00940380364563041 0.007069672116135999 0.007245545304689859 0.006268284443282986 0.007118552741001795 0.012202725223382702 0.010621369332186685 0.0 0.006812766316302177 0.001749891239111109 0.0017857622902433187 0.008420042868902002 0.00618807879420703 0.011027843810555394 0.005907387102629888 0.006171446679580397
16.0 0.006001713840499211 0.0018473000512694605 0.0040902988672299415 0.0019120776371391607 0.0064081310137335985 0.002866348499082641 0.012517531181240132 0.0050743997598335575 0.0027354762211006262 0.0029137603717090434 0.00247488617566588 0.002783990060044806 0.007875066880807616 0.00632326602715772 0.006812766316302177 0.0 0.005687382088769795 0.007785643041277521 0.004090298174702193 0.0019627646180784292 0.006729267546371641 0.0018029633450859913 0.002379921791057644
17.0 0.0009076757595618524 0.004837058731454551 0.007298355954644561 0.00497223106854644 0.009587478840182162 0.006077595098892682 0.0074757827043778705 0.008282124174188773 0.005947646769824131 0.006123721119740785 0.005141966794414688 0.005996518702465757 0.011081301682457504 0.0095022774545924 0.001749891239111109 0.005687382088769795 0.0 0.002751617588665359 0.007298356780332202 0.005063367053922659 0.009908729879303786 0.004781483231028506 0.005045113442704102
18.0 0.002459760065811143 0.006935914601692645 0.009390187526183206 0.007070277956546181 0.011674468731571571 0.008169824489928621 0.007087144303137711 0.010373928206029224 0.008040089883051825 0.008215809901333365 0.007242109770814888 0.008088987693053254 0.013172705778427846 0.011589206122306359 0.0017857622902433187 0.007785643041277521 0.002751617588665359 0.0 0.009390187658254195 0.007160627499951239 0.011995722488401311 0.006880779365111147 0.00714528494321733
19.0 0.007611431254846816 0.0033989055507962773 0.0 0.0033585825261378145 0.005420190073355568 0.0021883892216409077 0.014123109438659957 0.003525938087651101 0.0020782585494567157 0.001969805474369932 0.004072374123593871 0.002190002056503531 0.005888206902573507 0.005336086505703476 0.008420042868902002 0.004090298174702193 0.007298356780332202 0.009390187658254195 0.0 0.003285257286290892 0.005738281889399616 0.0034316407174365517 0.003977665150208459
20.0 0.005377493175229198 0.0009293842867239156 0.003285257286290892 0.0007946692446467868 0.005607096003996261 0.0020594985428551878 0.011892260308504295 0.0042695267916756825 0.0019289107777572534 0.002107955045348218 0.0016495970912501845 0.0019767751205548943 0.007069896933061133 0.005522272032720047 0.00618807879420703 0.0019627646180784292 0.005063367053922659 0.007160627499951239 0.003285257286290892 0.0 0.005928163851577595 0.0010251956728947525 0.0015551779415959987
21.0 0.010220931786014886 0.006038836610251992 0.005738281889399616 0.006000004169151021 0.0014646599813186376 0.004933180041588362 0.016730356640020226 0.006649982371633627 0.004807789414924631 0.004803288262209488 0.006710000830170064 0.004915274762917537 0.009461355321932917 0.0015439334214415162 0.011027843810555394 0.006729267546371641 0.009908729879303786 0.011995722488401311 0.005738281889399616 0.005928163851577595 0.0 0.00607068936225075 0.006615281327504086
22.0 0.005096030685699014 0.0006726862519928593 0.0034316407174365517 0.000890795569259771 0.0057495861143752125 0.002207016479751766 0.011612173980241954 0.00441580364610229 0.0020763596977445755 0.0022548586455349165 0.0013236409062815048 0.0021245727713852212 0.007216201949236505 0.005664722602933038 0.005907387102629888 0.0018029633450859913 0.004781483231028506 0.006880779365111147 0.0034316407174365517 0.0010251956728947525 0.00607068936225075 0.0 0.0012288153479855582
23.0 0.0053598311077290165 0.001252494274173203 0.003977665150208459 0.001426949124396803 0.006294190358388363 0.00275320193515157 0.011876242834533871 0.004961820579916661 0.0026226399875657344 0.0028009852848315956 0.00041091680744194305 0.0026708665256627026 0.007762048092000594 0.006209314803442253 0.006171446679580397 0.002379921791057644 0.005045113442704102 0.00714528494321733 0.003977665150208459 0.0015551779415959987 0.006615281327504086 0.0012288153479855582 0.0
