0.0 1.0 2.0 3.0 4.0 5.0 6.0 7.0 8.0 9.0 10.0 11.0 12.0 13.0 14.0 15.0 16.0 17.0 18.0 19.0 20.0 21.0 22.0 23.0
1.0 0.0 0.005406907910336994 0.007512451465835056 0.005441660503618078 0.01024956150176973 0.006382784532040896 0.008235177663967584 0.00832398614838377 0.006260572353122798 0.006419637982577433 0.005859714911995893 0.006306847325074983 0.010496181102659624 0.010173159819325355 0.0013174592257514833 0.009662407709552151 0.000919790653565707 0.002043312610548446 0.007512451465835056 0.005515340957429761 0.010501788051105725 0.005417043188191817 0.005757449415643025
2.0 0.005406907910336994 0.0 0.003493685219481903 0.0006658885634608725 0.006512998087925052 0.002320427132219932 0.012878776538511086 0.004312539091004481 0.0021968808109959137 0.002376941524937141 0.0013901672495317116 0.0022354623714386616 0.006485137699904928 0.006438974534127655 0.006030027437561817 0.005686544080231722 0.005108492532530151 0.00669480709973525 0.003493685219481903 0.0008422966290045283 0.006760927315142478 0.0006275430166676971 0.001290271839672676
3.0 0.007512451465835056 0.003493685219481903 0.0 0.003402632968412097 0.006038724550201931 0.0021188454683827096 0.01498064568542968 0.0032362167181672254 0.0020119270079326053 0.0019007588930053214 0.004285229541556309 0.00212162544345822 0.004831774799102391 0.005967316051976455 0.00813271356331529 0.008098540791022325 0.007215981636098299 0.008794016313218717 0.0 0.00336201227890383 0.006277206283556814 0.0035677540147096383 0.004185276987695058
4.0 0.005441660503618078 0.0006658885634608725 0.003402632968412097 0.0 0.006428862267917657 0.002228239545630722 0.012913025073552959 0.004221671194187803 0.0021046633896679478 0.002285274073697314 0.0015177787874519379 0.002143033445229982 0.006394289669293517 0.006354893437757421 0.0060644848745259 0.005692761120472387 0.005143443509293376 0.006728948360102195 0.0034026337493498725 0.0006934591242501037 0.006676691755835823 0.0007912379915107001 0.0014180798067023812
5.0 0.01024956150176973 0.006512998087925052 0.006038724550201931 0.006428862267917657 0.0 0.005345868958175944 0.017715666653424993 0.006754685235247247 0.005226581917943839 0.005212716157647448 0.007288802688412386 0.0053294220118472995 0.008872038446162803 0.0009351280430852597 0.010867279761741632 0.011082500760489927 0.00995487744927439 0.011525125592625368 0.006038724411238632 0.006394753796998385 0.0014063082421178538 0.006583275208565674 0.007188747801357474
6.0 0.006382784532040896 0.002320427132219932 0.0021188454683827096 0.002228239545630722 0.005345868958175944 0.0 0.01385092490922578 0.0029527729834569715 0.0007322995930579652 0.0008952258863504569 0.0031143996847292415 0.0006775359043306589 0.005114575098724806 0.005273081952568221 0.007003183185208541 0.006931641437585363 0.006086207801515134 0.0076647310757584994 0.002118845512139712 0.0021864839665966555 0.00559131873260571 0.0023951265544346727 0.0030144644959597747
7.0 0.008235177663967584 0.012878776538511086 0.01498064568542968 0.012913025073552959 0.017715666653424993 0.01385092490922578 0.0 0.015792277529749398 0.01372909580292657 0.013887865808269785 0.013330605271640695 0.013775280676121387 0.01796369646874331 0.01763925010480982 0.007670941933167471 0.017140729822706847 0.00851174432717325 0.008016197844095347 0.014980643497746067 0.012986093816162624 0.01796782162101018 0.012889363094334083 0.013228391169083635
8.0 0.00832398614838377 0.004312539091004481 0.0032362167181672254 0.004221671194187803 0.006754685235247247 0.0029527729834569715 0.015792277529749398 0.0 0.002842245355001701 0.0027522539112229214 0.005103722821093477 0.002951989639128575 0.0063118392712032505 0.0066833649047762095 0.008944257273522526 0.008916293495462219 0.00802751580541622 0.009605540105351059 0.0032362167455577146 0.004181234814025983 0.006993790521182267 0.004386503139066993 0.005003766621490465
9.0 0.006260572353122798 0.0021968808109959137 0.0020119270079326053 0.0021046633896679478 0.005226581917943839 0.0007322995930579652 0.01372909580292657 0.002842245355001701 0.0 0.000827469707719383 0.002991116261307487 0.0006957873655174425 0.005009419232465156 0.005153739712936967 0.006881130914056805 0.0068077702882911525 0.005963898897033894 0.007542807646798657 0.00201192700436683 0.0020629367926223 0.005472347397002846 0.002271583242400666 0.0028911782758360115
10.0 0.006419637982577433 0.002376941524937141 0.0019007588930053214 0.002285274073697314 0.005212716157647448 0.0008952258863504569 0.013887865808269785 0.0027522539112229214 0.000827469707719383 0.0 0.003169843363022327 0.0009303135353189683 0.004895229823129732 0.0051401288568221175 0.0070400064047666765 0.006985132403879268 0.006123089883662657 0.007701472467146083 0.0019007589321567778 0.0022440543013314707 0.005457478689044195 0.002451350213907094 0.003069899822432047
11.0 0.005859714911995893 0.0013901672495317116 0.004285229541556309 0.0015177787874519379 0.007288802688412386 0.0031143996847292415 0.013330605271640695 0.005103722821093477 0.002991116261307487 0.003169843363022327 0.0 0.003030095303058101 0.007275958329894652 0.007214662425339618 0.006482781294571704 0.006460876141998317 0.005561294633174696 0.007147872197279264 0.004285230379922922 0.0016665082733961006 0.007536911257621553 0.0014014144757564587 0.00043320213292471956
12.0 0.006306847325074983 0.0022354623714386616 0.00212162544345822 0.002143033445229982 0.0053294220118472995 0.0006775359043306589 0.013775280676121387 0.002951989639128575 0.0006957873655174425 0.0009303135353189683 0.003030095303058101 0.0 0.0051182426608783246 0.005256556490124206 0.0069273928531450035 0.006847689626830793 0.00601017798495457 0.007589079956703571 0.002121625414915203 0.002101072696375668 0.0055751717227103745 0.0023102846831346184 0.0029301603087808874
13.0 0.010496181102659624 0.006485137699904928 0.004831774799102391 0.006394289669293517 0.008872038446162803 0.005114575098724806 0.01796369646874331 0.0063118392712032505 0.005009419232465156 0.004895229823129732 0.007275958329894652 0.0051182426608783246 0.0 0.008803679027024409 0.011116131452655399 0.011089616956542106 0.010199904080467056 0.01177715709074759 0.004831774565606151 0.0063538094280889326 0.009091650673131002 0.006559115647091259 0.007176006849449981
14.0 0.010173159819325355 0.006438974534127655 0.005967316051976455 0.006354893437757421 0.0009351280430852597 0.005273081952568221 0.01763925010480982 0.0066833649047762095 0.005153739712936967 0.0051401288568221175 0.007214662425339618 0.005256556490124206 0.008803679027024409 0.0 0.010790850250267 0.011008187273988716 0.009878495776284954 0.011448655192187645 0.005967315850597567 0.006320837992709263 0.0014882107273708894 0.006509221024930788 0.007114605945823707
15.0 0.0013174592257514833 0.006030027437561817 0.00813271356331529 0.0060644848745259 0.010867279761741632 0.007003183185208541 0.007670941933167471 0.008944257273522526 0.006881130914056805 0.0070400064047666765 0.006482781294571704 0.0069273928531450035 0.011116131452655399 0.010790850250267 0.0 0.010288002906370882 0.0016028573589020475 0.001474206164444936 0.008132712656513082 0.0061378392069456125 0.011119511704401903 0.006040382489994647 0.006380538197566789
16.0 0.009662407709552151 0.005686544080231722 0.008098540791022325 0.005692761120472387 0.011082500760489927 0.006931641437585363 0.017140729822706847 0.008916293495462219 0.0068077702882911525 0.006985132403879268 0.006460876141998317 0.006847689626830793 0.011089616956542106 0.011008187273988716 0.010288002906370882 0.0 0.009362510030942512 0.010954519051187682 0.008098540855200316 0.00577057908578189 0.01133105341694551 0.005691648214256312 0.0063606379880192295
17.0 0.000919790653565707 0.005108492532530151 0.007215981636098299 0.005143443509293376 0.00995487744927439 0.006086207801515134 0.00851174432717325 0.00802751580541622 0.005963898897033894 0.006123089883662657 0.005561294633174696 0.00601017798495457 0.010199904080467056 0.009878495776284954 0.0016028573589020475 0.009362510030942512 0.0 0.002318436080532803 0.00721598172188645 0.00521733729072228 0.010207095501673872 0.0051184834757529015 0.0054590133165421904
18.0 0.002043312610548446 0.00669480709973525 0.008794016313218717 0.006728948360102195 0.011525125592625368 0.0076647310757584994 0.008016197844095347 0.009605540105351059 0.007542807646798657 0.007701472467146083 0.007147872197279264 0.007589079956703571 0.01177715709074759 0.011448655192187645 0.001474206164444936 0.010954519051187682 0.002318436080532803 0.0 0.008794015976331398 0.006801975744077584 0.01177739224252063 0.006705366601099108 0.007045649114748111
19.0 0.007512451465835056 0.003493685219481903 0.0 0.0034026337493498725 0.006038724411238632 0.002118845512139712 0.014980643497746067 0.0032362167455577146 0.00201192700436683 0.0019007589321567778 0.004285230379922922 0.002121625414915203 0.004831774565606151 0.005967315850597567 0.008132712656513082 0.008098540855200316 0.00721598172188645 0.008794015976331398 0.0 0.00336201227890383 0.006277206283556814 0.0035677540147096383 0.004185276987695058
20.0 0.005515340957429761 0.0008422966290045283 0.00336201227890383 0.0006934591242501037 0.006394753796998385 0.0021864839665966555 0.012986093816162624 0.004181234814025983 0.0020629367926223 0.0022440543013314707 0.0016665082733961006 0.002101072696375668 0.0063538094280889326 0.006320837992709263 0.0061378392069456125 0.00577057908578189 0.00521733729072228 0.006801975744077584 0.00336201227890383 0.0 0.006642480793198409 0.0009469845938412528 0.0015668729722851504
21.0 0.010501788051105725 0.006760927315142478 0.006277206283556814 0.006676691755835823 0.0014063082421178538 0.00559131873260571 0.01796782162101018 0.006993790521182267 0.005472347397002846 0.005457478689044195 0.007536911257621553 0.0055751717227103745 0.009091650673131002 0.0014882107273708894 0.011119511704401903 0.01133105341694551 0.010207095501673872 0.01177739224252063 0.006277206283556814 0.006642480793198409 0.0 0.006831262964982863 0.007436858322589364
22.0 0.005417043188191817 0.0006275430166676971 0.0035677540147096383 0.0007912379915107001 0.006583275208565674 0.0023951265544346727 0.012889363094334083 0.004386503139066993 0.002271583242400666 0.002451350213907094 0.0014014144757564587 0.0023102846831346184 0.006559115647091259 0.006509221024930788 0.006040382489994647 0.005691648214256312 0.0051184834757529015 0.006705366601099108 0.0035677540147096383 0.0009469845938412528 0.006831262964982863 0.0 0.0013012146080910812
23.0 0.005757449415643025 0.001290271839672676 0.004185276987695058 0.0014180798067023812 0.007188747801357474 0.0030144644959597747 0.013228391169083635 0.005003766621490465 0.0028911782758360115 0.003069899822432047 0.00043320213292471956 0.0029301603087808874 0.007176006849449981 0.007114605945823707 0.006380538197566789 0.0063606379880192295 0.0054590133165421904 0.007045649114748111 0.004185276987695058 0.0015668729722851504 0.007436858322589364 0.0013012146080910812 0.0
