0.0 1.0 2.0 3.0 4.0 5.0 6.0 7.0 8.0 9.0 10.0 11.0 12.0 13.0 14.0 15.0 16.0 17.0 18.0 19.0 20.0 21.0 22.0 23.0
1.0 0.0 0.4614988797200158 0.5852177236886251 0.45730071700504504 0.6637358264488863 0.5305461656389505 0.610305281414976 0.6014055103751471 0.5243922995167069 0.5337011380556641 0.47600372405620406 0.5266818812118239 0.6558196674256511 0.6580548830401489 0.44229984465577193 0.5722190339723117 0.34710141739121037 0.48199800304113644 0.5852177236886251 0.4618534507380514 0.6674343771356541 0.46428138054498064 0.4688052737479957
2.0 0.4614988797200158 0.0 0.2649444044190009 0.060034171663589486 0.36739380987674364 0.20424551458745532 0.6809293159638964 0.282217266535168 0.198153120301653 0.20971587714834372 0.11184534822679304 0.19941389931893694 0.33672587294339884 0.362487571555119 0.5391155573678115 0.20095985261735905 0.42867219879050733 0.5431627768268654 0.2649444044190009 0.07332732657018493 0.36895265888591733 0.05907639338987186 0.1049139159763362
3.0 0.5852177236886251 0.2649444044190009 0.0 0.25344663206580664 0.28591036335189524 0.137117145880154 0.8020721598237418 0.14780005810183916 0.129885548499018 0.12002257967126029 0.30690951860911675 0.13785061040166924 0.15296196031150244 0.28270222297127434 0.659363781927673 0.3728217821537825 0.5561839073291615 0.6609533829513814 0.0 0.2516715815402012 0.2820246028865585 0.269260760756488 0.30003343369421337
4.0 0.45730071700504504 0.060034171663589486 0.25344663206580664 0.0 0.3567917079172237 0.1924730832746373 0.676323918691247 0.270770450182399 0.1864026056037401 0.19806242168955535 0.11324016680198434 0.18760084702404778 0.32526690087138754 0.35191370439302294 0.5345757817233667 0.19675144105591458 0.42478828619301345 0.5384591838562034 0.25344650569729543 0.05483141508491163 0.3582704771551397 0.06871656779339014 0.10642692329353903
5.0 0.6637358264488863 0.36739380987674364 0.28591036335189524 0.3567917079172237 0.0 0.27265001575698755 0.8809432908692599 0.2958961996551793 0.2648691266248516 0.2635781865896818 0.4073418979859399 0.2717356158898465 0.34509482966625393 0.07333908767067376 0.7370923331271657 0.47319361424381845 0.6359677676823 0.7376728803627566 0.2859103329988747 0.3558923203711325 0.10654659615922346 0.37137815970300087 0.40043250225817134
6.0 0.5305461656389505 0.20424551458745532 0.137117145880154 0.1924730832746373 0.27265001575698755 0.0 0.7473477247818013 0.1565944788492386 0.057700649726692754 0.07097046033908616 0.246771875413347 0.05269525448354839 0.2110957572077552 0.26862928531065755 0.6048861232592968 0.3129067552956025 0.501214983446792 0.606707387351179 0.13711711842964136 0.19041514711976215 0.2716801126050332 0.20866823363568193 0.23990450571786343
7.0 0.610305281414976 0.6809293159638964 0.8020721598237418 0.676323918691247 0.8809432908692599 0.7473477247818013 0.0 0.8183387517598751 0.7413155105825896 0.7505377494136677 0.6958981123287831 0.7435620003991141 0.8726012650092605 0.8752811974450014 0.5267186873603755 0.7925113667594861 0.6479164944843785 0.5638688508961638 0.8020721847743664 0.680473198588198 0.884580065410107 0.6838990530096289 0.6887504285285553
8.0 0.6014055103751471 0.282217266535168 0.14780005810183916 0.270770450182399 0.2958961996551793 0.1565944788492386 0.8183387517598751 0.0 0.14893287884661766 0.14092895508465486 0.32411952415245815 0.15695898850175694 0.22704024519321497 0.2924920238749028 0.6755466857946388 0.3898922287288439 0.5724139085945004 0.677093636721046 0.1478000687269987 0.269053459846449 0.29315303035734974 0.28650960156580324 0.31724104051288254
9.0 0.5243922995167069 0.198153120301653 0.129885548499018 0.1864026056037401 0.2648691266248516 0.057700649726692754 0.7413155105825896 0.14893287884661766 0.0 0.06603186683717566 0.24074440629672744 0.05452376339707643 0.20415117455944265 0.26082134490520803 0.5987850893427928 0.30659083927932196 0.4950406898240409 0.6006045063534227 0.12988552816878574 0.184389179680162 0.2640129751044161 0.2025570205888027 0.23387503970605278
10.0 0.5337011380556641 0.20971587714834372 0.12002257967126029 0.19806242168955535 0.2635781865896818 0.07097046033908616 0.7505377494136677 0.14092895508465486 0.06603186683717566 0.0 0.2520288268368215 0.07370495085585616 0.19459115886764333 0.25969437441153886 0.607977187772917 0.31798239644496373 0.5044760524158838 0.6097136769724663 0.12002256432297276 0.19613361994893874 0.2621602076353169 0.2140898363594192 0.24515770634543393
11.0 0.47600372405620406 0.11184534822679304 0.30690951860911675 0.11324016680198434 0.4073418979859399 0.246771875413347 0.6958981123287831 0.32411952415245815 0.24074440629672744 0.2520288268368215 0.0 0.24208723800670173 0.3785405894075369 0.40237572157803014 0.5544374225507189 0.2498814817995314 0.44226993733600695 0.5591562159504697 0.30690939496543035 0.12261506396861932 0.4090617807984296 0.11652752907836156 0.03502105564356167
12.0 0.5266818812118239 0.19941389931893694 0.13785061040166924 0.18760084702404778 0.2717356158898465 0.05269525448354839 0.7435620003991141 0.15695898850175694 0.05452376339707643 0.07370495085585616 0.24208723800670173 0.0 0.21186945946408697 0.2676721086721785 0.6010889723736488 0.3081078028313906 0.49729066895891805 0.6029441991326903 0.13785058240282466 0.18551333259352198 0.2709118200740026 0.20384615918102406 0.2352201261343086
13.0 0.6558196674256511 0.33672587294339884 0.15296196031150244 0.32526690087138754 0.34509482966625393 0.2110957572077552 0.8726012650092605 0.22704024519321497 0.20415117455944265 0.19459115886764333 0.3785405894075369 0.21186945946408697 0.0 0.3423707232957478 0.7298877861039279 0.44460265197124316 0.6268630352210824 0.7314290823795411 0.15296197856033245 0.32352055648383304 0.3392139520013544 0.3410339993181754 0.3716641619115842
14.0 0.6580548830401489 0.362487571555119 0.28270222297127434 0.35191370439302294 0.07333908767067376 0.26862928531065755 0.8752811974450014 0.2924920238749028 0.26082134490520803 0.25969437441153886 0.40237572157803014 0.2676721086721785 0.3423707232957478 0.0 0.7313880790397012 0.46821807174317165 0.6303276696236126 0.7319349511722921 0.282702199394983 0.3510425196819955 0.11461685955041279 0.3664610947865045 0.39546527953379856
15.0 0.44229984465577193 0.5391155573678115 0.659363781927673 0.5345757817233667 0.7370923331271657 0.6048861232592968 0.5267186873603755 0.6755466857946388 0.5987850893427928 0.607977187772917 0.5544374225507189 0.6010889723736488 0.7298877861039279 0.7313880790397012 0.0 0.6500167996982626 0.48993411866748104 0.4203109264006936 0.6593638270852953 0.5388107932270161 0.7408497287418065 0.5420114956378574 0.5472765801915143
16.0 0.5722190339723117 0.20095985261735905 0.3728217821537825 0.19675144105591458 0.47319361424381845 0.3129067552956025 0.7925113667594861 0.3898922287288439 0.30659083927932196 0.31798239644496373 0.2498814817995314 0.3081078028313906 0.44460265197124316 0.46821807174317165 0.6500167996982626 0.0 0.5394765542777904 0.653817572723093 0.3728216635567019 0.20407637091969555 0.47496319103522144 0.20015008866112255 0.2429116590335038
17.0 0.34710141739121037 0.42867219879050733 0.5561839073291615 0.42478828619301345 0.6359677676823 0.501214983446792 0.6479164944843785 0.5724139085945004 0.4950406898240409 0.5044760524158838 0.44226993733600695 0.49729066895891805 0.6268630352210824 0.6303276696236126 0.48993411866748104 0.5394765542777904 0.0 0.5145115887057294 0.556183844282315 0.4296213037355392 0.6395565188660937 0.4313672431068966 0.43503812048468754
18.0 0.48199800304113644 0.5431627768268654 0.6609533829513814 0.5384591838562034 0.7376728803627566 0.606707387351179 0.5638688508961638 0.677093636721046 0.6006045063534227 0.6097136769724663 0.5591562159504697 0.6029441991326903 0.7314290823795411 0.7319349511722921 0.4203109264006936 0.653817572723093 0.5145115887057294 0.0 0.6609534315080821 0.5425534463098847 0.7415222676104558 0.5460849974889419 0.5520098786181313
19.0 0.5852177236886251 0.2649444044190009 0.0 0.25344650569729543 0.2859103329988747 0.13711711842964136 0.8020721847743664 0.1478000687269987 0.12988552816878574 0.12002256432297276 0.30690939496543035 0.13785058240282466 0.15296197856033245 0.282702199394983 0.6593638270852953 0.3728216635567019 0.556183844282315 0.6609534315080821 0.0 0.2516715815402012 0.2820246028865585 0.269260760756488 0.30003343369421337
20.0 0.4618534507380514 0.07332732657018493 0.2516715815402012 0.05483141508491163 0.3558923203711325 0.19041514711976215 0.680473198588198 0.269053459846449 0.184389179680162 0.19613361994893874 0.12261506396861932 0.18551333259352198 0.32352055648383304 0.3510425196819955 0.5388107932270161 0.20407637091969555 0.4296213037355392 0.5425534463098847 0.2516715815402012 0.0 0.357289810118816 0.08056773001412526 0.11585242346405517
21.0 0.6674343771356541 0.36895265888591733 0.2820246028865585 0.3582704771551397 0.10654659615922346 0.2716801126050332 0.884580065410107 0.29315303035734974 0.2640129751044161 0.2621602076353169 0.4090617807984296 0.2709118200740026 0.3392139520013544 0.11461685955041279 0.7408497287418065 0.47496319103522144 0.6395565188660937 0.7415222676104558 0.2820246028865585 0.357289810118816 0.0 0.3729685602500938 0.4021558167868626
22.0 0.46428138054498064 0.05907639338987186 0.269260760756488 0.06871656779339014 0.37137815970300087 0.20866823363568193 0.6838990530096289 0.28650960156580324 0.2025570205888027 0.2140898363594192 0.11652752907836156 0.20384615918102406 0.3410339993181754 0.3664610947865045 0.5420114956378574 0.20015008866112255 0.4313672431068966 0.5460849974889419 0.269260760756488 0.08056773001412526 0.3729685602500938 0.0 0.10954464262756797
23.0 0.4688052737479957 0.1049139159763362 0.30003343369421337 0.10642692329353903 0.40043250225817134 0.23990450571786343 0.6887504285285553 0.31724104051288254 0.23387503970605278 0.24515770634543393 0.03502105564356167 0.2352201261343086 0.3716641619115842 0.39546527953379856 0.5472765801915143 0.2429116590335038 0.43503812048468754 0.5520098786181313 0.30003343369421337 0.11585242346405517 0.4021558167868626 0.10954464262756797 0.0
