0.0 1.0 2.0 3.0 4.0 5.0 6.0 7.0 8.0 9.0 10.0 11.0 12.0 13.0 14.0 15.0 16.0 17.0 18.0 19.0 20.0 21.0 22.0 23.0
1.0 0.0 0.008569628560787593 0.010723744233764458 0.008600540863144584 0.01261138315512618 0.00978923580582498 0.01468556466577502 0.011562175166893021 0.009664012062780687 0.009815475329092941 0.008963504561446154 0.009721858241494827 0.013295004461160519 0.012465099269505744 0.0044869715468547015 0.011496190191167384 0.003914471929507596 0.005891193669666263 0.010723744233764458 0.008684065554129039 0.012964822267912283 0.00855250779533143 0.008850884058246262
2.0 0.008569628560787593 0.0 0.004060252348378231 0.0007001748922276438 0.006907384581803604 0.003043935451174453 0.01933750878813056 0.004914898761750736 0.0029188279661913202 0.003107233317640984 0.0014710626768358742 0.002961525456446616 0.006651596900269653 0.006770645415497333 0.009259813659084992 0.0039194299407856355 0.00822612873625131 0.010328182873107376 0.004060252348378231 0.0008718124197895534 0.007243595485267956 0.0006625503804085289 0.0013608414957258473
3.0 0.010723744233764458 0.004060252348378231 0.0 0.003970737301217124 0.0060758826610644925 0.0019943076878942024 0.021414734545945006 0.0029151099897543192 0.0018793129364541947 0.0017514588349347507 0.004829627871960757 0.001997010664744246 0.004142383278869455 0.005946554150189971 0.01133471079043018 0.006967314709668507 0.010446930014018346 0.012369808657522803 0.0 0.0039474451673147115 0.006393600233660451 0.004095973335525187 0.004719220201044927
4.0 0.008600540863144584 0.0007001748922276438 0.003970737301217124 0.0 0.006833844119630835 0.0029527376673856194 0.01936398775503968 0.004825679692473151 0.002827691561938116 0.0030168586525844143 0.001567374164280974 0.0028700036455031226 0.006562407967223703 0.006697256761362867 0.00928659544460268 0.0039319556046665885 0.008260401574530559 0.010353337241909837 0.003970737196369397 0.0007006721157828098 0.007169773573332816 0.0008034185799292038 0.001457351354988208
5.0 0.01261138315512618 0.006907384581803604 0.0060758826610644925 0.006833844119630835 0.0 0.005453821921663538 0.023246254725105813 0.006844930949766952 0.005321580839171319 0.005354407312849117 0.007636867247169405 0.0054262123185907125 0.008520446723929726 0.0009391949434572906 0.013157988014029997 0.009796190992767698 0.012390657578638407 0.014164518419999682 0.006075881994688307 0.006825516425884744 0.0014347019070204518 0.006935046977955606 0.007526228498467017
6.0 0.00978923580582498 0.003043935451174453 0.0019943076878942024 0.0029527376673856194 0.005453821921663538 0.0 0.020484759228084414 0.0028695062331327535 0.0007394589670544106 0.0009280163131374225 0.003816951543493324 0.0006779030858208874 0.004598915358145661 0.005321911253151318 0.01040549239659031 0.005954168723121746 0.00950775685835457 0.011442940465632368 0.001994307910785498 0.002927731156887301 0.005780847330811821 0.003080547686633916 0.0037065667225297146
7.0 0.01468556466577502 0.01933750878813056 0.021414734545945006 0.01936398775503968 0.023246254725105813 0.020484759228084414 0.0 0.0222523588962638 0.020360002566578276 0.020509042955336048 0.019744883758359987 0.020418578394931764 0.02398423424112204 0.023099447068842316 0.011654219516980554 0.022260569521424786 0.015499189320722879 0.013724953275162377 0.021414734765196022 0.019443548039398986 0.023600542555640126 0.019322281432918576 0.0196324774778274
8.0 0.011562175166893021 0.004914898761750736 0.0029151099897543192 0.004825679692473151 0.006844930949766952 0.0028695062331327535 0.0222523588962638 0.0 0.002751179882101367 0.002644748320201073 0.005683618614844812 0.0028689411482045978 0.0056057682711710514 0.006715797974455109 0.012172115798300154 0.007821478048128123 0.011286294212298903 0.013206744161406554 0.0029151099495975507 0.004802680908034091 0.007162925581697989 0.004950463418192667 0.0055732057449201615
9.0 0.009664012062780687 0.0029188279661913202 0.0018793129364541947 0.002827691561938116 0.005321580839171319 0.0007394589670544106 0.020360002566578276 0.002751179882101367 0.0 0.0008490021617193963 0.0036919758725232933 0.0006996542577315835 0.004485300154560536 0.005189572375251764 0.01028042956731739 0.005828556545041264 0.00938252648463576 0.011317889497038068 0.0018793131395569273 0.00280281289680117 0.0056490327217126775 0.0029553871837507753 0.003581586069192653
10.0 0.009815475329092941 0.003107233317640984 0.0017514588349347507 0.0030168586525844143 0.005354407312849117 0.0009280163131374225 0.020509042955336048 0.002644748320201073 0.0008490021617193963 0.0 0.003878582566037358 0.0009589282508692676 0.00435609072239166 0.005222983774467713 0.01042938289518199 0.006015689884477957 0.009536093164170655 0.011465778101189004 0.001751459086674666 0.002992720686534351 0.005680001534345183 0.0031434011625780297 0.0037681862090481032
11.0 0.008963504561446154 0.0014710626768358742 0.004829627871960757 0.001567374164280974 0.007636867247169405 0.003816951543493324 0.019744883758359987 0.005683618614844812 0.0036919758725232933 0.003878582566037358 0.0 0.003735371463569958 0.007419931580495323 0.007499761781494807 0.009667750514973658 0.004670971511957535 0.008607902505874853 0.010741903054954711 0.004829627578784712 0.0017082192918115614 0.007973730544210189 0.0014767224858776573 0.0004287998544058799
12.0 0.009721858241494827 0.002961525456446616 0.001997010664744246 0.0028700036455031226 0.0054262123185907125 0.0006779030858208874 0.020418578394931764 0.0028689411482045978 0.0006996542577315835 0.0009589282508692676 0.003735371463569958 0.0 0.004602056022401282 0.005294139037006301 0.010339202499670191 0.00587225201728276 0.009439527057041316 0.011377084810378746 0.0019970108689556076 0.0028446966654558873 0.0057537266115553695 0.0029982986069390476 0.0036249877175372133
13.0 0.013295004461160519 0.006651596900269653 0.004142383278869455 0.006562407967223703 0.008520446723929726 0.004598915358145661 0.02398423424112204 0.0056057682711710514 0.004485300154560536 0.00435609072239166 0.007419931580495323 0.004602056022401282 0.0 0.008395373225603416 0.013904425230899546 0.009558569570242821 0.01301936905076427 0.014938912548109192 0.0041423835966863855 0.006539381817249956 0.00882036808989687 0.00668717289449542 0.007309525110108427
14.0 0.012465099269505744 0.006770645415497333 0.005946554150189971 0.006697256761362867 0.0009391949434572906 0.005321911253151318 0.023099447068842316 0.006715797974455109 0.005189572375251764 0.005222983774467713 0.007499761781494807 0.005294139037006301 0.008395373225603416 0.0 0.013011067301783521 0.00965927964547076 0.012244939012310729 0.014017307948247223 0.005946553843010271 0.006689073427290554 0.0015438291135891832 0.006798231007859101 0.007389115745586629
15.0 0.0044869715468547015 0.009259813659084992 0.01133471079043018 0.00928659544460268 0.013157988014029997 0.01040549239659031 0.011654219516980554 0.012172115798300154 0.01028042956731739 0.01042938289518199 0.009667750514973658 0.010339202499670191 0.013904425230899546 0.013011067301783521 0.0 0.012181602284547864 0.005320685663556725 0.0037540540497436395 0.01133471254441064 0.009366521727044878 0.013512536984616505 0.00924432966666969 0.009555295312675634
16.0 0.011496190191167384 0.0039194299407856355 0.006967314709668507 0.0039319556046665885 0.009796190992767698 0.005954168723121746 0.022260569521424786 0.007821478048128123 0.005828556545041264 0.006015689884477957 0.004670971511957535 0.00587225201728276 0.009558569570242821 0.00965927964547076 0.012181602284547864 0.0 0.011157446707131844 0.01324792641480841 0.006967314372340617 0.004031215696346412 0.010132786213706963 0.0038817035181003857 0.004560187897294395
17.0 0.003914471929507596 0.00822612873625131 0.010446930014018346 0.008260401574530559 0.012390657578638407 0.00950775685835457 0.015499189320722879 0.011286294212298903 0.00938252648463576 0.009536093164170655 0.008607902505874853 0.009439527057041316 0.01301936905076427 0.012244939012310729 0.005320685663556725 0.011157446707131844 0.0 0.006630072288090202 0.010446927473599833 0.00834680373565026 0.012743082008273437 0.008207739404345347 0.00849515647332199
18.0 0.005891193669666263 0.010328182873107376 0.012369808657522803 0.010353337241909837 0.014164518419999682 0.011442940465632368 0.013724953275162377 0.013206744161406554 0.011317889497038068 0.011465778101189004 0.010741903054954711 0.011377084810378746 0.014938912548109192 0.014017307948247223 0.0037540540497436395 0.01324792641480841 0.006630072288090202 0.0 0.012369811024498032 0.010431860293387076 0.014519581968084325 0.010313327155424008 0.01062950371380179
19.0 0.010723744233764458 0.004060252348378231 0.0 0.003970737196369397 0.006075881994688307 0.001994307910785498 0.021414734765196022 0.0029151099495975507 0.0018793131395569273 0.001751459086674666 0.004829627578784712 0.0019970108689556076 0.0041423835966863855 0.005946553843010271 0.01133471254441064 0.006967314372340617 0.010446927473599833 0.012369811024498032 0.0 0.0039474451673147115 0.006393600233660451 0.004095973335525187 0.004719220201044927
20.0 0.008684065554129039 0.0008718124197895534 0.0039474451673147115 0.0007006721157828098 0.006825516425884744 0.002927731156887301 0.019443548039398986 0.004802680908034091 0.00280281289680117 0.002992720686534351 0.0017082192918115614 0.0028446966654558873 0.006539381817249956 0.006689073427290554 0.009366521727044878 0.004031215696346412 0.00834680373565026 0.010431860293387076 0.0039474451673147115 0.0 0.007161177168355508 0.0009530762919132373 0.0015982661883284788
21.0 0.012964822267912283 0.007243595485267956 0.006393600233660451 0.007169773573332816 0.0014347019070204518 0.005780847330811821 0.023600542555640126 0.007162925581697989 0.0056490327217126775 0.005680001534345183 0.007973730544210189 0.0057537266115553695 0.00882036808989687 0.0015438291135891832 0.013512536984616505 0.010132786213706963 0.012743082008273437 0.014519581968084325 0.006393600233660451 0.007161177168355508 0.0 0.007271404035866055 0.007863092362893426
22.0 0.00855250779533143 0.0006625503804085289 0.004095973335525187 0.0008034185799292038 0.006935046977955606 0.003080547686633916 0.019322281432918576 0.004950463418192667 0.0029553871837507753 0.0031434011625780297 0.0014767224858776573 0.0029982986069390476 0.00668717289449542 0.006798231007859101 0.00924432966666969 0.0038817035181003857 0.008207739404345347 0.010313327155424008 0.004095973335525187 0.0009530762919132373 0.007271404035866055 0.0 0.00136616840115307
23.0 0.008850884058246262 0.0013608414957258473 0.004719220201044927 0.001457351354988208 0.007526228498467017 0.0037065667225297146 0.0196324774778274 0.0055732057449201615 0.003581586069192653 0.0037681862090481032 0.0004287998544058799 0.0036249877175372133 0.007309525110108427 0.007389115745586629 0.009555295312675634 0.004560187897294395 0.00849515647332199 0.01062950371380179 0.004719220201044927 0.0015982661883284788 0.007863092362893426 0.00136616840115307 0.0
