0.0 1.0 2.0 3.0 4.0 5.0 6.0 7.0 8.0 9.0 10.0 11.0 12.0 13.0 14.0 15.0 16.0 17.0 18.0 19.0 20.0 21.0 22.0 23.0
1.0 0.0 0.0051475385730239106 0.0070279428682608995 0.005159937089143918 0.0079703759385785 0.006173847584863473 0.005871791368810598 0.007527648383303359 0.00606175831816823 0.0062038622569132555 0.0054821635201996646 0.006109388872007017 0.008762402381058382 0.00782963427012622 0.0032140196324620934 0.005608470277725444 0.0021770820598045358 0.003539121047035948 0.0070279428682608995 0.005238991101881685 0.008258747100286366 0.005154029130143865 0.005386045489619447
2.0 0.0051475385730239106 0.0 0.003459962446378433 0.000690079621540645 0.004944429892750674 0.0025369645696512906 0.008672061726329977 0.003974596957023433 0.002424960885182353 0.002596348989752934 0.0013729222090051816 0.0024600065720738837 0.005212106017079016 0.004811581516462828 0.006203566042595912 0.0014512460237540055 0.0048526038166747405 0.006195675177534945 0.003459962446378433 0.000855023137279272 0.005214117215016328 0.0006580743952625057 0.001279515122101605
3.0 0.0070279428682608995 0.003459962446378433 0.0 0.0033783665503928813 0.00451163552907796 0.001901426632340976 0.010505634053066894 0.002436650086502748 0.0017959169758568014 0.0016699390121298844 0.004121166902275196 0.0019065757129243157 0.003071029463491432 0.004391435506806271 0.008041690397556254 0.0038992896182401017 0.006770948407851494 0.008008642890578909 0.0 0.003372926258388584 0.004742663491550005 0.0034961627290209414 0.00402758035984293
4.0 0.005159937089143918 0.000690079621540645 0.0033783665503928813 0.0 0.0048777427364371465 0.0024530363222018473 0.008680982504329799 0.0038934640748245295 0.0023411522977630096 0.002513508904754958 0.0014495825405591994 0.002375663812855845 0.005130959638771578 0.0047451035610682635 0.006213203537098103 0.001445931508996497 0.004867378378726006 0.006203818674849429 0.003378364871380303 0.000687677479401157 0.005146916554885772 0.000790905288218912 0.001356567639222559
5.0 0.0079703759385785 0.004944429892750674 0.00451163552907796 0.0048777427364371465 0.0 0.003987028062173192 0.011423615518106871 0.004938738319514479 0.0038659924459785566 0.0038967543608304633 0.005570166840061307 0.003959981031783749 0.006120897928595022 0.0009372702383332789 0.008957205029284975 0.0053619500041452335 0.007739153796497491 0.008906450245285878 0.004511635525642044 0.004887110744395194 0.0014144625266185266 0.004974209982472812 0.0054762745303022905
6.0 0.006173847584863473 0.0025369645696512906 0.001901426632340976 0.0024530363222018473 0.003987028062173192 0.0 0.00965448938069778 0.0024435013051247838 0.0007368707858097685 0.0009132645850602828 0.0032029321311147878 0.0006758206340352667 0.0036744213659739983 0.0038613677674813954 0.00719085930459871 0.002981019537936079 0.005913706966942667 0.007159955653564132 0.0019014265391108474 0.0024451075213001413 0.004238519130177193 0.0025742370065448064 0.0031093883845524648
7.0 0.005871791368810598 0.008672061726329977 0.010505634053066894 0.008680982504329799 0.011423615518106871 0.00965448938069778 0.0 0.011004877058603275 0.00954297868520223 0.009683349560855318 0.009017437450509657 0.009591006054516427 0.012238717837677916 0.011282558793479074 0.004977684310707064 0.009130935524464059 0.006290693019075005 0.005150966356779888 0.010505635214595983 0.008756813210672666 0.011712645831821876 0.008679689345186802 0.008921563580541903
8.0 0.007527648383303359 0.003974596957023433 0.002436650086502748 0.0038934640748245295 0.004938738319514479 0.0024435013051247838 0.011004877058603275 0.0 0.002334110387021939 0.0022305908030445815 0.004634903627699572 0.0024447160247432 0.0042901154290904825 0.004818204840557876 0.008540743806781626 0.004412978102508841 0.007271328940192106 0.008507232277083492 0.002436651378237377 0.0038885249001692586 0.005173302014678662 0.0040105804315952315 0.00454130593706437
9.0 0.00606175831816823 0.002424960885182353 0.0017959169758568014 0.0023411522977630096 0.0038659924459785566 0.0007368707858097685 0.00954297868520223 0.002334110387021939 0.0 0.0008425637847987036 0.003091242135400369 0.0006975682239119575 0.0035707998777609086 0.0037401313642405603 0.007078983727321617 0.0028681339393080985 0.005801555694969309 0.0070481125609217305 0.0017959170431078135 0.0023334808589151965 0.0041183562935430545 0.002462130518152984 0.002997689949973269
10.0 0.0062038622569132555 0.002596348989752934 0.0016699390121298844 0.002513508904754958 0.0038967543608304633 0.0009132645850602828 0.009683349560855318 0.0022305908030445815 0.0008425637847987036 0.0 0.0032602883808979955 0.0009466265173199793 0.003446303902759743 0.003772057984454317 0.007219535854258408 0.003037911975617631 0.005945033795830618 0.007187739073845807 0.0016699390363407 0.0025067899790847175 0.004145079842459223 0.0026331052840671693 0.0031667245659817425
11.0 0.0054821635201996646 0.0013729222090051816 0.004121166902275196 0.0014495825405591994 0.005570166840061307 0.0032029321311147878 0.009017437450509657 0.004634903627699572 0.003091242135400369 0.0032602883808979955 0.0 0.0031271350053046904 0.005871817437172728 0.005436839636315914 0.006548617169054279 0.0021355889575512283 0.005177390750533185 0.006547083442845338 0.004121166065256789 0.0015808212560394818 0.00584095363592857 0.001402818539121129 0.00042259733522695495
12.0 0.006109388872007017 0.0024600065720738837 0.0019065757129243157 0.002375663812855845 0.003959981031783749 0.0006758206340352667 0.009591006054516427 0.0024447160247432 0.0006975682239119575 0.0009466265173199793 0.0031271350053046904 0.0 0.00367979195553202 0.003833994409184362 0.007127142752380406 0.0029046075891922176 0.005848644695746002 0.007096640531983524 0.0019065756164376012 0.002367363235707235 0.0042125665402172364 0.0024974415146723564 0.003033595431575018
13.0 0.008762402381058382 0.005212106017079016 0.003071029463491432 0.005130959638771578 0.006120897928595022 0.0036744213659739983 0.012238717837677916 0.0042901154290904825 0.0035707998777609086 0.003446303902759743 0.005871817437172728 0.00367979195553202 0.0 0.006006836817489928 0.00977506444413862 0.0056512258807080145 0.00850630253595202 0.0097414127140497 0.0030710275306470736 0.005125896886520739 0.006326121180491872 0.005248151052939874 0.005778230351430152
14.0 0.00782963427012622 0.004811581516462828 0.004391435506806271 0.0047451035610682635 0.0009372702383332789 0.0038613677674813954 0.011282558793479074 0.004818204840557876 0.0037401313642405603 0.003772057984454317 0.005436839636315914 0.003833994409184362 0.006006836817489928 0.0 0.008816080268111526 0.005228786218991463 0.007598789295256209 0.008765064010611043 0.00439143546697315 0.004754683281055526 0.0015096428761680637 0.004841269906884063 0.005342942563425064
15.0 0.0032140196324620934 0.006203566042595912 0.008041690397556254 0.006213203537098103 0.008957205029284975 0.00719085930459871 0.004977684310707064 0.008540743806781626 0.007078983727321617 0.007219535854258408 0.006548617169054279 0.007127142752380406 0.00977506444413862 0.008816080268111526 0.0 0.006661039840312966 0.0036888859923624425 0.003139414471835556 0.008041692055019395 0.006289826258950924 0.009246445040526585 0.006210784487329264 0.006452667689500833
16.0 0.005608470277725444 0.0014512460237540055 0.0038992896182401017 0.001445931508996497 0.0053619500041452335 0.002981019537936079 0.009130935524464059 0.004412978102508841 0.0028681339393080985 0.003037911975617631 0.0021355889575512283 0.0029046075891922176 0.0056512258807080145 0.005228786218991463 0.006661039840312966 0.0 0.00531750215820223 0.006650668055145285 0.003899288130148011 0.001536260491504072 0.005632505559985136 0.0014341914100536625 0.0020416543929135033
17.0 0.0021770820598045358 0.0048526038166747405 0.006770948407851494 0.004867378378726006 0.007739153796497491 0.005913706966942667 0.006290693019075005 0.007271328940192106 0.005801555694969309 0.005945033795830618 0.005177390750533185 0.005848644695746002 0.00850630253595202 0.007598789295256209 0.0036888859923624425 0.00531750215820223 0.0 0.0038868025120828605 0.006770945253251764 0.004948454725884619 0.008026644432637176 0.004858553933453882 0.005081133868891687
18.0 0.003539121047035948 0.006195675177534945 0.008008642890578909 0.006203818674849429 0.008906450245285878 0.007159955653564132 0.005150966356779888 0.008507232277083492 0.0070481125609217305 0.007187739073845807 0.006547083442845338 0.007096640531983524 0.0097414127140497 0.008765064010611043 0.003139414471835556 0.006650668055145285 0.0038868025120828605 0.0 0.00800864459187348 0.006279166717797974 0.009196297693980348 0.006203224540963694 0.0064512113286307295
19.0 0.0070279428682608995 0.003459962446378433 0.0 0.003378364871380303 0.004511635525642044 0.0019014265391108474 0.010505635214595983 0.002436651378237377 0.0017959170431078135 0.0016699390363407 0.004121166065256789 0.0019065756164376012 0.0030710275306470736 0.00439143546697315 0.008041692055019395 0.003899288130148011 0.006770945253251764 0.00800864459187348 0.0 0.003372926258388584 0.004742663491550005 0.0034961627290209414 0.00402758035984293
20.0 0.005238991101881685 0.000855023137279272 0.003372926258388584 0.000687677479401157 0.004887110744395194 0.0024451075213001413 0.008756813210672666 0.0038885249001692586 0.0023334808589151965 0.0025067899790847175 0.0015808212560394818 0.002367363235707235 0.005125896886520739 0.004754683281055526 0.006289826258950924 0.001536260491504072 0.004948454725884619 0.006279166717797974 0.003372926258388584 0.0 0.005155751424392875 0.0009346249263046261 0.0014879604674962396
21.0 0.008258747100286366 0.005214117215016328 0.004742663491550005 0.005146916554885772 0.0014144625266185266 0.004238519130177193 0.011712645831821876 0.005173302014678662 0.0041183562935430545 0.004145079842459223 0.00584095363592857 0.0042125665402172364 0.006326121180491872 0.0015096428761680637 0.009246445040526585 0.005632505559985136 0.008026644432637176 0.009196297693980348 0.004742663491550005 0.005155751424392875 0.0 0.005244129416784114 0.005747074512004292
22.0 0.005154029130143865 0.0006580743952625057 0.0034961627290209414 0.000790905288218912 0.004974209982472812 0.0025742370065448064 0.008679689345186802 0.0040105804315952315 0.002462130518152984 0.0026331052840671693 0.001402818539121129 0.0024974415146723564 0.005248151052939874 0.004841269906884063 0.006210784487329264 0.0014341914100536625 0.004858553933453882 0.006203224540963694 0.0034961627290209414 0.0009346249263046261 0.005244129416784114 0.0 0.001309038950782086
23.0 0.005386045489619447 0.001279515122101605 0.00402758035984293 0.001356567639222559 0.0054762745303022905 0.0031093883845524648 0.008921563580541903 0.00454130593706437 0.002997689949973269 0.0031667245659817425 0.00042259733522695495 0.003033595431575018 0.005778230351430152 0.005342942563425064 0.006452667689500833 0.0020416543929135033 0.005081133868891687 0.0064512113286307295 0.00402758035984293 0.0014879604674962396 0.005747074512004292 0.001309038950782086 0.0
