0.0 1.0 2.0 3.0 4.0 5.0 6.0 7.0 8.0 9.0 10.0 11.0 12.0 13.0 14.0 15.0
1.0 0.0 0.004457376264913338 0.0035819789621889266 0.002424573791392633 0.0019802208872257703 0.0017229029619519678 0.0027152220322567058 0.0021468006328021483 0.0017584950328016677 0.003983539226027958 0.028418221063310947 0.001474374948008925 0.0017983734095393228 0.003951746455247332 0.002218226331929216
2.0 0.004457376264913338 0.0 0.006196219442475103 0.004665427307885816 0.00422983846261619 0.004680558327386437 0.004942210785517337 0.004390797760268752 0.0042173355146192006 0.006226743279731939 0.03065876013452356 0.00421382481415997 0.003927129067277664 0.006194830878353031 0.00446589162862919
3.0 0.0035819789621889266 0.006196219442475103 0.0 0.0039061075699541314 0.0034549876876516163 0.003973405017939333 0.004255607343260366 0.003619832262177049 0.0032273876290552545 0.005466985633577897 0.029939544668325463 0.0035540369244939766 0.003427335808912708 0.005435306637981328 0.003679273143486061
4.0 0.002424573791392633 0.004665427307885816 0.0039061075699541314 0.0 0.0013719745124839383 0.002699873184392617 0.0020742431507855203 0.0011167509262230745 0.001971339557007071 0.002489639582111604 0.02747321468242115 0.002255490471038617 0.0016940235044135168 0.002456934382213177 0.0012588474753229663
5.0 0.0019802208872257703 0.00422983846261619 0.0034549876876516163 0.0013719745124839383 0.0 0.0022603499043145833 0.0018437898270715737 0.0010602980004305097 0.0015113740442683444 0.0029420257160726344 0.02748271299305293 0.0018141891057889387 0.0012785387625987655 0.002909926863207188 0.0011171922237405447
6.0 0.0017229029619519678 0.004680558327386437 0.003973405017939333 0.002699873184392617 0.0022603499043145833 0.0 0.002973846396616276 0.0024239754307336745 0.002095115770965078 0.004256924582249175 0.028679998971489984 0.0016268384402565038 0.002050134284044546 0.004225190541017831 0.0024967146480145202
7.0 0.0027152220322567058 0.004942210785517337 0.004255607343260366 0.0020742431507855203 0.0018437898270715737 0.002973846396616276 0.0 0.0018671175450442924 0.0022957025058937563 0.003611454338922287 0.02747623818942639 0.0025378984234077106 0.0019419632030919826 0.0035800485510714044 0.0019763170780463073
8.0 0.0021468006328021483 0.004390797760268752 0.003619832262177049 0.0011167509262230745 0.0010602980004305097 0.0024239754307336745 0.0018671175450442924 0.0 0.001688534269914044 0.002702197364670432 0.02740486164222454 0.0019788388786075874 0.0014255700330635707 0.0026699571029039255 0.0008939710705700554
9.0 0.0017584950328016677 0.0042173355146192006 0.0032273876290552545 0.001971339557007071 0.0015113740442683444 0.002095115770965078 0.0022957025058937563 0.001688534269914044 0.0 0.0035339518980593287 0.02799133747240891 0.001655892475740594 0.001439855399441275 0.0035020418438052522 0.0017565918566585948
10.0 0.003983539226027958 0.006226743279731939 0.005466985633577897 0.002489639582111604 0.0029420257160726344 0.004256924582249175 0.003611454338922287 0.002702197364670432 0.0035339518980593287 0.0 0.028514716851788593 0.003815196667909936 0.0032554937720908074 0.001702397296515272 0.0028367837987895656
11.0 0.028418221063310947 0.03065876013452356 0.029939544668325463 0.02747321468242115 0.02748271299305293 0.028679998971489984 0.02747623818942639 0.02740486164222454 0.02799133747240891 0.028514716851788593 0.0 0.028247556526356923 0.027672788610256863 0.028499793879712923 0.027527187438160825
12.0 0.001474374948008925 0.00421382481415997 0.0035540369244939766 0.002255490471038617 0.0018141891057889387 0.0016268384402565038 0.0025378984234077106 0.0019788388786075874 0.001655892475740594 0.003815196667909936 0.028247556526356923 0.0 0.001595837024972542 0.0037833647101461546 0.002051515447794771
13.0 0.0017983734095393228 0.003927129067277664 0.003427335808912708 0.0016940235044135168 0.0012785387625987655 0.002050134284044546 0.0019419632030919826 0.0014255700330635707 0.001439855399441275 0.0032554937720908074 0.027672788610256863 0.001595837024972542 0.0 0.0032235365349997415 0.001505761613028637
14.0 0.003951746455247332 0.006194830878353031 0.005435306637981328 0.002456934382213177 0.002909926863207188 0.004225190541017831 0.0035800485510714044 0.0026699571029039255 0.0035020418438052522 0.001702397296515272 0.028499793879712923 0.0037833647101461546 0.0032235365349997415 0.0 0.0028046460619905646
15.0 0.002218226331929216 0.00446589162862919 0.003679273143486061 0.0012588474753229663 0.0011171922237405447 0.0024967146480145202 0.0019763170780463073 0.0008939710705700554 0.0017565918566585948 0.0028367837987895656 0.027527187438160825 0.002051515447794771 0.001505761613028637 0.0028046460619905646 0.0
