0.0 1.0 2.0 3.0 4.0 5.0 6.0 7.0 8.0 9.0 10.0 11.0 12.0 13.0 14.0 15.0
1.0 0.0 0.002355249631367391 0.006934934447600208 0.0030305407514518556 0.0026827325890957914 0.002508294991105991 0.003399056672701407 0.0028638918549498595 0.0032593095914024563 0.004119925386995177 0.030450928738645792 0.001982871841661034 0.0026279807000871517 0.003921582822911033 0.0029353059416174776
2.0 0.002355249631367391 0.0 0.006145181037027737 0.0017997584746732506 0.0014587477070936031 0.0021841910102665943 0.0021622002422992106 0.0016347320506931821 0.002221060713314294 0.002891192879570053 0.029232061580171248 0.001389802437389175 0.0012956847112501292 0.0026927589924145724 0.0017085130805866797
3.0 0.006934934447600208 0.006145181037027737 0.0 0.006500782562964784 0.006139596870959687 0.007009809774341374 0.006924120090300727 0.006328167450952618 0.006495286670711423 0.007592152697490367 0.033965891958818724 0.006253825090540915 0.006262175802584582 0.0073938195362253075 0.0063912895315166186
4.0 0.0030305407514518556 0.0017997584746732506 0.006500782562964784 0.0 0.001192271794748346 0.002922062291789561 0.0018881268216506342 0.0009666346555963746 0.002532186709484873 0.0018433799682248883 0.028686386697247886 0.002146074995336287 0.0016991665182736274 0.0016445111446978591 0.0011023890388962738
5.0 0.0026827325890957914 0.0014587477070936031 0.006139596870959687 0.001192271794748346 0.0 0.0025794861375869112 0.0017425104394057185 0.0009982421999080622 0.002161290255415968 0.0022895262234628325 0.028741411687800242 0.0018011338821381818 0.0013778169219022885 0.002090978135506681 0.001054831374790211
6.0 0.002508294991105991 0.0021841910102665943 0.007009809774341374 0.002922062291789561 0.0025794861375869112 0.0 0.003272352242703629 0.00275696374782485 0.0032252102242586443 0.00401031240660824 0.030326563471154915 0.0017919616561165828 0.002490462695547112 0.0038120041570832456 0.002829621382785809
7.0 0.003399056672701407 0.0021622002422992106 0.006924120090300727 0.0018881268216506342 0.0017425104394057185 0.003272352242703629 0.0 0.001777835523120312 0.0029527919730542433 0.002964161137974387 0.02872974524253928 0.002508474781930622 0.002034995897813352 0.0027660464119866205 0.0018849749647343542
8.0 0.0028638918549498595 0.0016347320506931821 0.006328167450952618 0.0009666346555963746 0.0009982421999080622 0.00275696374782485 0.001777835523120312 0.0 0.0023591271432770486 0.00207532651380014 0.028683847520351413 0.001980118869675881 0.0015389993310671226 0.0018766853330916518 0.000874766979705881
9.0 0.0032593095914024563 0.002221060713314294 0.006495286670711423 0.002532186709484873 0.002161290255415968 0.0032252102242586443 0.0029527919730542433 0.0023591271432770486 0.0 0.00362507905038968 0.02999917477040047 0.0024477410131215046 0.002300533034510748 0.0034266279420014636 0.002425042136554154
10.0 0.004119925386995177 0.002891192879570053 0.007592152697490367 0.0018433799682248883 0.0022895262234628325 0.00401031240660824 0.002964161137974387 0.00207532651380014 0.00362507905038968 0.0 0.02943228812907233 0.003236342717092754 0.002790683919914584 0.00097880459001716 0.0022055659983120316
11.0 0.030450928738645792 0.029232061580171248 0.033965891958818724 0.028686386697247886 0.028741411687800242 0.030326563471154915 0.02872974524253928 0.028683847520351413 0.02999917477040047 0.02943228812907233 0.0 0.029570336809327403 0.02912035631589055 0.029245238183754 0.0288028317600846
12.0 0.001982871841661034 0.001389802437389175 0.006253825090540915 0.002146074995336287 0.0018011338821381818 0.0017919616561165828 0.002508474781930622 0.001980118869675881 0.0024477410131215046 0.003236342717092754 0.029570336809327403 0.0 0.0017065709705691903 0.0030379609596899466 0.0020524965995509774
13.0 0.0026279807000871517 0.0012956847112501292 0.006262175802584582 0.0016991665182736274 0.0013778169219022885 0.002490462695547112 0.002034995897813352 0.0015389993310671226 0.002300533034510748 0.002790683919914584 0.02912035631589055 0.0017065709705691903 0.0 0.0025922237321988105 0.0016173947634770258
14.0 0.003921582822911033 0.0026927589924145724 0.0073938195362253075 0.0016445111446978591 0.002090978135506681 0.0038120041570832456 0.0027660464119866205 0.0018766853330916518 0.0034266279420014636 0.00097880459001716 0.029245238183754 0.0030379609596899466 0.0025922237321988105 0.0 0.00200697666289702
15.0 0.0029353059416174776 0.0017085130805866797 0.0063912895315166186 0.0011023890388962738 0.001054831374790211 0.002829621382785809 0.0018849749647343542 0.000874766979705881 0.002425042136554154 0.0022055659983120316 0.0288028317600846 0.0020524965995509774 0.0016173947634770258 0.00200697666289702 0.0
