0.0 1.0 2.0 3.0 4.0 5.0 6.0 7.0 8.0 9.0 10.0 11.0 12.0 13.0 14.0 15.0
1.0 0.0 0.002025043868428751 0.053231444310551886 0.0026411366972324884 0.0022788198678194765 0.002051681466897827 0.00298576347894405 0.0024300462934243464 0.002004301099050397 0.003982754760095585 0.05608608113971348 0.0016356640953619956 0.0020586880137058398 0.0038607778030295293 0.002502523629434155
2.0 0.002025043868428751 0.0 0.05287697367215221 0.001889615088757515 0.001536198415576753 0.0020445443297455877 0.0022207890616924696 0.001681057588146546 0.001463793109108952 0.0032323009040823546 0.05533852591940932 0.0013783310719354088 0.0012071733096162733 0.0031102702176800615 0.0017563106776885295
3.0 0.053231444310551886 0.05287697367215221 0.0 0.05328897414573793 0.0529191649694815 0.05344435289318262 0.05366521900244575 0.05307374420128029 0.05252238391747752 0.05463137241198682 0.10676093617932286 0.052818693018286345 0.0528122854348204 0.05450943774750757 0.053140438001098564
4.0 0.0026411366972324884 0.001889615088757515 0.05328897414573793 0.0 0.0012874263688181656 0.002719354990067206 0.0019477384579059415 0.001020535010351195 0.0018389942079295712 0.002143708067321273 0.054778698561884824 0.002069336739067399 0.0015984665628785409 0.0020214081552500434 0.0011599949999354605
5.0 0.0022788198678194765 0.001536198415576753 0.0529191649694815 0.0012874263688181656 0.0 0.002361076979901841 0.0017967718018739465 0.0010474560118369698 0.001462316725679683 0.0026349566490023848 0.05484738490303515 0.0017101196046500654 0.0012655590973683324 0.00251285737026629 0.0011050686857199481
6.0 0.002051681466897827 0.0020445443297455877 0.05344435289318262 0.002719354990067206 0.002361076979901841 0.0 0.0030527467784867736 0.0025095269640773438 0.0021471629028582905 0.004060191632992642 0.056152616183275404 0.0015985149697308324 0.0021092983898915053 0.003938237225060256 0.0025830205088336893
7.0 0.00298576347894405 0.0022207890616924696 0.05366521900244575 0.0019477384579059415 0.0017967718018739465 0.0030527467784867736 0.0 0.001798793206214796 0.002212071808148698 0.0032776574884565 0.05480926197310083 0.002407711911333766 0.001897622544269218 0.0031558229373530606 0.0019083584320781972
8.0 0.0024300462934243464 0.001681057588146546 0.05307374420128029 0.001020535010351195 0.0010474560118369698 0.0025095269640773438 0.001798793206214796 0.0 0.0016236457952591176 0.002378898861424599 0.0547527548621821 0.0018591239427158876 0.0013954684521304463 0.0022567559914664914 0.0008780424695652056
9.0 0.002004301099050397 0.001463793109108952 0.05252238391747752 0.0018389942079295712 0.001462316725679683 0.0021471629028582905 0.002212071808148698 0.0016236457952591176 0.0 0.0031824941339361687 0.05531203186940047 0.001502488303262177 0.0013684033264472922 0.0030604632484342014 0.0016925370937365442
10.0 0.003982754760095585 0.0032323009040823546 0.05463137241198682 0.002143708067321273 0.0026349566490023848 0.004060191632992642 0.0032776574884565 0.002378898861424599 0.0031824941339361687 0.0 0.055686525696106305 0.0034114202757672286 0.0029409856953310307 0.0012252077321805478 0.002512089383035389
11.0 0.05608608113971348 0.05533852591940932 0.10676093617932286 0.054778698561884824 0.05484738490303515 0.056152616183275404 0.05480926197310083 0.0547527548621821 0.05531203186940047 0.055686525696106305 0.0 0.055515953346874716 0.05503286669506496 0.05557857336462482 0.05487435285811362
12.0 0.0016356640953619956 0.0013783310719354088 0.052818693018286345 0.002069336739067399 0.0017101196046500654 0.0015985149697308324 0.002407711911333766 0.0018591239427158876 0.001502488303262177 0.0034114202757672286 0.055515953346874716 0.0 0.001453461991304542 0.0032894201958780945 0.0019325602746262673
13.0 0.0020586880137058398 0.0012071733096162733 0.0528122854348204 0.0015984665628785409 0.0012655590973683324 0.0021092983898915053 0.001897622544269218 0.0013954684521304463 0.0013684033264472922 0.0029409856953310307 0.05503286669506496 0.001453461991304542 0.0 0.0028189371470248433 0.0014755597466662323
14.0 0.0038607778030295293 0.0031102702176800615 0.05450943774750757 0.0020214081552500434 0.00251285737026629 0.003938237225060256 0.0031558229373530606 0.0022567559914664914 0.0030604632484342014 0.0012252077321805478 0.05557857336462482 0.0032894201958780945 0.0028189371470248433 0.0 0.002389993670207082
15.0 0.002502523629434155 0.0017563106776885295 0.053140438001098564 0.0011599949999354605 0.0011050686857199481 0.0025830205088336893 0.0019083584320781972 0.0008780424695652056 0.0016925370937365442 0.002512089383035389 0.05487435285811362 0.0019325602746262673 0.0014755597466662323 0.002389993670207082 0.0
