0.0 1.0 2.0 3.0 4.0 5.0 6.0 7.0 8.0 9.0 10.0 11.0 12.0 13.0 14.0 15.0
1.0 0.0 0.0024744401324257926 0.03513308215128437 0.003131707231058692 0.0029908655055229426 0.0028303052965842493 0.003474718970447989 0.00296915460415775 0.002462251514343393 0.004295678656342625 0.03023987106656762 0.0022677003228628715 0.0026089937372762617 0.004081162407947335 0.003019255383914841
2.0 0.0024744401324257926 0.0 0.03398792405562093 0.001611124110719623 0.0014786219544541948 0.0018497544835502158 0.0019419645355299238 0.0014505801585052327 0.001121459340199733 0.0027768299870118314 0.028723213628293325 0.0010858307807660133 0.0009900393368437667 0.002562214920309322 0.001503373176830608
3.0 0.03513308215128437 0.03398792405562093 0.0 0.03449958625053588 0.034353282652644465 0.03472061068694543 0.03487185939740744 0.034333883938225486 0.03376018626837971 0.03566479956664555 0.061631384983798325 0.033992569196233995 0.03405698840996938 0.03545028034370491 0.03437876862838082
4.0 0.003131707231058692 0.001611124110719623 0.03449958625053588 0.0 0.0014016949688842222 0.002560712298735103 0.0018469254629793984 0.000973408362918858 0.0015985012554449772 0.0019237350040454248 0.028356318054485914 0.0018123858761850673 0.001482148181148109 0.0017084950932644335 0.0010880426881401247
5.0 0.0029908655055229426 0.0014786219544541948 0.034353282652644465 0.0014016949688842222 0.0 0.0024253900371811058 0.0019038660495988556 0.0012133334630605231 0.0014445014218261104 0.0025737323681994037 0.02861918161086737 0.0016745501822578433 0.0013685861818202682 0.0023589538282190623 0.0012493121494239028
6.0 0.0028303052965842493 0.0018497544835502158 0.03472061068694543 0.002560712298735103 0.0024253900371811058 0.0 0.002885627364367462 0.002399822565544238 0.001959224158735017 0.003722923949004987 0.029651674328695588 0.001580817083998882 0.0020115614685001794 0.003508481582482793 0.0024512192095193334
7.0 0.003474718970447989 0.0019419645355299238 0.03487185939740744 0.0018469254629793984 0.0019038660495988556 0.002885627364367462 0.0 0.0017395139617501034 0.0019683781454399255 0.002996103118873902 0.028422359904474816 0.002148509602136369 0.0017856515426199738 0.0027819420680718736 0.0018252474693804298
8.0 0.00296915460415775 0.0014505801585052327 0.034333883938225486 0.000973408362918858 0.0012133334630605231 0.002399822565544238 0.0017395139617501034 0.0 0.0014323825508386961 0.002158626452604284 0.028359909619655586 0.0016505631570346243 0.0013262311600863758 0.0019436952329504858 0.000867627781670737
9.0 0.002462251514343393 0.001121459340199733 0.03376018626837971 0.0015985012554449772 0.0014445014218261104 0.001959224158735017 0.0019683781454399255 0.0014323825508386961 0.0 0.002765136913219001 0.028732257407031857 0.0012093925217909556 0.0011611759872310928 0.00255051100133477 0.0014794873164413712
10.0 0.004295678656342625 0.0027768299870118314 0.03566479956664555 0.0019237350040454248 0.0025737323681994037 0.003722923949004987 0.002996103118873902 0.002158626452604284 0.002765136913219001 0.0 0.029130640649413217 0.0029771601605199306 0.0026479086577178425 0.0010049453804640111 0.0022676507038733116
11.0 0.03023987106656762 0.028723213628293325 0.061631384983798325 0.028356318054485914 0.02861918161086737 0.029651674328695588 0.028422359904474816 0.028359909619655586 0.028732257407031857 0.029130640649413217 0.0 0.028922044729300014 0.02858222819463016 0.02893251941551086 0.028457650432271997
12.0 0.0022677003228628715 0.0010858307807660133 0.033992569196233995 0.0018123858761850673 0.0016745501822578433 0.001580817083998882 0.002148509602136369 0.0016505631570346243 0.0012093925217909556 0.0029771601605199306 0.028922044729300014 0.0 0.001256943784153626 0.0027625991309192834 0.0017016698555466902
13.0 0.0026089937372762617 0.0009900393368437667 0.03405698840996938 0.001482148181148109 0.0013685861818202682 0.0020115614685001794 0.0017856515426199738 0.0013262311600863758 0.0011611759872310928 0.0026479086577178425 0.02858222819463016 0.001256943784153626 0.0 0.002433262443636795 0.001383571430997958
14.0 0.004081162407947335 0.002562214920309322 0.03545028034370491 0.0017084950932644335 0.0023589538282190623 0.003508481582482793 0.0027819420680718736 0.0019436952329504858 0.00255051100133477 0.0010049453804640111 0.02893251941551086 0.0027625991309192834 0.002433262443636795 0.0 0.0020527781416337697
15.0 0.003019255383914841 0.001503373176830608 0.03437876862838082 0.0010880426881401247 0.0012493121494239028 0.0024512192095193334 0.0018252474693804298 0.000867627781670737 0.0014794873164413712 0.0022676507038733116 0.028457650432271997 0.0017016698555466902 0.001383571430997958 0.0020527781416337697 0.0
