0.0 1.0 2.0 3.0 4.0 5.0 6.0 7.0 8.0 9.0 10.0 11.0 12.0 13.0 14.0 15.0
1.0 0.0 0.008804558562549688 0.003750996595196975 0.002401116881055025 0.001943071718086253 0.0018067398201487028 0.002723458840084146 0.002136093615740127 0.0017076520781735558 0.0038801521115569815 0.028163206519008575 0.0014430679421616767 0.0018425488567070311 0.003430898505259978 0.0022189633051613866
2.0 0.008804558562549688 0.0 0.010682137917013404 0.00899215536216727 0.00854225926095661 0.009095518376160076 0.009301146605867406 0.008729854243226861 0.008493795738910966 0.010473244962629058 0.034754277541834765 0.008499209722482196 0.008323073833652661 0.010023883980000437 0.008815862463214315
3.0 0.003750996595196975 0.010682137917013404 0.0 0.004037893716854259 0.00357241228506721 0.0041980153284970016 0.00441561129363994 0.0037655937025628554 0.0033136904088231665 0.005518829105829215 0.029838508551304134 0.0036475759567881107 0.003619516269162408 0.0050696314135745425 0.0038384587723517376
4.0 0.002401116881055025 0.00899215536216727 0.004037893716854259 0.0 0.001336017875168424 0.0027402085466242143 0.0020744569578176513 0.0010977555791240852 0.0018833996463841316 0.0024003150719849376 0.02722058744062282 0.0021654868613839766 0.001733432918345739 0.0019502338916504549 0.0012521645898898965
5.0 0.001943071718086253 0.00854225926095661 0.00357241228506721 0.001336017875168424 0.0 0.0022867678499075314 0.001838396389138526 0.0010399796498906898 0.0014099934128311946 0.0028248696754888405 0.027215502525404833 0.0017102269836635974 0.001304697166180458 0.0023753294392731784 0.0011096174556422507
6.0 0.0018067398201487028 0.009095518376160076 0.0041980153284970016 0.0027402085466242143 0.0022867678499075314 0.0 0.0030462432457203526 0.002476890281203712 0.0021026643420450435 0.004217687096823299 0.02848927765905273 0.0016697957338501193 0.0021581706807441477 0.003768484757811299 0.0025609310821135267
7.0 0.002723458840084146 0.009301146605867406 0.00441561129363994 0.0020744569578176513 0.001838396389138526 0.0030462432457203526 0.0 0.0018818697103817564 0.002240187813077315 0.0035324957434709555 0.027202835899704236 0.002480134059257038 0.002009458172484471 0.0030836579599648854 0.0020022923763595227
8.0 0.002136093615740127 0.008729854243226861 0.0037655937025628554 0.0010977555791240852 0.0010399796498906898 0.002476890281203712 0.0018818697103817564 0.0 0.001613571442411618 0.0026004490258548668 0.02715700640129269 0.0019014229026530158 0.0014774232381114093 0.002150755263300612 0.0009091993092376115
9.0 0.0017076520781735558 0.008493795738910966 0.0033136904088231665 0.0018833996463841316 0.0014099934128311946 0.0021026643420450435 0.002240187813077315 0.001613571442411618 0.0 0.003365738211872749 0.027672762910846083 0.0015327188731868188 0.0014220401803527686 0.0029163710299725176 0.0016933027954061167
10.0 0.0038801521115569815 0.010473244962629058 0.005518829105829215 0.0024003150719849376 0.0028248696754888405 0.004217687096823299 0.0035324957434709555 0.0026004490258548668 0.003365738211872749 0.0 0.028246708522450148 0.0036452627883702673 0.0032144725707967618 0.0013928390863052042 0.002748032767122254
11.0 0.028163206519008575 0.034754277541834765 0.029838508551304134 0.02722058744062282 0.027215502525404833 0.02848927765905273 0.027202835899704236 0.02715700640129269 0.027672762910846083 0.028246708522450148 0.0 0.027926557413687284 0.0274784233869257 0.027813243041164764 0.027290930277835825
12.0 0.0014430679421616767 0.008499209722482196 0.0036475759567881107 0.0021654868613839766 0.0017102269836635974 0.0016697957338501193 0.002480134059257038 0.0019014229026530158 0.0015327188731868188 0.0036452627883702673 0.027926557413687284 0.0 0.0015740648449531743 0.003195970015235163 0.0019853738466419713
13.0 0.0018425488567070311 0.008323073833652661 0.003619516269162408 0.001733432918345739 0.001304697166180458 0.0021581706807441477 0.002009458172484471 0.0014774232381114093 0.0014220401803527686 0.0032144725707967618 0.0274784233869257 0.0015740648449531743 0.0 0.0027650760288183175 0.0015683899622827716
14.0 0.003430898505259978 0.010023883980000437 0.0050696314135745425 0.0019502338916504549 0.0023753294392731784 0.003768484757811299 0.0030836579599648854 0.002150755263300612 0.0029163710299725176 0.0013928390863052042 0.027813243041164764 0.003195970015235163 0.0027650760288183175 0.0 0.002298418301668763
15.0 0.0022189633051613866 0.008815862463214315 0.0038384587723517376 0.0012521645898898965 0.0011096174556422507 0.0025609310821135267 0.0020022923763595227 0.0009091993092376115 0.0016933027954061167 0.002748032767122254 0.027290930277835825 0.0019853738466419713 0.0015683899622827716 0.002298418301668763 0.0
