0.0 1.0 2.0 3.0 4.0 5.0 6.0 7.0 8.0 9.0 10.0 11.0 12.0 13.0 14.0 15.0 16.0 17.0 18.0 19.0 20.0 21.0 22.0 23.0 24.0
1.0 0.0 0.0015525831187913068 0.0008064237011040837 0.0012289324219386434 0.0012324920602106628 0.0009599195553246656 0.0009120759844962144 0.000936484119039993 0.0012257025849735934 0.0013231578537742793 0.001458339204659349 0.0009999631920282611 0.0014000888194044573 0.0012846488815908396 0.0014883057478283339 0.0011897132036845272 0.0009828432080779379 0.0012131928171390854 0.001484964235708932 0.000936030037858181 0.0012771507993758118 0.00114310234837905 0.0009634157453047155 0.0012418682412422915
2.0 0.0015525831187913068 0.0 0.0013664414384589184 0.0009501880431525102 0.0017033172003675292 0.0013608184990565662 0.001368000285321153 0.0015834747804878532 0.0012787175315076183 0.0008945199202684954 0.0013752230072262 0.0012910819048700271 0.0008697074901949024 0.0012546618286837091 0.0008246290885321631 0.0014682445269428828 0.0013012174276590938 0.0009810775567516657 0.0008695283827092684 0.001299511959811938 0.0018761334134010201 0.0013556858375264494 0.00126558773916685 0.001826357530084499
3.0 0.0008064237011040837 0.0013664414384589184 0.0 0.0010417607241128468 0.0010796671545550683 0.0007751952202065188 0.0007249275508490263 0.000865950353945062 0.0010377644481586942 0.001135546400114651 0.0012669334237101258 0.0008245955828418093 0.0012128434855146809 0.0011045537643452272 0.0013014764627174962 0.000989143592991716 0.0008158845302309601 0.0010269512866422777 0.0012979935598640777 0.0007614375467041227 0.0012417305575003724 0.000951714566282221 0.0007534769100781312 0.0011590137455902267
4.0 0.0012289324219386434 0.0009501880431525102 0.0010417607241128468 0.0 0.001385420911735945 0.0010427964389347262 0.00104826343515967 0.0012628881426956008 0.0009214115503349881 0.000746277814881376 0.001056321807786144 0.0009571423526128873 0.0008225812346770141 0.0009181857358000322 0.0009007263181962444 0.0011509378373923205 0.0009685307334153751 0.0005524377579213316 0.0009031798530755477 0.0009679655668235984 0.0015490816249808489 0.001045135710864416 0.0009447816721245038 0.0015078461595677954
5.0 0.0012324920602106628 0.0017033172003675292 0.0010796671545550683 0.001385420911735945 0.0 0.0008869009610386783 0.0008873082481238343 0.0011166325070105653 0.0014180867733811246 0.0014619948585308613 0.0015808573062580948 0.0012570372357051612 0.001540764039407132 0.0014874266333903732 0.0016323711104224432 0.0012463705488616635 0.0012544582168086777 0.0013800272817399435 0.0016275206835981671 0.00121133995148012 0.0017003549816758622 0.0011883104258834233 0.0010509166043048634 0.0012880134388312111
6.0 0.0009599195553246656 0.0013608184990565662 0.0007751952202065188 0.0010427964389347262 0.0008869009610386783 0.0 0.0005423699242062437 0.0008966443282763557 0.0010790830104450435 0.0011179753936123187 0.0012324477986224928 0.0009296212388458897 0.0011971055102586686 0.001151299780991699 0.0012891536664463722 0.0008530530572464369 0.0009296043419828736 0.001038680187530613 0.0012841422627220159 0.000887518877015631 0.0013964332228267836 0.0008178016640291645 0.0006696496939966657 0.0011187430701201833
7.0 0.0009120759844962144 0.001368000285321153 0.0007249275508490263 0.00104826343515967 0.0008873082481238343 0.0005423699242062437 0.0 0.0008392549394003005 0.001074137439690529 0.0011282445348827761 0.001246782539978749 0.0009105353365831382 0.001206892808312065 0.001145596810037782 0.0012980472235461962 0.0008950400340774175 0.0009086399623090568 0.0010414610659316098 0.0012934311582328594 0.0008641620760362328 0.0013623619421064138 0.0008637817871915729 0.0006859338528448285 0.0010824656651618925
8.0 0.000936484119039993 0.0015834747804878532 0.000865950353945062 0.0012628881426956008 0.0011166325070105653 0.0008966443282763557 0.0008392549394003005 0.0 0.0012776790624296043 0.0013480325232703414 0.001474710000071356 0.0010872320209143395 0.0014258533102934272 0.0013432963437231102 0.0015157562469434985 0.0011732852869072881 0.0010791273012236038 0.0012525370976816548 0.0015116477053216028 0.001032757286825977 0.001477863267708209 0.0011232108975169873 0.0009580128538129967 0.0010599905204127231
9.0 0.0012257025849735934 0.0012787175315076183 0.0010377644481586942 0.0009214115503349881 0.0014180867733811246 0.0010790830104450435 0.001074137439690529 0.0012776790624296043 0.0 0.0010738695047035566 0.0012626480049828012 0.0008962147313212804 0.0011475032064957287 0.0009458160449792156 0.0012284887283763753 0.0012008006576625858 0.0009158265476713172 0.0008748197981328862 0.0012286311229206285 0.0009213717816565574 0.0015240211158597408 0.0011260302851771628 0.0009769467998271457 0.0015326075075522741
10.0 0.0013231578537742793 0.0008945199202684954 0.001135546400114651 0.000746277814881376 0.0014619948585308613 0.0011179753936123187 0.0011282445348827761 0.0013480325232703414 0.0010738695047035566 0.0 0.0011020558910124045 0.0010789965191081881 0.0006134370813049698 0.0010786153745490244 0.0007551345339025528 0.0012211197624671449 0.001089151103336271 0.0008020312176014678 0.0007394085885279278 0.0010824258006112818 0.001655935801797131 0.0011001622745216042 0.001022916540685384 0.0015880732407565338
11.0 0.001458339204659349 0.0013752230072262 0.0012669334237101258 0.001056321807786144 0.0015808573062580948 0.0012324477986224928 0.001246782539978749 0.001474710000071356 0.0012626480049828012 0.0011020558910124045 0.0 0.001244298787177465 0.0011902741344093056 0.001314725636170265 0.001289700610389366 0.0013230881941347745 0.0012542348899721788 0.0010929688579311627 0.001282121071202518 0.0012379269168294425 0.0018058130582998173 0.001197847404157733 0.0011293482343392286 0.0017121239109041705
12.0 0.0009999631920282611 0.0012910819048700271 0.0008245955828418093 0.0009571423526128873 0.0012570372357051612 0.0009296212388458897 0.0009105353365831382 0.0010872320209143395 0.0008962147313212804 0.0010789965191081881 0.001244298787177465 0.0 0.0011533164255054682 0.0009326838456307027 0.0012367149845091128 0.0010809222077454073 0.00048809968715252225 0.0009239341628405732 0.001235585546069192 0.0005473897326952516 0.0012449869405917822 0.0010248972867013188 0.0008474383538215947 0.0013552842327675249
13.0 0.0014000888194044573 0.0008697074901949024 0.0012128434855146809 0.0008225812346770141 0.001540764039407132 0.0011971055102586686 0.001206892808312065 0.0014258533102934272 0.0011475032064957287 0.0006134370813049698 0.0011902741344093056 0.0011533164255054682 0.0 0.0011464731260481817 0.0006511266188449171 0.001301148261898633 0.0011634289329458887 0.0008712295426472206 0.0006125881182768756 0.0011575593668003508 0.0017314338740908773 0.0011813125219780319 0.001102317691950033 0.001666243189197111
14.0 0.0012846488815908396 0.0012546618286837091 0.0011045537643452272 0.0009181857358000322 0.0014874266333903732 0.001151299780991699 0.001145596810037782 0.0013432963437231102 0.0009458160449792156 0.0010786153745490244 0.001314725636170265 0.0009326838456307027 0.0011464731260481817 0.0 0.0012201292390195482 0.0012779301837675578 0.0009412355885610015 0.0008500933184739416 0.0012232414508161087 0.0009682192478766645 0.0015632963539186065 0.0011972254997794376 0.0010579822321189584 0.0015988575480908461
15.0 0.0014883057478283339 0.0008246290885321631 0.0013014764627174962 0.0009007263181962444 0.0016323711104224432 0.0012891536664463722 0.0012980472235461962 0.0015157562469434985 0.0012284887283763753 0.0007551345339025528 0.001289700610389366 0.0012367149845091128 0.0006511266188449171 0.0012201292390195482 0.0 0.0013943992251658876 0.0012468449912501887 0.0009440572822489383 0.00051795499811315 0.0012423455747199194 0.00181710688495957 0.0012770572649535889 0.0011942637467909794 0.0017569467183966053
16.0 0.0011897132036845272 0.0014682445269428828 0.000989143592991716 0.0011509378373923205 0.0012463705488616635 0.0008530530572464369 0.0008950400340774175 0.0011732852869072881 0.0012008006576625858 0.0012211197624671449 0.0013230881941347745 0.0010809222077454073 0.001301148261898633 0.0012779301837675578 0.0013943992251658876 0.0 0.00108555257673059 0.0011507761282628286 0.001388908139640503 0.0010477988954045998 0.0015857208589166668 0.0008762088191648452 0.0007125733677882341 0.0014069653236117086
17.0 0.0009828432080779379 0.0013012174276590938 0.0008158845302309601 0.0009685307334153751 0.0012544582168086777 0.0009296043419828736 0.0009086399623090568 0.0010791273012236038 0.0009158265476713172 0.001089151103336271 0.0012542348899721788 0.00048809968715252225 0.0011634289329458887 0.0009412355885610015 0.0012468449912501887 0.00108555257673059 0.0 0.0009357642505475343 0.0012456915726887356 0.0005254714598576164 0.001204569234657636 0.0010300838661281824 0.0008524240948639479 0.0013491838484263824
18.0 0.0012131928171390854 0.0009810775567516657 0.0010269512866422777 0.0005524377579213316 0.0013800272817399435 0.001038680187530613 0.0010414610659316098 0.0012525370976816548 0.0008748197981328862 0.0008020312176014678 0.0010929688579311627 0.0009239341628405732 0.0008712295426472206 0.0008500933184739416 0.0009440572822489383 0.0011507761282628286 0.0009357642505475343 0.0 0.0009481737371040406 0.0009398867058589813 0.001525172551666504 0.001051994461099009 0.000940729170420632 0.0015000581915214713
19.0 0.001484964235708932 0.0008695283827092684 0.0012979935598640777 0.0009031798530755477 0.0016275206835981671 0.0012841422627220159 0.0012934311582328594 0.0015116477053216028 0.0012286311229206285 0.0007394085885279278 0.001282121071202518 0.001235585546069192 0.0006125881182768756 0.0012232414508161087 0.00051795499811315 0.001388908139640503 0.0012456915726887356 0.0009481737371040406 0.0 0.0012405948541619203 0.0018149066406554862 0.0012704220946737855 0.001189368897118459 0.0017524546032966115
20.0 0.000936030037858181 0.001299511959811938 0.0007614375467041227 0.0009679655668235984 0.00121133995148012 0.000887518877015631 0.0008641620760362328 0.001032757286825977 0.0009213717816565574 0.0010824258006112818 0.0012379269168294425 0.0005473897326952516 0.0011575593668003508 0.0009682192478766645 0.0012423455747199194 0.0010477988954045998 0.0005254714598576164 0.0009398867058589813 0.0012405948541619203 0.0 0.001180752773641204 0.00099666835628272 0.0008121277482776479 0.0013048096767888603
21.0 0.0012771507993758118 0.0018761334134010201 0.0012417305575003724 0.0015490816249808489 0.0017003549816758622 0.0013964332228267836 0.0013623619421064138 0.001477863267708209 0.0015240211158597408 0.001655935801797131 0.0018058130582998173 0.0012449869405917822 0.0017314338740908773 0.0015632963539186065 0.00181710688495957 0.0015857208589166668 0.001204569234657636 0.001525172551666504 0.0018149066406554862 0.001180752773641204 0.0 0.0015362271854037764 0.0013541250647852465 0.0017628237786676986
22.0 0.00114310234837905 0.0013556858375264494 0.000951714566282221 0.001045135710864416 0.0011883104258834233 0.0008178016640291645 0.0008637817871915729 0.0011232108975169873 0.0011260302851771628 0.0011001622745216042 0.001197847404157733 0.0010248972867013188 0.0011813125219780319 0.0011972254997794376 0.0012770572649535889 0.0008762088191648452 0.0010300838661281824 0.001051994461099009 0.0012704220946737855 0.00099666835628272 0.0015362271854037764 0.0 0.0007598425618489653 0.001343889758704675
23.0 0.0009634157453047155 0.00126558773916685 0.0007534769100781312 0.0009447816721245038 0.0010509166043048634 0.0006696496939966657 0.0006859338528448285 0.0009580128538129967 0.0009769467998271457 0.001022916540685384 0.0011293482343392286 0.0008474383538215947 0.001102317691950033 0.0010579822321189584 0.0011942637467909794 0.0007125733677882341 0.0008524240948639479 0.000940729170420632 0.001189368897118459 0.0008121277482776479 0.0013541250647852465 0.0007598425618489653 0.0 0.0012013948065553288
24.0 0.0012418682412422915 0.001826357530084499 0.0011590137455902267 0.0015078461595677954 0.0012880134388312111 0.0011187430701201833 0.0010824656651618925 0.0010599905204127231 0.0015326075075522741 0.0015880732407565338 0.0017121239109041705 0.0013552842327675249 0.001666243189197111 0.0015988575480908461 0.0017569467183966053 0.0014069653236117086 0.0013491838484263824 0.0015000581915214713 0.0017524546032966115 0.0013048096767888603 0.0017628237786676986 0.001343889758704675 0.0012013948065553288 0.0
