0.0 1.0 2.0 3.0 4.0 5.0 6.0 7.0 8.0 9.0 10.0 11.0 12.0 13.0 14.0 15.0 16.0 17.0 18.0 19.0 20.0 21.0 22.0 23.0 24.0
1.0 0.0 0.002319647648527679 0.000911357792631217 0.0019435227183695453 0.0011242054570256444 0.001101616827150656 0.001075222209763675 0.0009864702549502605 0.0024267658208744205 0.0023729690895374312 0.0016170500435841188 0.0014169711427160052 0.00291552933653759 0.0018277728995853928 0.002406140987618931 0.0012962419778861961 0.0016655427723649772 0.0017303506323408553 0.0025340584887682044 0.0013146225896558037 0.0012689723766919024 0.0014637311044916688 0.001986312187403656 0.0014642062940131706
2.0 0.002319647648527679 0.0 0.002065097788514289 0.0014609772861136736 0.0021676598846797615 0.002050481315616157 0.0020844896442362387 0.002229930845853526 0.0022905975025671156 0.0014978336727007107 0.0015005195444223885 0.001979926706723799 0.0019698911657191538 0.0014730964775391377 0.0013070967671396472 0.0020772256751881413 0.0022624170015712224 0.0012366744635786096 0.001492970675347663 0.0020364702268235732 0.0025613373797083528 0.0021845225936716565 0.0028121518693213945 0.002610208939104716
3.0 0.000911357792631217 0.002065097788514289 0.0 0.0016868210290655007 0.0009136759107966751 0.0008568510541717789 0.0008267152586135141 0.0008662124309491853 0.0021742643622781116 0.0021170551034670635 0.0013550508256132668 0.0011846322212647935 0.0026598655655020293 0.0015786198689709784 0.0021508788240938693 0.0010360878904402309 0.0014493450160554652 0.0014750201197418155 0.0022786108843196396 0.0010959732071846686 0.0012893384006649764 0.0012081562164994897 0.0017085508491835682 0.0013009678455699878
4.0 0.0019435227183695453 0.0014609772861136736 0.0016868210290655007 0.0 0.0017851016857253956 0.0016666899574814059 0.0017017499632250867 0.0018497628196472756 0.0019373219829536053 0.0015294785352285688 0.0010601458953775893 0.001625391428967146 0.0020735460612090304 0.001214135149636765 0.001553644946631455 0.0016903977874886335 0.0019094388114679307 0.0008300683709619237 0.0016924722081395989 0.001674282084576952 0.00219017278994178 0.0017971707930830108 0.002425748760908774 0.0022288778813779452
5.0 0.0011242054570256444 0.0021676598846797615 0.0009136759107966751 0.0017851016857253956 0.0 0.0006103322280930584 0.0006575526664164891 0.000783311907297526 0.002309132724251134 0.002211441214302715 0.0014288661419531812 0.00140073991788295 0.0027546476645013067 0.0017073165832147915 0.0022485868569214608 0.000904964256137241 0.0016686251732327742 0.0015800387793527188 0.002374343690819229 0.0013298037793580176 0.001550521419421169 0.0010617697072875557 0.0016670593546637968 0.0010101416643580664
6.0 0.001101616827150656 0.002050481315616157 0.0008568510541717789 0.0016666899574814059 0.0006103322280930584 0.0 0.0005424326408712426 0.0008308002537875143 0.002199244974271229 0.00209232230237023 0.0013044230728671742 0.0013111288267909143 0.0026356527758448 0.0015964940940476706 0.002130276178812346 0.0007232937650423982 0.0015816344155899725 0.0014632693317279104 0.0022555866967049164 0.0012457266121156257 0.0014999473663360587 0.0008893932616583511 0.0015063559425148557 0.0011360403947644959
7.0 0.001075222209763675 0.0020844896442362387 0.0008267152586135141 0.0017017499632250867 0.0006575526664164891 0.0005424326408712426 0.0 0.0008027446377660969 0.002224029446177532 0.002128780150000777 0.0013462833998506513 0.0013139798549367723 0.0026720296583232057 0.0016230852412088942 0.0021657597621531507 0.0008324612406021884 0.0015832796635277108 0.001496425951107863 0.0022916872886853514 0.0012437888890780519 0.0014820858077921565 0.0010077149265964038 0.0015566537699269155 0.0011363977616539165
8.0 0.0009864702549502605 0.002229930845853526 0.0008662124309491853 0.0018497628196472756 0.000783311907297526 0.0008308002537875143 0.0008027446377660969 0.0 0.0023563963897081635 0.0022777594063896 0.0015057417638653832 0.0014070644944235025 0.0028207379213398627 0.001756557115799719 0.002313243115435963 0.0010739311528068516 0.0016695644412775045 0.0016413465888287602 0.002439951341142713 0.0013249399348561153 0.0014757088730927572 0.001240361442247748 0.0017910083470330973 0.0010403366560954074
9.0 0.0024267658208744205 0.0022905975025671156 0.0021742643622781116 0.0019373219829536053 0.002309132724251134 0.002199244974271229 0.002224029446177532 0.0023563963897081635 0.0 0.0023898532907382017 0.0018252146850360233 0.0020016836620697807 0.0029279510363273615 0.0016868723412834358 0.002402514585512309 0.0022487762478250813 0.0022958407484456695 0.0016660358939611783 0.002540675735439069 0.002076938397078434 0.0026469030155798446 0.002370873202755956 0.0029643888821676008 0.0027440161685692455
10.0 0.0023729690895374312 0.0014978336727007107 0.0021170551034670635 0.0015294785352285688 0.002211441214302715 0.00209232230237023 0.002128780150000777 0.0022777594063896 0.0023898532907382017 0.0 0.0015160384582942386 0.002057116006972194 0.0015763188243887428 0.0016166982714269913 0.0013554044852394065 0.002113157905013653 0.0023401137909676286 0.0013400424065676177 0.0014385154329582955 0.002106535098503848 0.0026205978725270442 0.0022161565446026377 0.0028536471945175604 0.0026560636656940357
11.0 0.0016170500435841188 0.0015005195444223885 0.0013550508256132668 0.0010601458953775893 0.0014288661419531812 0.0013044230728671742 0.0013462833998506513 0.0015057417638653832 0.0018252146850360233 0.0015160384582942386 0.0 0.0013845516549186518 0.0020711521552692308 0.0011791315225206569 0.0015713651708835993 0.0013106663659171072 0.0016694284041712515 0.0009027142591471879 0.0016968362575175847 0.0014075980504967766 0.001884446692883536 0.0014081949446217502 0.0020577545806634736 0.0018788907390424616
12.0 0.0014169711427160052 0.001979926706723799 0.0011846322212647935 0.001625391428967146 0.00140073991788295 0.0013111288267909143 0.0013139798549367723 0.0014070644944235025 0.0020016836620697807 0.002057116006972194 0.0013845516549186518 0.0 0.0025971883964946425 0.0013935469616826396 0.0020798148440903936 0.00141701053171068 0.0009168849033302118 0.0013888398781731126 0.0022125819257747927 0.0007631992238721463 0.0015576355180428692 0.0015674967854302504 0.0020981001437718355 0.0018147365000407752
13.0 0.00291552933653759 0.0019698911657191538 0.0026598655655020293 0.0020735460612090304 0.0027546476645013067 0.0026356527758448 0.0026720296583232057 0.0028207379213398627 0.0029279510363273615 0.0015763188243887428 0.0020711521552692308 0.0025971883964946425 0.0 0.0021472088421481583 0.00172688531313268 0.0026567649736578118 0.002880047614544367 0.0018768348247028203 0.0017558125485225675 0.0026474855596205727 0.0031625983243208948 0.0027596969232370214 0.003397373805959387 0.0031991519772917422
14.0 0.0018277728995853928 0.0014730964775391377 0.0015786198689709784 0.001214135149636765 0.0017073165832147915 0.0015964940940476706 0.0016230852412088942 0.001756557115799719 0.0016868723412834358 0.0016166982714269913 0.0011791315225206569 0.0013935469616826396 0.0021472088421481583 0.0 0.0016092029257684672 0.0016417805634077864 0.0016716580507270247 0.000919295321282227 0.001752982520073964 0.001480149984811013 0.0020465967746403097 0.0017602442907233078 0.002362578341307428 0.0021432138266884414
15.0 0.002406140987618931 0.0013070967671396472 0.0021508788240938693 0.001553644946631455 0.0022485868569214608 0.002130276178812346 0.0021657597621531507 0.002313243115435963 0.002402514585512309 0.0013554044852394065 0.0015713651708835993 0.0020798148440903936 0.00172688531313268 0.0016092029257684672 0.0 0.0021535122893193517 0.002362558205135758 0.001347714910215176 0.0009035963330053373 0.0021324293718612613 0.00265119895493762 0.0022580998494329887 0.002891964048798479 0.0026923539289669353
16.0 0.0012962419778861961 0.0020772256751881413 0.0010360878904402309 0.0016903977874886335 0.000904964256137241 0.0007232937650423982 0.0008324612406021884 0.0010739311528068516 0.0022487762478250813 0.002113157905013653 0.0013106663659171072 0.00141701053171068 0.0026567649736578118 0.0016417805634077864 0.0021535122893193517 0.0 0.0016909457668087488 0.0014917718045529722 0.002277390254743358 0.0013640911091059168 0.0016640865789456889 0.0007470571756363453 0.0014761648866547222 0.001402385939446714
17.0 0.0016655427723649772 0.0022624170015712224 0.0014493450160554652 0.0019094388114679307 0.0016686251732327742 0.0015816344155899725 0.0015832796635277108 0.0016695644412775045 0.0022958407484456695 0.0023401137909676286 0.0016694284041712515 0.0009168849033302118 0.002880047614544367 0.0016716580507270247 0.002362558205135758 0.0016909457668087488 0.0 0.0016725270356672981 0.0024953455617396205 0.0010101665584467928 0.0017724129270865225 0.001841828092502206 0.002372942420841268 0.0020798858784928146
18.0 0.0017303506323408553 0.0012366744635786096 0.0014750201197418155 0.0008300683709619237 0.0015800387793527188 0.0014632693317279104 0.001496425951107863 0.0016413465888287602 0.0016660358939611783 0.0013400424065676177 0.0009027142591471879 0.0013888398781731126 0.0018768348247028203 0.000919295321282227 0.001347714910215176 0.0014917718045529722 0.0016725270356672981 0.0 0.0014895022438413301 0.0014449011537119914 0.0019713526875019807 0.0016013396236669905 0.0022235793054433332 0.0020220999344408735
19.0 0.0025340584887682044 0.001492970675347663 0.0022786108843196396 0.0016924722081395989 0.002374343690819229 0.0022555866967049164 0.0022916872886853514 0.002439951341142713 0.002540675735439069 0.0014385154329582955 0.0016968362575175847 0.0022125819257747927 0.0017558125485225675 0.001752982520073964 0.0009035963330053373 0.002277390254743358 0.0024953455617396205 0.0014895022438413301 0.0 0.0022638564570655337 0.002780364440457604 0.002380750875336522 0.0030174545035154036 0.00281859773074774
20.0 0.0013146225896558037 0.0020364702268235732 0.0010959732071846686 0.001674282084576952 0.0013298037793580176 0.0012457266121156257 0.0012437888890780519 0.0013249399348561153 0.002076938397078434 0.002106535098503848 0.0014075980504967766 0.0007631992238721463 0.0026474855596205727 0.001480149984811013 0.0021324293718612613 0.0013640911091059168 0.0010101665584467928 0.0014449011537119914 0.0022638564570655337 0.0 0.0014231444151537396 0.0015198365086827208 0.0020399014300094037 0.0017381057019638575
21.0 0.0012689723766919024 0.0025613373797083528 0.0012893384006649764 0.00219017278994178 0.001550521419421169 0.0014999473663360587 0.0014820858077921565 0.0014757088730927572 0.0026469030155798446 0.0026205978725270442 0.001884446692883536 0.0015576355180428692 0.0031625983243208948 0.0020465967746403097 0.00265119895493762 0.0016640865789456889 0.0017724129270865225 0.0019713526875019807 0.002780364440457604 0.0014231444151537396 0.0 0.0018281630228698458 0.002345636991775308 0.001923153880051094
22.0 0.0014637311044916688 0.0021845225936716565 0.0012081562164994897 0.0017971707930830108 0.0010617697072875557 0.0008893932616583511 0.0010077149265964038 0.001240361442247748 0.002370873202755956 0.0022161565446026377 0.0014081949446217502 0.0015674967854302504 0.0027596969232370214 0.0017602442907233078 0.0022580998494329887 0.0007470571756363453 0.001841828092502206 0.0016013396236669905 0.002380750875336522 0.0015198365086827208 0.0018281630228698458 0.0 0.0017336904661469387 0.0015642640282393485
23.0 0.001986312187403656 0.0028121518693213945 0.0017085508491835682 0.002425748760908774 0.0016670593546637968 0.0015063559425148557 0.0015566537699269155 0.0017910083470330973 0.0029643888821676008 0.0028536471945175604 0.0020577545806634736 0.0020981001437718355 0.003397373805959387 0.002362578341307428 0.002891964048798479 0.0014761648866547222 0.002372942420841268 0.0022235793054433332 0.0030174545035154036 0.0020399014300094037 0.002345636991775308 0.0017336904661469387 0.0 0.002140650196140773
24.0 0.0014642062940131706 0.002610208939104716 0.0013009678455699878 0.0022288778813779452 0.0010101416643580664 0.0011360403947644959 0.0011363977616539165 0.0010403366560954074 0.0027440161685692455 0.0026560636656940357 0.0018788907390424616 0.0018147365000407752 0.0031991519772917422 0.0021432138266884414 0.0026923539289669353 0.001402385939446714 0.0020798858784928146 0.0020220999344408735 0.00281859773074774 0.0017381057019638575 0.001923153880051094 0.0015642640282393485 0.002140650196140773 0.0
