0.0 1.0 2.0 3.0 4.0 5.0 6.0 7.0 8.0 9.0 10.0 11.0 12.0 13.0 14.0 15.0 16.0 17.0 18.0 19.0 20.0 21.0 22.0 23.0 24.0
1.0 0.0 0.0016078716389666134 0.0007968427839249119 0.0012022502591030493 0.0009916114587312543 0.0009363621349274772 0.000896839355257569 0.0008584762663755719 0.0010516543492378686 0.001337215280636222 0.0011300260941230704 0.0009561056695554408 0.001463494798784298 0.0012553119743711483 0.0015304829164401086 0.0010041430558264677 0.000951929235461328 0.0011771572434798416 0.0015338562878696685 0.0009093510207629998 0.0011396030468242865 0.0010677243500400472 0.0009555984199407732 0.0011336446896647056
2.0 0.0016078716389666134 0.0 0.0014177957739973284 0.0010075027812698463 0.001525472126963909 0.0014014209218880043 0.0014146739889441622 0.0015518127011379058 0.0012116655423818324 0.0009474459968128082 0.0011234696887574178 0.0013267606838913136 0.000962715608759494 0.0013598968071645038 0.0008825559212354503 0.0013442126254320419 0.0013576482913832254 0.00103772616396603 0.0009384401632159848 0.0013511567126153565 0.001827613557036313 0.0013501843140781228 0.0013251212037590073 0.001760406628879644
3.0 0.0007968427839249119 0.0014177957739973284 0.0 0.0010123170700199185 0.0008321650673242587 0.0007475613815787069 0.0007039482418368919 0.0007688725221498749 0.0008640110282238564 0.0011461410559264874 0.0009362381053372663 0.0007843740581717867 0.0012726265276906974 0.0010752224161436987 0.0013399022137873418 0.0008021114065098094 0.0007904815953557547 0.000988619785018855 0.001343157259899598 0.0007407027263125104 0.001108817250772688 0.0008720826146016796 0.0007441954121199015 0.001020518518516649
4.0 0.0012022502591030493 0.0010075027812698463 0.0010123170700199185 0.0 0.0011273982118165668 0.0010039967378457281 0.001014952961656418 0.0011501255900459079 0.0007834070492250117 0.0007709306605812123 0.0007272825440561284 0.0009110327704002738 0.000894244633247858 0.0009383365634182458 0.0009495153713292299 0.0009491806164948207 0.0009428302006366789 0.0005576459572898403 0.0009591605735051396 0.0009379889868852597 0.0014180559470230998 0.0009619251078362965 0.0009253532273321648 0.0013605542494613937
5.0 0.0009916114587312543 0.001525472126963909 0.0008321650673242587 0.0011273982118165668 0.0 0.0006430210227468852 0.0006563456559238454 0.0007710839023527666 0.001013653470266095 0.0012469985384632308 0.0010313323016021556 0.00098004861330054 0.0013742718049416873 0.0012289737211501326 0.0014436360005688367 0.000826009322137085 0.0009934987178573525 0.0011121786020617864 0.00144586705659575 0.0009540972820732324 0.0013374919947130304 0.000877087378110156 0.0008136291609226891 0.00087885176552658
6.0 0.0009363621349274772 0.0014014209218880043 0.0007475613815787069 0.0010039967378457281 0.0006430210227468852 0.0 0.0005286346496247555 0.0007749371457395286 0.0008953174643387633 0.0011219150291002084 0.0009038714097598778 0.0008726293340537453 0.0012493765856199323 0.001112991815991395 0.0013190498634665915 0.0006620177448562693 0.0008889356702311982 0.00099018970664059 0.0013211466674581472 0.0008506899588289876 0.0012532157616515333 0.0007294186591260158 0.0006597366087610475 0.0009463821145580544
7.0 0.000896839355257569 0.0014146739889441622 0.0007039482418368919 0.001014952961656418 0.0006563456559238454 0.0005286346496247555 0.0 0.0007284058126487774 0.0008954862204940983 0.0011373257338822996 0.0009210499951182634 0.0008597972400806018 0.0012645292794548064 0.0011121865326492908 0.0013335363681436176 0.0007084729934447602 0.0008739239494199673 0.0009985259974732495 0.0013359555435972675 0.0008333542310500005 0.0012252022586050587 0.0007820056175093177 0.0006777132055622214 0.0009220592972280805
8.0 0.0008584762663755719 0.0015518127011379058 0.0007688725221498749 0.0011501255900459079 0.0007710839023527666 0.0007749371457395286 0.0007284058126487774 0.0 0.001018945919751147 0.0012769924600331479 0.0010647144020143765 0.0009596555427184968 0.001403809176764833 0.0012305852521868922 0.0014720498837121159 0.0008945564562312341 0.0009671065335303617 0.0011304356797453424 0.001474819298080505 0.0009246601101721808 0.0012676907180883446 0.0009561415632737299 0.0008592226343589376 0.0008400193402741071
9.0 0.0010516543492378686 0.0012116655423818324 0.0008640110282238564 0.0007834070492250117 0.001013653470266095 0.0008953174643387633 0.0008954862204940983 0.001018945919751147 0.0 0.000956852295340653 0.0007766449105494706 0.0007056887405330726 0.0010812383236124324 0.0008161920449428995 0.00114336600310764 0.0008577959959507261 0.0007459446621990566 0.0007353877507291929 0.0011491505857217207 0.0007474864335972432 0.0012478951984013372 0.0008957275791926025 0.0008143229297900135 0.0012376979317471168
10.0 0.001337215280636222 0.0009474459968128082 0.0011461410559264874 0.0007709306605812123 0.0012469985384632308 0.0011219150291002084 0.0011373257338822996 0.0012769924600331479 0.000956852295340653 0.0 0.0008285458896089722 0.0010665979637037 0.0006814436397887249 0.001123654996742629 0.0008017036173142758 0.0010615762081370272 0.0010971749824253507 0.0008188789419081616 0.00079352720467612 0.0010879848601903536 0.0015617480674422982 0.0010622513901967804 0.0010463029103441497 0.0014838772582939932
11.0 0.0011300260941230704 0.0011234696887574178 0.0009362381053372663 0.0007272825440561284 0.0010313323016021556 0.0009038714097598778 0.0009210499951182634 0.0010647144020143765 0.0007766449105494706 0.0008285458896089722 0.0 0.0008761147599340217 0.0009619687693907149 0.0009852676968192427 0.0010350339851293948 0.0008361468355347888 0.0009064713039188008 0.0007502949450044541 0.001036126479531963 0.0008917329342948258 0.0013618190086072345 0.0008375213806183228 0.0008222143326280553 0.0012702681660347278
12.0 0.0009561056695554408 0.0013267606838913136 0.0007843740581717867 0.0009110327704002738 0.00098004861330054 0.0008726293340537453 0.0008597972400806018 0.0009596555427184968 0.0007056887405330726 0.0010665979637037 0.0008761147599340217 0.0 0.001191446511987632 0.000889552564508699 0.0012553152962323903 0.0008636460581340941 0.0004732532230947203 0.0008710424983755065 0.0012601929557357883 0.0005264054156134277 0.001107315380492684 0.0009166071536646954 0.0008096218284788223 0.0011900063119801916
13.0 0.001463494798784298 0.000962715608759494 0.0012726265276906974 0.000894244633247858 0.0013742718049416873 0.0012493765856199323 0.0012645292794548064 0.001403809176764833 0.0010812383236124324 0.0006814436397887249 0.0009619687693907149 0.001191446511987632 0.0 0.0012441661352220268 0.0007316836843762212 0.001189572509152355 0.0012220342516255551 0.0009365841576815513 0.000698208160056232 0.0012132831208735884 0.0016873569935454765 0.001190733580222667 0.0011739055296140864 0.0016108849436197938
14.0 0.0012553119743711483 0.0013598968071645038 0.0010752224161436987 0.0009383365634182458 0.0012289737211501326 0.001112991815991395 0.0011121865326492908 0.0012305852521868922 0.0008161920449428995 0.001123654996742629 0.0009852676968192427 0.000889552564508699 0.0012441661352220268 0.0 0.0013013277959701963 0.0010797321426656745 0.0009177114458099594 0.0008626126745907708 0.0013092277772612652 0.0009399000053417684 0.0014349203970867087 0.001114577191644441 0.0010392348941103097 0.001450809924497286
15.0 0.0015304829164401086 0.0008825559212354503 0.0013399022137873418 0.0009495153713292299 0.0014436360005688367 0.0013190498634665915 0.0013335363681436176 0.0014720498837121159 0.00114336600310764 0.0008017036173142758 0.0010350339851293948 0.0012553152962323903 0.0007316836843762212 0.0013013277959701963 0.0 0.0012601701057888307 0.0012860087821934707 0.0009882064901580614 0.0005530002600449252 0.0012780366922002344 0.0017529274735199932 0.0012630180053053112 0.0012433039791559116 0.001679646857669663
16.0 0.0010041430558264677 0.0013442126254320419 0.0008021114065098094 0.0009491806164948207 0.000826009322137085 0.0006620177448562693 0.0007084729934447602 0.0008945564562312341 0.0008577959959507261 0.0010615762081370272 0.0008361468355347888 0.0008636460581340941 0.001189572509152355 0.0010797321426656745 0.0012601701057888307 0.0 0.0008854019841471618 0.0009397604925530634 0.001261850629387009 0.0008517573076386487 0.001283704299257157 0.0006151250724085102 0.0005563477826223945 0.001086636678612734
17.0 0.000951929235461328 0.0013576482913832254 0.0007904815953557547 0.0009428302006366789 0.0009934987178573525 0.0008889356702311982 0.0008739239494199673 0.0009671065335303617 0.0007459446621990566 0.0010971749824253507 0.0009064713039188008 0.0004732532230947203 0.0012220342516255551 0.0009177114458099594 0.0012860087821934707 0.0008854019841471618 0.0 0.0009033170629932671 0.0012908276977701644 0.0005154742515377423 0.00108081311422104 0.000939384538309614 0.0008314093761629212 0.0012000429275086642
18.0 0.0011771572434798416 0.00103772616396603 0.000988619785018855 0.0005576459572898403 0.0011121786020617864 0.00099018970664059 0.0009985259974732495 0.0011304356797453424 0.0007353877507291929 0.0008188789419081616 0.0007502949450044541 0.0008710424983755065 0.0009365841576815513 0.0008626126745907708 0.0009882064901580614 0.0009397604925530634 0.0009033170629932671 0.0 0.000998869672387068 0.0009024782638870718 0.0013865181924164896 0.0009581927656773133 0.0009116148759015895 0.0013429689302303029
19.0 0.0015338562878696685 0.0009384401632159848 0.001343157259899598 0.0009591605735051396 0.00144586705659575 0.0013211466674581472 0.0013359555435972675 0.001474819298080505 0.0011491505857217207 0.00079352720467612 0.001036126479531963 0.0012601929557357883 0.000698208160056232 0.0013092277772612652 0.0005530002600449252 0.001261850629387009 0.0012908276977701644 0.000998869672387068 0.0 0.0012824957995663938 0.0017569750331200484 0.001263856046260282 0.0012455772352387715 0.0016821587594067788
20.0 0.0009093510207629998 0.0013511567126153565 0.0007407027263125104 0.0009379889868852597 0.0009540972820732324 0.0008506899588289876 0.0008333542310500005 0.0009246601101721808 0.0007474864335972432 0.0010879848601903536 0.0008917329342948258 0.0005264054156134277 0.0012132831208735884 0.0009399000053417684 0.0012780366922002344 0.0008517573076386487 0.0005154742515377423 0.0009024782638870718 0.0012824957995663938 0.0 0.0010566698468118326 0.0009090330750941302 0.0007951573929988162 0.0011591011173700608
21.0 0.0011396030468242865 0.001827613557036313 0.001108817250772688 0.0014180559470230998 0.0013374919947130304 0.0012532157616515333 0.0012252022586050587 0.0012676907180883446 0.0012478951984013372 0.0015617480674422982 0.0013618190086072345 0.001107315380492684 0.0016873569935454765 0.0014349203970867087 0.0017529274735199932 0.001283704299257157 0.00108081311422104 0.0013865181924164896 0.0017569750331200484 0.0010566698468118326 0.0 0.001344127505799017 0.0012302632681670742 0.0015187405716006663
22.0 0.0010677243500400472 0.0013501843140781228 0.0008720826146016796 0.0009619251078362965 0.000877087378110156 0.0007294186591260158 0.0007820056175093177 0.0009561415632737299 0.0008957275791926025 0.0010622513901967804 0.0008375213806183228 0.0009166071536646954 0.001190733580222667 0.001114577191644441 0.0012630180053053112 0.0006151250724085102 0.000939384538309614 0.0009581927656773133 0.001263856046260282 0.0009090330750941302 0.001344127505799017 0.0 0.0006975546350529413 0.001141255170691967
23.0 0.0009555984199407732 0.0013251212037590073 0.0007441954121199015 0.0009253532273321648 0.0008136291609226891 0.0006597366087610475 0.0006777132055622214 0.0008592226343589376 0.0008143229297900135 0.0010463029103441497 0.0008222143326280553 0.0008096218284788223 0.0011739055296140864 0.0010392348941103097 0.0012433039791559116 0.0005563477826223945 0.0008314093761629212 0.0009116148759015895 0.0012455772352387715 0.0007951573929988162 0.0012302632681670742 0.0006975546350529413 0.0 0.001061997262859455
24.0 0.0011336446896647056 0.001760406628879644 0.001020518518516649 0.0013605542494613937 0.00087885176552658 0.0009463821145580544 0.0009220592972280805 0.0008400193402741071 0.0012376979317471168 0.0014838772582939932 0.0012702681660347278 0.0011900063119801916 0.0016108849436197938 0.001450809924497286 0.001679646857669663 0.001086636678612734 0.0012000429275086642 0.0013429689302303029 0.0016821587594067788 0.0011591011173700608 0.0015187405716006663 0.001141255170691967 0.001061997262859455 0.0
