0.0 1.0 2.0 3.0 4.0 5.0 6.0 7.0 8.0 9.0 10.0 11.0 12.0 13.0 14.0 15.0 16.0 17.0 18.0 19.0 20.0 21.0 22.0 23.0 24.0
1.0 0.0 0.0016731979403655551 0.0008459731787569863 0.001247331946720677 0.0010465087320898692 0.0009824933785451133 0.0009403744162645657 0.0009112910746522239 0.0011465537341222986 0.0014012857633275734 0.0011860964344886033 0.001055740673915899 0.001474894536597703 0.0013398348524811248 0.0015522289008875144 0.0010357296531820453 0.0010501792415967333 0.0012407897863543921 0.0015449046209008053 0.0009852342318003157 0.001269940561234869 0.0010727933504701829 0.001013080998464809 0.0010824548328738875
2.0 0.0016731979403655551 0.0 0.001439696602863347 0.0010287191828853614 0.0015324859396259277 0.001409332808094289 0.001422376911521981 0.0015520358387408895 0.0012602069801274736 0.0009888906412599948 0.0011510404974827268 0.0013879920415037924 0.0009399652705288615 0.0013600148852563282 0.0008759842863907898 0.0013495410940892395 0.0014186170716554791 0.0010662481951039145 0.0009201852125587748 0.0013912774825598868 0.0019142089232698407 0.001336435437705991 0.001355019592393876 0.0016540214451446736
3.0 0.0008459731787569863 0.001439696602863347 0.0 0.0010133870072743952 0.0008364669580044946 0.0007448755596020039 0.000697753498398125 0.0007664367555821848 0.0009142633005623259 0.0011664449431645534 0.0009483841986686102 0.0008399795927810242 0.0012403744411108074 0.0011147986822189627 0.001318069531757554 0.0007873822609967907 0.0008449154194260036 0.0010081046926053547 0.0013106031082127136 0.0007725616918946012 0.001194874881304091 0.0008323780954934631 0.0007548997436612607 0.0009158632424355788
4.0 0.001247331946720677 0.0010287191828853614 0.0010133870072743952 0.0 0.0011142128789951918 0.0009909674668127657 0.0010017252453148186 0.001130403704892004 0.0008060805721735482 0.0007937646046286329 0.000721612431545793 0.0009511181828445615 0.0008626573067594605 0.0009235080133607936 0.0009274163731446093 0.0009320704863827727 0.000983204054486361 0.0005527085339592742 0.000926743156799849 0.000956926085459456 0.0014843117202054436 0.0009255714821512797 0.0009328571718744114 0.0012344484306829637
5.0 0.0010465087320898692 0.0015324859396259277 0.0008364669580044946 0.0011142128789951918 0.0 0.0006539262530718582 0.0006631351812227569 0.0007692367798476851 0.0010529369940192165 0.0012497390717298397 0.0010285018610599762 0.0010303757190320223 0.0013251551130977032 0.0012536030374358925 0.0014056207474368678 0.0008064062986475004 0.0010436334819429844 0.0011176472437526364 0.0013968399336944126 0.0009825336259484709 0.0014222410519213419 0.0008243824528863398 0.000818637352462896 0.0007948413780417456
6.0 0.0009824933785451133 0.001409332808094289 0.0007448755596020039 0.0009909674668127657 0.0006539262530718582 0.0 0.000528620970563692 0.0007617278322031274 0.0009326142480066107 0.001125768521294341 0.000902276781008798 0.000919291538817364 0.0012013994574732582 0.001135175449096381 0.0012820901255869354 0.0006433716645618259 0.0009350999967335366 0.0009952653053923914 0.0012732235075787078 0.0008748913419951714 0.00133070426248327 0.0006802878929954733 0.0006624509381654795 0.0008390448547337241
7.0 0.0009403744162645657 0.001422376911521981 0.000697753498398125 0.0010017252453148186 0.0006631351812227569 0.000528620970563692 0.0 0.0007143397891719856 0.0009322086775867273 0.001141657247138773 0.0009192335875443953 0.000904833775591956 0.001216825815940157 0.0011349341885847945 0.0012966824956945392 0.000686844221990343 0.0009183113258215039 0.0010034700865416786 0.0012882057249873676 0.0008556032944160171 0.0013012401605147297 0.0007312322981677993 0.0006792277923026234 0.0008147306379707162
8.0 0.0009112910746522239 0.0015520358387408895 0.0007664367555821848 0.001130403704892004 0.0007692367798476851 0.0007617278322031274 0.0007143397891719856 0.0 0.001051877873129075 0.0012739777858473003 0.0010547841677591568 0.0010033705424034667 0.0013486120941861891 0.0012510318983862468 0.0014277068265581639 0.0008612485737159144 0.00101079841304148 0.001129678261002653 0.0014195600351110402 0.0009464935679083365 0.0013503634188445953 0.0008920876780330966 0.0008526045028015793 0.0007328163185049757
9.0 0.0011465537341222986 0.0012602069801274736 0.0009142633005623259 0.0008060805721735482 0.0010529369940192165 0.0009326142480066107 0.0009322086775867273 0.001051877873129075 0.0 0.0010092589270898579 0.0008152938677177344 0.0007869504198052897 0.0010795799307349997 0.0008690507414962588 0.0011506713428639302 0.0008869692949641805 0.0008292983350812412 0.0007747330970866622 0.0011463834621315803 0.0008093481376195769 0.0013595576899599305 0.0009043782463679765 0.0008687556784663882 0.0011652240110204986
10.0 0.0014012857633275734 0.0009888906412599948 0.0011664449431645534 0.0007937646046286329 0.0012497390717298397 0.001125768521294341 0.001141657247138773 0.0012739777858473003 0.0010092589270898579 0.0 0.0008520127756450218 0.0011310394611084421 0.0006505414819618256 0.0011389770389439158 0.0007902676524099536 0.001062955188984568 0.0011613517191388426 0.0008509669552967799 0.0007694785120620782 0.0011303227290382885 0.001650222383466352 0.0010436015969454624 0.0010730369238121477 0.0013735372904461313
11.0 0.0011860964344886033 0.0011510404974827268 0.0009483841986686102 0.000721612431545793 0.0010285018610599762 0.000902276781008798 0.0009192335875443953 0.0010547841677591568 0.0008152938677177344 0.0008520127756450218 0.0 0.000930245258308089 0.0009348932670403235 0.000997770556539188 0.0010185879312739413 0.0008326501484558603 0.0009607369868983825 0.0007593837685995843 0.0010090728624799496 0.000924394026195337 0.0014425145668653585 0.0008158266221154709 0.000842549724960343 0.001153770600612627
12.0 0.001055740673915899 0.0013879920415037924 0.0008399795927810242 0.0009511181828445615 0.0010303757190320223 0.000919291538817364 0.000904833775591956 0.0010033705424034667 0.0007869504198052897 0.0011310394611084421 0.000930245258308089 0.0 0.0012020601443767584 0.0009680440489492962 0.00127513587656292 0.0009004648484584239 0.0005314222678450642 0.0009286830699258538 0.0012698046170987174 0.0005707205531194381 0.0012107714843129478 0.0009315037855123609 0.0008720466337763088 0.0011294669191220593
13.0 0.001474894536597703 0.0009399652705288615 0.0012403744411108074 0.0008626573067594605 0.0013251551130977032 0.0012013994574732582 0.001216825815940157 0.0013486120941861891 0.0010795799307349997 0.0006505414819618256 0.0009348932670403235 0.0012020601443767584 0.0 0.0012023017084774104 0.0006602964155362186 0.0011392680373514662 0.0012323832110961448 0.0009133832312498316 0.0006167897017136073 0.0012020817255900896 0.0017224180302282145 0.0011207874024615706 0.0011486681487249324 0.0014485400782766776
14.0 0.0013398348524811248 0.0013600148852563282 0.0011147986822189627 0.0009235080133607936 0.0012536030374358925 0.001135175449096381 0.0011349341885847945 0.0012510318983862468 0.0008690507414962588 0.0011389770389439158 0.000997770556539188 0.0009680440489492962 0.0012023017084774104 0.0 0.0012657408083659497 0.00109249971020145 0.000997009863588399 0.0008611914981323295 0.0012646240607268652 0.0009961085559550466 0.0015354656908371166 0.0011044673355591688 0.0010789333519423423 0.0013646977299749704
15.0 0.0015522289008875144 0.0008759842863907898 0.001318069531757554 0.0009274163731446093 0.0014056207474368678 0.0012820901255869354 0.0012966824956945392 0.0014277068265581639 0.0011506713428639302 0.0007902676524099536 0.0010185879312739413 0.00127513587656292 0.0006602964155362186 0.0012657408083659497 0.0 0.0012207923050497806 0.0013055757984542545 0.0009740315526501776 0.0005100258439234124 0.001276285346850529 0.0017975238642426157 0.0012041968819669453 0.0012288183104360397 0.001528341746557221
16.0 0.0010357296531820453 0.0013495410940892395 0.0007873822609967907 0.0009320704863827727 0.0008064062986475004 0.0006433716645618259 0.000686844221990343 0.0008612485737159144 0.0008869692949641805 0.001062955188984568 0.0008326501484558603 0.0009004648484584239 0.0011392680373514662 0.00109249971020145 0.0012207923050497806 0.0 0.000921556185722664 0.0009396426907952492 0.001211574021599355 0.000865593193430774 0.0013471901446153827 0.0005683172081388515 0.0005421307128144843 0.000950688885238807
17.0 0.0010501792415967333 0.0014186170716554791 0.0008449154194260036 0.000983204054486361 0.0010436334819429844 0.0009350999967335366 0.0009183113258215039 0.00101079841304148 0.0008292983350812412 0.0011613517191388426 0.0009607369868983825 0.0005314222678450642 0.0012323832110961448 0.000997009863588399 0.0013055757984542545 0.000921556185722664 0.0 0.0009613593899948413 0.0013001759346711597 0.0005531201365910857 0.0011769103570976162 0.000953313677568707 0.0008931836203555925 0.0011395540382014686
18.0 0.0012407897863543921 0.0010662481951039145 0.0010081046926053547 0.0005527085339592742 0.0011176472437526364 0.0009952653053923914 0.0010034700865416786 0.001129678261002653 0.0007747330970866622 0.0008509669552967799 0.0007593837685995843 0.0009286830699258538 0.0009133832312498316 0.0008611914981323295 0.0009740315526501776 0.0009396426907952492 0.0009613593899948413 0.0 0.0009745867069318711 0.0009390067647345995 0.0014701366961497487 0.0009381746658833582 0.0009365234917833179 0.0012359108114425956
19.0 0.0015449046209008053 0.0009201852125587748 0.0013106031082127136 0.000926743156799849 0.0013968399336944126 0.0012732235075787078 0.0012882057249873676 0.0014195600351110402 0.0011463834621315803 0.0007694785120620782 0.0010090728624799496 0.0012698046170987174 0.0006167897017136073 0.0012646240607268652 0.0005100258439234124 0.001211574021599355 0.0013001759346711597 0.0009745867069318711 0.0 0.0012704348369391326 0.00179121980362699 0.0011940693654566576 0.0012202575458070647 0.0015198570364995264
20.0 0.0009852342318003157 0.0013912774825598868 0.0007725616918946012 0.000956926085459456 0.0009825336259484709 0.0008748913419951714 0.0008556032944160171 0.0009464935679083365 0.0008093481376195769 0.0011303227290382885 0.000924394026195337 0.0005707205531194381 0.0012020817255900896 0.0009961085559550466 0.001276285346850529 0.000865593193430774 0.0005531201365910857 0.0009390067647345995 0.0012704348369391326 0.0 0.0011359492427107313 0.0009003436342244666 0.0008347734095549622 0.001077029338424339
21.0 0.001269940561234869 0.0019142089232698407 0.001194874881304091 0.0014843117202054436 0.0014222410519213419 0.00133070426248327 0.0013012401605147297 0.0013503634188445953 0.0013595576899599305 0.001650222383466352 0.0014425145668653585 0.0012107714843129478 0.0017224180302282145 0.0015354656908371166 0.0017975238642426157 0.0013471901446153827 0.0011769103570976162 0.0014701366961497487 0.00179121980362699 0.0011359492427107313 0.0 0.001383005249583866 0.0013195805053422063 0.0014961239553803042
22.0 0.0010727933504701829 0.001336435437705991 0.0008323780954934631 0.0009255714821512797 0.0008243824528863398 0.0006802878929954733 0.0007312322981677993 0.0008920876780330966 0.0009043782463679765 0.0010436015969454624 0.0008158266221154709 0.0009315037855123609 0.0011207874024615706 0.0011044673355591688 0.0012041968819669453 0.0005683172081388515 0.000953313677568707 0.0009381746658833582 0.0011940693654566576 0.0009003436342244666 0.001383005249583866 0.0 0.000664767467949974 0.0009714716225310066
23.0 0.001013080998464809 0.001355019592393876 0.0007548997436612607 0.0009328571718744114 0.000818637352462896 0.0006624509381654795 0.0006792277923026234 0.0008526045028015793 0.0008687556784663882 0.0010730369238121477 0.000842549724960343 0.0008720466337763088 0.0011486681487249324 0.0010789333519423423 0.0012288183104360397 0.0005421307128144843 0.0008931836203555925 0.0009365234917833179 0.0012202575458070647 0.0008347734095549622 0.0013195805053422063 0.000664767467949974 0.0 0.0009530250905854455
24.0 0.0010824548328738875 0.0016540214451446736 0.0009158632424355788 0.0012344484306829637 0.0007948413780417456 0.0008390448547337241 0.0008147306379707162 0.0007328163185049757 0.0011652240110204986 0.0013735372904461313 0.001153770600612627 0.0011294669191220593 0.0014485400782766776 0.0013646977299749704 0.001528341746557221 0.000950688885238807 0.0011395540382014686 0.0012359108114425956 0.0015198570364995264 0.001077029338424339 0.0014961239553803042 0.0009714716225310066 0.0009530250905854455 0.0
