0.0 1.0 2.0 3.0 4.0 5.0 6.0 7.0 8.0 9.0 10.0 11.0 12.0 13.0 14.0 15.0 16.0 17.0 18.0 19.0 20.0 21.0 22.0 23.0 24.0
1.0 0.0 0.0014654313442697571 0.0008020644178185254 0.001262430394415594 0.0009536006017697791 0.0009384086154982688 0.0008994908619899746 0.0008503312285794216 0.0011922513764971337 0.0014032200929360488 0.0011580324061463245 0.0010304884390304146 0.00173846630327635 0.0012110258648004215 0.001530404806558377 0.0010260011276211423 0.0010788224961518007 0.0012044650643811506 0.0015622534643300275 0.0009616714936924672 0.0009063771316470846 0.0011134577890497353 0.0011076280104119502 0.0010863916179260705
2.0 0.0014654313442697571 0.0 0.001317825972253413 0.000984651712546184 0.0013957409032231281 0.0013225200519111702 0.0013295408660823746 0.0014315963239183186 0.0011741525609530194 0.0009672080888766523 0.0010550863575265947 0.0012389952214845537 0.001226289244636533 0.0010394026117243973 0.0009008326594211625 0.00129760970964114 0.0013186283685841693 0.000939259942376122 0.0009725321539797182 0.0012625515705425737 0.0015240886213497415 0.001343266450924379 0.0014037864044792697 0.0016027270911216497
3.0 0.0008020644178185254 0.001317825972253413 0.0 0.0011060399703255756 0.0008024554087421996 0.0007583152274690209 0.0007119873658011234 0.0007664796518897432 0.0010339334198617193 0.0012476937711540324 0.0009912008165441205 0.0008825431599529135 0.0015845485261650142 0.0010678076479428995 0.001378886457546382 0.0008367766096722584 0.0009427325150926404 0.001050437546700996 0.00140991618745246 0.0008170620607014483 0.0009429180094004249 0.0009329851925903854 0.0009047691358946815 0.000978473273530644
4.0 0.001262430394415594 0.000984651712546184 0.0011060399703255756 0.0 0.0011812150052503668 0.001105203701946969 0.0011138674519265556 0.001221653963406794 0.0009412233063417744 0.0009067454722934349 0.0007848445128265421 0.0010326886819770548 0.0012494802578465291 0.0008812585496575801 0.0010423065970095826 0.0010745067477680088 0.001115224044518492 0.0006287079794230156 0.0010773681533143829 0.0010547533907917762 0.0013246027533770017 0.0011199420566488992 0.0011807956175278293 0.0013914215666672117
5.0 0.0009536006017697791 0.0013957409032231281 0.0008024554087421996 0.0011812150052503668 0.0 0.000605498220001336 0.0006291615027489486 0.0007347216029465454 0.0011393812341296409 0.0013127905820079014 0.001045098199081694 0.0010332890392608111 0.0016513295262736158 0.0011694650067110902 0.0014495739051795897 0.0007975733261840574 0.001098313980115556 0.0011324313014047954 0.0014787873271259995 0.0009859715019715743 0.00111739609857558 0.0008709376746041599 0.0009219579352595163 0.0007936274425551816
6.0 0.0009384086154982688 0.0013225200519111702 0.0007583152274690209 0.001105203701946969 0.000605498220001336 0.0 0.000535375663838093 0.000771958533530358 0.0010674022775098485 0.00123622862732785 0.0009632231808294836 0.0009710354563486031 0.0015754943514377207 0.0011000188733248741 0.0013748213872443074 0.0006740518113199064 0.0010387255587706308 0.0010578930206411874 0.0014036766113064178 0.0009275065255505181 0.0010840743159163928 0.0007632153736757891 0.0008081488186641222 0.0008943221589009925
7.0 0.0008994908619899746 0.0013295408660823746 0.0007119873658011234 0.0011138674519265556 0.0006291615027489486 0.000535375663838093 0.0 0.000727535916353174 0.0010664138547050747 0.0012480608699644027 0.000979590448989255 0.0009565758640209517 0.0015865979270020714 0.0010995042279902207 0.001384416175187891 0.0007294845431456681 0.0010224585452784005 0.0010642091380047057 0.001413917484648686 0.0009081752188346383 0.001052621677056157 0.0008270123016519118 0.0008277673503075751 0.0008772488872693003
8.0 0.0008503312285794216 0.0014315963239183186 0.0007664796518897432 0.001221653963406794 0.0007347216029465454 0.000771958533530358 0.000727535916353174 0.0 0.0011655628849786966 0.0013578545211145178 0.0010997114998581583 0.001034959474186611 0.0016949310642456871 0.0011925840126569597 0.0014903275706440945 0.0009056515455960793 0.0010943158542819444 0.001168712603173419 0.0015207266173350026 0.0009783604694314828 0.00105672060183156 0.0009912361599767232 0.001001107076774273 0.0008094466321215054
9.0 0.0011922513764971337 0.0011741525609530194 0.0010339334198617193 0.0009412233063417744 0.0011393812341296409 0.0010674022775098485 0.0010664138547050747 0.0011655628849786966 0.0 0.0011261193480229153 0.000909494139633436 0.0008919266575174209 0.0014606281647856945 0.0008690794219547932 0.0012478433074290195 0.0010534151511505645 0.0009877328568993443 0.0008582659499388337 0.0012827262282149921 0.0009322540979482745 0.0012420406810118943 0.0011173000861503975 0.0011422539350771478 0.0013429339883748738
10.0 0.0014032200929360488 0.0009672080888766523 0.0012476937711540324 0.0009067454722934349 0.0013127905820079014 0.00123622862732785 0.0012480608699644027 0.0013578545211145178 0.0011261193480229153 0.0 0.0009242211795620445 0.0011920699152968125 0.0009833769514770844 0.0010485039413848747 0.000896539314681736 0.001202309656569827 0.0012727624812760839 0.0009001359696735566 0.0009036652945519238 0.0012094766372036426 0.0014695060788602692 0.0012395379183072612 0.0013155581352700995 0.0015247790486576695
11.0 0.0011580324061463245 0.0010550863575265947 0.0009912008165441205 0.0007848445128265421 0.001045098199081694 0.0009632231808294836 0.000979590448989255 0.0010997114998581583 0.000909494139633436 0.0009242211795620445 0.0 0.0009692092706462291 0.0012772701590330307 0.0009173133429328604 0.0010886290396892925 0.0009153480331360029 0.001051323311221188 0.0007765175694263004 0.001114385552112729 0.0009766218702208032 0.0012338952710155603 0.0009496462061121822 0.0010322183478718838 0.0012631751524582353
12.0 0.0010304884390304146 0.0012389952214845537 0.0008825431599529135 0.0010326886819770548 0.0010332890392608111 0.0009710354563486031 0.0009565758640209517 0.001034959474186611 0.0008919266575174209 0.0011920699152968125 0.0009692092706462291 0.0 0.0015254532718401502 0.0009233416899742065 0.0013128511379895294 0.0009867579350886207 0.0005872523833101826 0.000960520022849143 0.0013470598561451772 0.000593471601612801 0.0010472320227321546 0.0010652783819761749 0.0010626559735859645 0.0012244467182812922
13.0 0.00173846630327635 0.001226289244636533 0.0015845485261650142 0.0012494802578465291 0.0016513295262736158 0.0015754943514377207 0.0015865979270020714 0.0016949310642456871 0.0014606281647856945 0.0009833769514770844 0.0012772701590330307 0.0015254532718401502 0.0 0.001371517393756838 0.001063552858770276 0.0015433182462947941 0.0016058619515707771 0.00123297301191543 0.001039497781145371 0.0015438139443180651 0.0018036047524974384 0.001581613798846371 0.0016556678763818044 0.0018623726878998549
14.0 0.0012110258648004215 0.0010394026117243973 0.0010678076479428995 0.0008812585496575801 0.0011694650067110902 0.0011000188733248741 0.0010995042279902207 0.0011925840126569597 0.0008690794219547932 0.0010485039413848747 0.0009173133429328604 0.0009233416899742065 0.001371517393756838 0.0 0.0011428471183910385 0.0010883320470134149 0.001002518205904552 0.0007769126297053762 0.00118360647806235 0.0009668374718010057 0.001253495435285796 0.0011470124598596297 0.00118285654238455 0.0013705425003894545
15.0 0.001530404806558377 0.0009008326594211625 0.001378886457546382 0.0010423065970095826 0.0014495739051795897 0.0013748213872443074 0.001384416175187891 0.0014903275706440945 0.0012478433074290195 0.000896539314681736 0.0010886290396892925 0.0013128511379895294 0.001063552858770276 0.0011428471183910385 0.0 0.001345473739024548 0.0013929834772007663 0.001015806653970002 0.0006024346095696298 0.0013330402590957925 0.001593308746200291 0.0013865167959874391 0.0014555442913619441 0.0016590023679928798
16.0 0.0010260011276211423 0.00129760970964114 0.0008367766096722584 0.0010745067477680088 0.0007975733261840574 0.0006740518113199064 0.0007294845431456681 0.0009056515455960793 0.0010534151511505645 0.001202309656569827 0.0009153480331360029 0.0009867579350886207 0.0015433182462947941 0.0010883320470134149 0.001345473739024548 0.0 0.0010593091609505637 0.001031743547461549 0.0013732764616130075 0.000954022240765519 0.0011474025945091282 0.0006501967233966907 0.0007113622426408006 0.001047418594495054
17.0 0.0010788224961518007 0.0013186283685841693 0.0009427325150926404 0.001115224044518492 0.001098313980115556 0.0010387255587706308 0.0010224585452784005 0.0010943158542819444 0.0009877328568993443 0.0012727624812760839 0.001051323311221188 0.0005872523833101826 0.0016058619515707771 0.001002518205904552 0.0013929834772007663 0.0010593091609505637 0.0 0.0010434000350870868 0.0014272434755054765 0.0006303925514360078 0.001078416827867838 0.0011384415765452929 0.0011354770035594368 0.0012863151020288581
18.0 0.0012044650643811506 0.000939259942376122 0.001050437546700996 0.0006287079794230156 0.0011324313014047954 0.0010578930206411874 0.0010642091380047057 0.001168712603173419 0.0008582659499388337 0.0009001359696735566 0.0007765175694263004 0.000960520022849143 0.00123297301191543 0.0007769126297053762 0.001015806653970002 0.001031743547461549 0.0010434000350870868 0.0 0.0010537278437013384 0.0009874093705215376 0.0012624253818149488 0.0010810691599008925 0.001134538264516427 0.0013404857343633537
19.0 0.0015622534643300275 0.0009725321539797182 0.00140991618745246 0.0010773681533143829 0.0014787873271259995 0.0014036766113064178 0.001413917484648686 0.0015207266173350026 0.0012827262282149921 0.0009036652945519238 0.001114385552112729 0.0013470598561451772 0.001039497781145371 0.00118360647806235 0.0006024346095696298 0.0013732764616130075 0.0014272434755054765 0.0010537278437013384 0.0 0.00136641354299454 0.0016261535104608342 0.0014130714853424296 0.0014843930279364514 0.0016888101300459018
20.0 0.0009616714936924672 0.0012625515705425737 0.0008170620607014483 0.0010547533907917762 0.0009859715019715743 0.0009275065255505181 0.0009081752188346383 0.0009783604694314828 0.0009322540979482745 0.0012094766372036426 0.0009766218702208032 0.000593471601612801 0.0015438139443180651 0.0009668374718010057 0.0013330402590957925 0.000954022240765519 0.0006303925514360078 0.0009874093705215376 0.00136641354299454 0.0 0.0009664679539024656 0.0010371243411235304 0.001026337604287815 0.0011725295837014139
21.0 0.0009063771316470846 0.0015240886213497415 0.0009429180094004249 0.0013246027533770017 0.00111739609857558 0.0010840743159163928 0.001052621677056157 0.00105672060183156 0.0012420406810118943 0.0014695060788602692 0.0012338952710155603 0.0010472320227321546 0.0018036047524974384 0.001253495435285796 0.001593308746200291 0.0011474025945091282 0.001078416827867838 0.0012624253818149488 0.0016261535104608342 0.0009664679539024656 0.0 0.0012329084944749415 0.0012255309540732612 0.00127299776928872
22.0 0.0011134577890497353 0.001343266450924379 0.0009329851925903854 0.0011199420566488992 0.0008709376746041599 0.0007632153736757891 0.0008270123016519118 0.0009912361599767232 0.0011173000861503975 0.0012395379183072612 0.0009496462061121822 0.0010652783819761749 0.001581613798846371 0.0011470124598596297 0.0013865167959874391 0.0006501967233966907 0.0011384415765452929 0.0010810691599008925 0.0014130714853424296 0.0010371243411235304 0.0012329084944749415 0.0 0.0008873338787964112 0.001124962687216658
23.0 0.0011076280104119502 0.0014037864044792697 0.0009047691358946815 0.0011807956175278293 0.0009219579352595163 0.0008081488186641222 0.0008277673503075751 0.001001107076774273 0.0011422539350771478 0.0013155581352700995 0.0010322183478718838 0.0010626559735859645 0.0016556678763818044 0.00118285654238455 0.0014555442913619441 0.0007113622426408006 0.0011354770035594368 0.001134538264516427 0.0014843930279364514 0.001026337604287815 0.0012255309540732612 0.0008873338787964112 0.0 0.0011572222512999933
24.0 0.0010863916179260705 0.0016027270911216497 0.000978473273530644 0.0013914215666672117 0.0007936274425551816 0.0008943221589009925 0.0008772488872693003 0.0008094466321215054 0.0013429339883748738 0.0015247790486576695 0.0012631751524582353 0.0012244467182812922 0.0018623726878998549 0.0013705425003894545 0.0016590023679928798 0.001047418594495054 0.0012863151020288581 0.0013404857343633537 0.0016888101300459018 0.0011725295837014139 0.00127299776928872 0.001124962687216658 0.0011572222512999933 0.0
