0.0 1.0 2.0 3.0 4.0 5.0 6.0 7.0 8.0 9.0 10.0 11.0 12.0 13.0 14.0 15.0 16.0 17.0 18.0 19.0 20.0 21.0 22.0 23.0 24.0
1.0 0.0 0.0018926115428511408 0.0009490986835860396 0.0014782669215696776 0.001106836065325801 0.0011067931613634194 0.0010510090662621675 0.001009766260097043 0.0014727077764465114 0.0016359340588102947 0.0013798505374351855 0.00125393567170215 0.0018106476761973898 0.0015915870679041298 0.0016973738661547877 0.0011797037491942937 0.0012972187085567937 0.001437841805775494 0.0017258531659260627 0.0011819091156912306 0.0011292300571912977 0.0012357510611227327 0.0011710290520548744 0.0011744444974224437
2.0 0.0018926115428511408 0.0 0.001599661101758524 0.0012164817213574943 0.0016616447217845246 0.0016078826153543685 0.0016025981356139938 0.001711535325148169 0.001489761626143277 0.0012348682586755455 0.0012958255817116454 0.0015717356002804645 0.0013040175543205135 0.001390582718663985 0.0010602648580922169 0.0015725485617582072 0.001653502440451171 0.0011814874626070709 0.0011300759645993018 0.0015920464724720812 0.0018803249434089701 0.0015763839067367022 0.0015881479017176019 0.0018037341641270292
3.0 0.0009490986835860396 0.001599661101758524 0.0 0.0011744133540444873 0.0008032328306379827 0.0007739356162431046 0.0007100475268411312 0.0007720105842176496 0.0011661600840637263 0.0013320788831873427 0.0010661773048677848 0.0009660907425159725 0.0015093841848864973 0.0012994915752231266 0.0013992294159102527 0.0008371839933705217 0.0010219210008184996 0.0011362185159057422 0.0014267258708335197 0.0008971155741684168 0.0010421116575239713 0.0009049328222995999 0.000814823302769252 0.0009132860964357536
4.0 0.0014782669215696776 0.0012164817213574943 0.0011744133540444873 0.0 0.001235603968300509 0.0011789635381899614 0.0011747471704289794 0.0012894686803228135 0.0010217702053127217 0.0009755432474043767 0.0007973515751661924 0.0011473543637185975 0.0011457535976002813 0.0010126114516019978 0.0010238168764287495 0.0011385887292205683 0.0012331463381837463 0.0006291846704075074 0.0010573379347720339 0.0011679274106228348 0.0014720803564890691 0.001144128329989352 0.0011520722476742878 0.0013810513917527907
5.0 0.001106836065325801 0.0016616447217845246 0.0008032328306379827 0.001235603968300509 0.0 0.0006233745578324622 0.0006319112126295257 0.0007375224036944266 0.0012614552266882162 0.0013751759382886527 0.001107982119118786 0.001119625538815761 0.001556638403726169 0.0013852203184806509 0.0014521571275055965 0.0007894327105482202 0.0011815566768503746 0.0012042427984354366 0.0014775434264599247 0.0010685649253756317 0.001225474136904768 0.0008215239128581255 0.0008247997004920851 0.0007308524700496673
6.0 0.0011067931613634194 0.0016078826153543685 0.0007739356162431046 0.0011789635381899614 0.0006233745578324622 0.0 0.0005524178343361101 0.0007891818272266838 0.0012071203462701331 0.0013178247378843452 0.001047233688737092 0.0010753426892223224 0.001500216444036926 0.0013330799723681303 0.0013968119156935832 0.000685862785827638 0.0011396952374625939 0.0011486238088982055 0.0014218729636862808 0.0010271148902940264 0.0012063943461644827 0.0007376292464587222 0.0007273224369966197 0.0008413192374320541
7.0 0.0010510090662621675 0.0016025981356139938 0.0007100475268411312 0.0011747471704289794 0.0006319112126295257 0.0005524178343361101 0.0 0.0007305181577546597 0.0011925237020589839 0.0013193208282221884 0.0010496605480420289 0.0010441445451095546 0.0015001734990605674 0.0013208747286310664 0.001394719489231972 0.0007251275808052762 0.0011064959132017801 0.001142177310338516 0.0014205147465491436 0.0009913017572732307 0.001158633965573917 0.0007888720616900382 0.0007333683020016918 0.0008114118251866097
8.0 0.001009766260097043 0.001711535325148169 0.0007720105842176496 0.0012894686803228135 0.0007375224036944266 0.0007891818272266838 0.0007305181577546597 0.0 0.0013002329147584536 0.0014375655122969679 0.0011739313163929691 0.0011277940465023025 0.001616178098249066 0.001424413434879621 0.0015079624812997761 0.0009046869842293964 0.0011840663931223894 0.0012542625536344906 0.0015346620349656367 0.0010681815251556595 0.0011756080080592118 0.000954669438819608 0.0009117976127583937 0.0007434476955063083
9.0 0.0014727077764465114 0.001489761626143277 0.0011661600840637263 0.0010217702053127217 0.0012614552266882162 0.0012071203462701331 0.0011925237020589839 0.0013002329147584536 0.0 0.0012586562797129199 0.0010035733208063721 0.0010548601874298207 0.0014275014125463223 0.0011053323541629371 0.0013055956987029365 0.0011796563071272011 0.0011574433348955806 0.0009516501424163648 0.001337900286417271 0.0010968804454497849 0.0014518565551487367 0.0012095280458716761 0.0011739140559587674 0.0014005331996721302
10.0 0.0016359340588102947 0.0012348682586755455 0.0013320788831873427 0.0009755432474043767 0.0013751759382886527 0.0013178247378843452 0.0013193208282221884 0.0014375655122969679 0.0012586562797129199 0.0 0.0009594632679014734 0.001339218202379568 0.0008351870218251637 0.0012428985925794437 0.0008770679782005165 0.0012724425448294718 0.0014215974052102626 0.0009799071437130535 0.000874267320481595 0.0013515913166132392 0.0016384644708308668 0.0012620670113573497 0.0012983575092394592 0.0015241568879620234
11.0 0.0013798505374351855 0.0012958255817116454 0.0010661773048677848 0.0007973515751661924 0.001107982119118786 0.001047233688737092 0.0010496605480420289 0.0011739313163929691 0.0010035733208063721 0.0009594632679014734 0.0 0.0010917487829652365 0.0011576739731453034 0.0010850753884540582 0.0010663649122275222 0.0009947593391927386 0.0011758963704590901 0.0008061133608721588 0.0010886966474366183 0.00109849976492718 0.0013902865779464896 0.0009887625980940027 0.0010166528686808996 0.0012600606156832695
12.0 0.00125393567170215 0.0015717356002804645 0.0009660907425159725 0.0011473543637185975 0.001119625538815761 0.0010753426892223224 0.0010441445451095546 0.0011277940465023025 0.0010548601874298207 0.001339218202379568 0.0010917487829652365 0.0 0.001508317815006176 0.0011965893961299807 0.0013876501554870556 0.001079422941910364 0.0006217663359415963 0.001090814843483863 0.0014190317583262337 0.0006339317314098605 0.0011807130506712121 0.001128868809583203 0.0010613158995234732 0.0012440434008564173
13.0 0.0018106476761973898 0.0013040175543205135 0.0015093841848864973 0.0011457535976002813 0.001556638403726169 0.001500216444036926 0.0015001734990605674 0.001616178098249066 0.0014275014125463223 0.0008351870218251637 0.0011576739731453034 0.001508317815006176 0.0 0.001390506964274121 0.0008644933088392712 0.00145730169294389 0.001590545785634208 0.0011393384448986168 0.000841279096020824 0.001522599968393516 0.001809800586756943 0.0014500688274790951 0.0014809628026131445 0.0017039616759330026
14.0 0.0015915870679041298 0.001390582718663985 0.0012994915752231266 0.0010126114516019978 0.0013852203184806509 0.0013330799723681303 0.0013208747286310664 0.001424413434879621 0.0011053323541629371 0.0012428985925794437 0.0010850753884540582 0.0011965893961299807 0.001390506964274121 0.0 0.0012450718163125407 0.0013063030965247686 0.0012818325785309407 0.0009103381453020132 0.0012851366925872624 0.0012383808178109382 0.0015619015468262595 0.0013252983948790003 0.0013102322183594487 0.0015231003757929578
15.0 0.0016973738661547877 0.0010602648580922169 0.0013992294159102527 0.0010238168764287495 0.0014521571275055965 0.0013968119156935832 0.001394719489231972 0.0015079624812997761 0.0013055956987029365 0.0008770679782005165 0.0010663649122275222 0.0013876501554870556 0.0008644933088392712 0.0012450718163125407 0.0 0.001356901477496699 0.0014697699434370816 0.0010069906043851692 0.0005320787623268805 0.0014043189919484495 0.0016922071533296645 0.0013540623902104957 0.0013773647551336928 0.0015973985225285724
16.0 0.0011797037491942937 0.0015725485617582072 0.0008371839933705217 0.0011385887292205683 0.0007894327105482202 0.000685862785827638 0.0007251275808052762 0.0009046869842293964 0.0011796563071272011 0.0012724425448294718 0.0009947593391927386 0.001079422941910364 0.00145730169294389 0.0013063030965247686 0.001356901477496699 0.0 0.0011486411141731399 0.001111645563758719 0.001380972612082084 0.0010400251083589047 0.0012537493596458747 0.0006154788221645259 0.0005976416326365017 0.0009714967852070397
17.0 0.0012972187085567937 0.001653502440451171 0.0010219210008184996 0.0012331463381837463 0.0011815566768503746 0.0011396952374625939 0.0011064959132017801 0.0011840663931223894 0.0011574433348955806 0.0014215974052102626 0.0011758963704590901 0.0006217663359415963 0.001590545785634208 0.0012818325785309407 0.0014697699434370816 0.0011486411141731399 0.0 0.0011774871664733274 0.0015011407903697347 0.00066253015364026 0.0012029410377599914 0.0011988358435227658 0.0011308613011270004 0.0013029621349007307
18.0 0.001437841805775494 0.0011814874626070709 0.0011362185159057422 0.0006291846704075074 0.0012042427984354366 0.0011486238088982055 0.001142177310338516 0.0012542625536344906 0.0009516501424163648 0.0009799071437130535 0.0008061133608721588 0.001090814843483863 0.0011393384448986168 0.0009103381453020132 0.0010069906043851692 0.001111645563758719 0.0011774871664733274 0.0 0.0010435039528652159 0.0011163224767619228 0.0014264206797715252 0.001121613474800899 0.001121838597913172 0.0013477607105082043
19.0 0.0017258531659260627 0.0011300759645993018 0.0014267258708335197 0.0010573379347720339 0.0014775434264599247 0.0014218729636862808 0.0014205147465491436 0.0015346620349656367 0.001337900286417271 0.000874267320481595 0.0010886966474366183 0.0014190317583262337 0.000841279096020824 0.0012851366925872624 0.0005320787623268805 0.001380972612082084 0.0015011407903697347 0.0010435039528652159 0.0 0.0014348148935167857 0.0017222195370092308 0.0013765091669853088 0.0014026358807125486 0.0016234726476976854
20.0 0.0011819091156912306 0.0015920464724720812 0.0008971155741684168 0.0011679274106228348 0.0010685649253756317 0.0010271148902940264 0.0009913017572732307 0.0010681815251556595 0.0010968804454497849 0.0013515913166132392 0.00109849976492718 0.0006339317314098605 0.001522599968393516 0.0012383808178109382 0.0014043189919484495 0.0010400251083589047 0.00066253015364026 0.0011163224767619228 0.0014348148935167857 0.0 0.0010983556912364872 0.0010942824148179981 0.0010191612289126482 0.0011890783704105868
21.0 0.0011292300571912977 0.0018803249434089701 0.0010421116575239713 0.0014720803564890691 0.001225474136904768 0.0012063943461644827 0.001158633965573917 0.0011756080080592118 0.0014518565551487367 0.0016384644708308668 0.0013902865779464896 0.0011807130506712121 0.001809800586756943 0.0015619015468262595 0.0016922071533296645 0.0012537493596458747 0.0012029410377599914 0.0014264206797715252 0.0017222195370092308 0.0010983556912364872 0.0 0.0013084946567376596 0.0012403397307997285 0.0013179925408300067
22.0 0.0012357510611227327 0.0015763839067367022 0.0009049328222995999 0.001144128329989352 0.0008215239128581255 0.0007376292464587222 0.0007888720616900382 0.000954669438819608 0.0012095280458716761 0.0012620670113573497 0.0009887625980940027 0.001128868809583203 0.0014500688274790951 0.0013252983948790003 0.0013540623902104957 0.0006154788221645259 0.0011988358435227658 0.001121613474800899 0.0013765091669853088 0.0010942824148179981 0.0013084946567376596 0.0 0.0007596600266873345 0.0010093799646335153
23.0 0.0011710290520548744 0.0015881479017176019 0.000814823302769252 0.0011520722476742878 0.0008247997004920851 0.0007273224369966197 0.0007333683020016918 0.0009117976127583937 0.0011739140559587674 0.0012983575092394592 0.0010166528686808996 0.0010613158995234732 0.0014809628026131445 0.0013102322183594487 0.0013773647551336928 0.0005976416326365017 0.0011308613011270004 0.001121838597913172 0.0014026358807125486 0.0010191612289126482 0.0012403397307997285 0.0007596600266873345 0.0 0.0009935823706919153
24.0 0.0011744444974224437 0.0018037341641270292 0.0009132860964357536 0.0013810513917527907 0.0007308524700496673 0.0008413192374320541 0.0008114118251866097 0.0007434476955063083 0.0014005331996721302 0.0015241568879620234 0.0012600606156832695 0.0012440434008564173 0.0017039616759330026 0.0015231003757929578 0.0015973985225285724 0.0009714967852070397 0.0013029621349007307 0.0013477607105082043 0.0016234726476976854 0.0011890783704105868 0.0013179925408300067 0.0010093799646335153 0.0009935823706919153 0.0
