0.0 1.0 2.0 3.0 4.0 5.0 6.0
1.0 0.0 0.0018440112270630305 0.001989302167444966 0.003346200753035318 0.0010933185990988535 0.0013687938672173224
2.0 0.0018440112270630305 0.0 0.0030510873003607494 0.004428069926619976 0.0015034924678039255 0.0024546986810031193
3.0 0.001989302167444966 0.0030510873003607494 0.0 0.0035532493345141877 0.0023478836886479688 0.0016041693987516635
4.0 0.003346200753035318 0.004428069926619976 0.0035532493345141877 0.0 0.0037184946416388247 0.0029189615139731256
5.0 0.0010933185990988535 0.0015034924678039255 0.0023478836886479688 0.0037184946416388247 0.0 0.0017427816971069881
6.0 0.0013687938672173224 0.0024546986810031193 0.0016041693987516635 0.0029189615139731256 0.0017427816971069881 0.0
