0.0 1.0 2.0 3.0 4.0 5.0 6.0
1.0 0.0 0.002014834815754524 0.0024550510435702648 0.00971672363605052 0.0011522613137704976 0.0015112291243288378
2.0 0.002014834815754524 0.0 0.0037428833869125075 0.011025104665644015 0.0015681011974402372 0.002819931778178924
3.0 0.0024550510435702648 0.0037428833869125075 0.0 0.010124456215201786 0.002916572363233526 0.001922319862058828
4.0 0.00971672363605052 0.011025104665644015 0.010124456215201786 0.0 0.010191585558324046 0.009189700479102884
5.0 0.0011522613137704976 0.0015681011974402372 0.002916572363233526 0.010191585558324046 0.0 0.0019858356108808455
6.0 0.0015112291243288378 0.002819931778178924 0.001922319862058828 0.009189700479102884 0.0019858356108808455 0.0
