0.0 1.0 2.0 3.0 4.0 5.0 6.0
1.0 0.0 0.17581093236491468 0.21370959169768866 0.22260927885823378 0.1631870276701353 0.1974837917096208
2.0 0.17581093236491468 0.0 0.2190333464186654 0.2306097013826207 0.12653504762248455 0.20782451297347607
3.0 0.21370959169768866 0.2190333464186654 0.0 0.19875679031452131 0.21477472607036766 0.17702270565191733
4.0 0.22260927885823378 0.2306097013826207 0.19875679031452131 0.0 0.22573557825317944 0.16989875416017
5.0 0.1631870276701353 0.12653504762248455 0.21477472607036766 0.22573557825317944 0.0 0.20221044825744813
6.0 0.1974837917096208 0.20782451297347607 0.17702270565191733 0.16989875416017 0.20221044825744813 0.0
