0.0 1.0 2.0 3.0 4.0 5.0 6.0
1.0 0.0 0.0017874855198045624 0.001646473661015045 0.014352016281303002 0.0012264311020098468 0.0012724887310800734
2.0 0.0017874855198045624 0.0 0.0027517834222912448 0.0154618631439591 0.0013789125799253009 0.0023981696581142128
3.0 0.001646473661015045 0.0027517834222912448 0.0 0.01414820208011222 0.002225652937659908 0.001086892846304164
4.0 0.014352016281303002 0.0154618631439591 0.01414820208011222 0.0 0.01493550017891621 0.013793113753270076
5.0 0.0012264311020098468 0.0013789125799253009 0.002225652937659908 0.01493550017891621 0.0 0.0018638970555163866
6.0 0.0012724887310800734 0.0023981696581142128 0.001086892846304164 0.013793113753270076 0.0018638970555163866 0.0
