0.0 1.0 2.0 3.0 4.0 5.0 6.0
1.0 0.0 0.0016131499918823507 0.0015009153488384024 0.0021092090315418346 0.0010485134328242804 0.0012638963311355257
2.0 0.0016131499918823507 0.0 0.002452217031387507 0.0030634439687192865 0.0012641919541986845 0.0022203165437444028
3.0 0.0015009153488384024 0.002452217031387507 0.0 0.0019576548665490114 0.001900924573698466 0.001109417097395747
4.0 0.0021092090315418346 0.0030634439687192865 0.0019576548665490114 0.0 0.0025116207194623382 0.0017233908656789643
5.0 0.0010485134328242804 0.0012641919541986845 0.001900924573698466 0.0025116207194623382 0.0 0.0016676064827287384
6.0 0.0012638963311355257 0.0022203165437444028 0.001109417097395747 0.0017233908656789643 0.0016676064827287384 0.0
