0.0 1.0 2.0 3.0 4.0 5.0 6.0
1.0 0.0 0.001656252398916599 0.0014788180262780481 0.010324713365023629 0.0011223020674736856 0.0012282812745132623
2.0 0.001656252398916599 0.0 0.0024710598947238855 0.011317243318691717 0.0012433472132000422 0.002233480954457554
3.0 0.0014788180262780481 0.0024710598947238855 0.0 0.010160169508692848 0.001959181122068306 0.001089807557014627
4.0 0.010324713365023629 0.011317243318691717 0.010160169508692848 0.0 0.010807582432951128 0.009903543678173065
5.0 0.0011223020674736856 0.0012433472132000422 0.001959181122068306 0.010807582432951128 0.0 0.0017172348151376707
6.0 0.0012282812745132623 0.002233480954457554 0.001089807557014627 0.009903543678173065 0.0017172348151376707 0.0
