0,1.69985815776293,0.825584477802193,1.42339526593273,1.00132871942054,0.981377080352836,0.929992793713854,0.885155966583293,1.38061244164719,1.68069349128469,1.29227513215321,1.13438672792674,2.10420508347115,1.40067101565487,1.78671862852993,1.09952846611624,1.20265995335049,1.37140780883731,1.82904330936334,1.04573525393763,1.01119516780007,1.22738550590423,1.29080292003125,1.2301754637659
1.69985815776293,0,1.49467310130101,1.02005819585574,1.59946520669131,1.50021507393213,1.50354915494268,1.64415153132007,1.29955255823738,1.03245257068387,1.12656093536986,1.36850437990787,1.38416168837549,1.12275483358372,0.926480275612962,1.47328041842019,1.47822593676123,0.97874821965638,1.01488752053563,1.40466777075973,1.82113483478031,1.54784881131433,1.69459361654043,1.91253593262748
0.825584477802193,1.49467310130101,0,1.21537160715469,0.821402112198524,0.769371072629209,0.714107403525807,0.784986352455512,1.17575878362475,1.47263864505547,1.07743925355919,0.946167164060531,1.89658024654614,1.20235415368985,1.58000163143474,0.873028246561214,1.02729740616349,1.16517935837337,1.62195382104872,0.867364954613773,1.0450752110219,1.00690238831417,1.05169581341857,1.0936518243514
1.42339526593273,1.02005819585574,1.21537160715469,0,1.31803298056239,1.21772736400789,1.22180077720508,1.36452436328217,1.01833920529599,1.00660869975529,0.802655399441974,1.10229579459875,1.43516784389531,0.919385640814847,1.11028487293015,1.18816874796452,1.21288443562932,0.635841144120838,1.1596534942119,1.13403855498815,1.54738238485592,1.26335350042922,1.40900946601376,1.63209589927636
1.00132871942054,1.59946520669131,0.821402112198524,1.31803298056239,0,0.61116081168777,0.630751409584417,0.749846615928193,1.30912336481595,1.56875821065471,1.15879711235874,1.12347962198533,1.99323046351242,1.32981727308522,1.67974415807638,0.836698209653143,1.20915481799442,1.27396553584104,1.72012011199869,1.06084062589236,1.25343789410081,0.952660215464485,1.07389780232562,0.877690510962328
0.981377080352836,1.50021507393213,0.769371072629209,1.21772736400789,0.61116081168777,0,0.531007781440042,0.790318622108266,1.21678030089504,1.46699357731204,1.05219039750705,1.04432960425966,1.89168499420134,1.23701955331452,1.57908001748802,0.687985716355039,1.1328416896656,1.17542008602992,1.619032871289,0.987015965397892,1.21070005523758,0.812339218809313,0.940362024612877,0.997373538618354
0.929992793713854,1.50354915494268,0.714107403525807,1.22180077720508,0.630751409584417,0.531007781440042,0,0.735618079436866,1.20983870745731,1.47362247880753,1.06400885031578,1.02251251054086,1.89813065937012,1.23208860590102,1.58433916521199,0.746872599352239,1.10913840072329,1.17725797579149,1.62489833661932,0.959903223546583,1.16751623184363,0.881848947745748,0.958222538196412,0.971534766385908
0.885155966583293,1.64415153132007,0.784986352455512,1.36452436328217,0.749846615928193,0.790318622108266,0.735618079436866,0,1.33973610150222,1.6185508683902,1.21758348574683,1.12869763638534,2.04264975208977,1.36154787671881,1.72736733881957,0.955910929110617,1.20884139596401,1.31696393882093,1.76863409957274,1.05583592805541,1.18608811931973,1.0828894889564,1.16202669556542,0.913732055165453
1.38061244164719,1.29955255823738,1.17575878362475,1.01833920529599,1.30912336481595,1.21678030089504,1.20983870745731,1.33973610150222,0,1.31008683319206,1.00116681898912,0.978683407214392,1.73154485336131,0.941402037178107,1.40315873574714,1.2115663223432,1.10169387017897,0.933542577108106,1.45115985636723,1.02953055337939,1.48605633492574,1.30520881177852,1.41565072278296,1.61500888812851
1.68069349128469,1.03245257068387,1.47263864505547,1.00660869975529,1.56875821065471,1.46699357731204,1.47362247880753,1.6185508683902,1.31008683319206,0,1.05676935595256,1.37245636586933,1.13150365866542,1.18427609120714,0.973317539593226,1.43307193968548,1.4817428955255,1.0004371498936,0.99001495148896,1.40125961525758,1.8078809421057,1.50152328144312,1.65965159607355,1.8844832390035
1.29227513215321,1.12656093536986,1.07743925355919,0.802655399441974,1.15879711235874,1.05219039750705,1.06400885031578,1.21758348574683,1.00116681898912,1.05676935595256,0,1.03652295320827,1.49408376017045,0.975754846550543,1.19100205801901,1.00447004946959,1.14455795639161,0.802576605552976,1.22877028043584,1.04788867313136,1.43230874173242,1.06841589365522,1.2356090416933,1.47926422554127
1.13438672792674,1.36850437990787,0.946167164060531,1.10229579459875,1.12347962198533,1.04432960425966,1.02251251054086,1.12869763638534,0.978683407214392,1.37245636586933,1.03652295320827,0,1.79366193869129,0.995683825034011,1.46824207768556,1.07496437886941,0.60312477711757,1.03146980457192,1.51438218697579,0.592442034144586,1.19462675031857,1.1862893489779,1.2640541754011,1.41626504398276
2.10420508347115,1.38416168837549,1.89658024654614,1.43516784389531,1.99323046351242,1.89168499420134,1.89813065937012,2.04264975208977,1.73154485336131,1.13150365866542,1.49408376017045,1.79366193869129,0,1.59690762545999,1.24185688094564,1.85835188681943,1.90291653030171,1.42064059223966,1.22465651030084,1.82332599671615,2.23081974934459,1.92678805471673,2.08491572589399,2.30874822672493
1.40067101565487,1.12275483358372,1.20235415368985,0.919385640814847,1.32981727308522,1.23701955331452,1.23208860590102,1.36154787671881,0.941402037178107,1.18427609120714,0.975754846550543,0.995683825034011,1.59690762545999,0,1.25326534954383,1.22833542229474,1.10554008080543,0.813312962168075,1.30708190867649,1.05585197208045,1.50361163569382,1.31654728659285,1.43775974230881,1.63622838638778
1.78671862852993,0.926480275612962,1.58000163143474,1.11028487293015,1.67974415807638,1.57908001748802,1.58433916521199,1.72736733881957,1.40315873574714,0.973317539593226,1.19100205801901,1.46824207768556,1.24185688094564,1.25326534954383,0,1.54819541352345,1.57769393719775,1.08624811713548,0.632338724747564,1.50037241070363,1.91130689059856,1.61897805214278,1.77275007903686,1.99432195480309
1.09952846611624,1.47328041842019,0.873028246561214,1.18816874796452,0.836698209653143,0.687985716355039,0.746872599352239,0.955910929110617,1.2115663223432,1.43307193968548,1.00447004946959,1.07496437886941,1.85835188681943,1.22833542229474,1.54819541352345,0,1.16853134461353,1.15089284652791,1.58695703773748,1.03059101269619,1.30071165016039,0.683750532179595,0.848576560182575,1.18895245563955
1.20265995335049,1.47822593676123,1.02729740616349,1.21288443562932,1.20915481799442,1.1328416896656,1.10913840072329,1.20884139596401,1.10169387017897,1.4817428955255,1.14455795639161,0.60312477711757,1.90291653030171,1.10554008080543,1.57769393719775,1.16853134461353,0,1.14278372244451,1.62370782078877,0.645410371696864,1.24003028063126,1.28102912532614,1.35737624255675,1.49906596267175
1.37140780883731,0.97874821965638,1.16517935837337,0.635841144120838,1.27396553584104,1.17542008602992,1.17725797579149,1.31696393882093,0.933542577108106,1.0004371498936,0.802576605552976,1.03146980457192,1.42064059223966,0.813312962168075,1.08624811713548,1.15089284652791,1.14278372244451,0,1.13817708981739,1.06911657280615,1.49079845478219,1.22964476198193,1.36857412658968,1.58621928319341
1.82904330936334,1.01488752053563,1.62195382104872,1.1596534942119,1.72012011199869,1.619032871289,1.62489833661932,1.76863409957274,1.45115985636723,0.99001495148896,1.22877028043584,1.51438218697579,1.22465651030084,1.30708190867649,0.632338724747564,1.58695703773748,1.62370782078877,1.13817708981739,0,1.54537197811964,1.95460778449743,1.65644275252804,1.81261705452098,2.03515572086083
1.04573525393763,1.40466777075973,0.867364954613773,1.13403855498815,1.06084062589236,0.987015965397892,0.959903223546583,1.05583592805541,1.02953055337939,1.40125961525758,1.04788867313136,0.592442034144586,1.82332599671615,1.05585197208045,1.50037241070363,1.03059101269619,0.645410371696864,1.06911657280615,1.54537197811964,0,1.08552926075091,1.1475248986674,1.21546852305545,1.34835803036927
1.01119516780007,1.82113483478031,1.0450752110219,1.54738238485592,1.25343789410081,1.21070005523758,1.16751623184363,1.18608811931973,1.48605633492574,1.8078809421057,1.43230874173242,1.19462675031857,2.23081974934459,1.50361163569382,1.91130689059856,1.30071165016039,1.24003028063126,1.49079845478219,1.95460778449743,1.08552926075091,0,1.42536317206706,1.48824353695327,1.5081759314436
1.22738550590423,1.54784881131433,1.00690238831417,1.26335350042922,0.952660215464485,0.812339218809313,0.881848947745748,1.0828894889564,1.30520881177852,1.50152328144312,1.06841589365522,1.1862893489779,1.92678805471673,1.31654728659285,1.61897805214278,0.683750532179595,1.28102912532614,1.22964476198193,1.65644275252804,1.1475248986674,1.42536317206706,0,1.05935818603312,1.31044904973745
1.29080292003125,1.69459361654043,1.05169581341857,1.40900946601376,1.07389780232562,0.940362024612877,0.958222538196412,1.16202669556542,1.41565072278296,1.65965159607355,1.2356090416933,1.2640541754011,2.08491572589399,1.43775974230881,1.77275007903686,0.848576560182575,1.35737624255675,1.36857412658968,1.81261705452098,1.21546852305545,1.48824353695327,1.05935818603312,0,1.40970817765734
1.2301754637659,1.91253593262748,1.0936518243514,1.63209589927636,0.877690510962328,0.997373538618354,0.971534766385908,0.913732055165453,1.61500888812851,1.8844832390035,1.47926422554127,1.41626504398276,2.30874822672493,1.63622838638778,1.99432195480309,1.18895245563955,1.49906596267175,1.58621928319341,2.03515572086083,1.34835803036927,1.5081759314436,1.31044904973745,1.40970817765734,0
