0.0 1.0 2.0 3.0 4.0 5.0 6.0 7.0 8.0 9.0 10.0
1.0 0.0 0.0012131836252904306 0.0013495319081542377 0.0007738953806057071 0.0011328511638001527 0.0011565650792477364 0.0010525652368794142 0.0012291969996747667 0.0010401051619589007 0.0007255323444358653
2.0 0.0012131836252904306 0.0 0.0005823311732323674 0.0010058418088869899 0.0009086160897688671 0.0003315133789026743 0.0006387991981543174 0.0007064736311153882 0.0006589117524590979 0.0010789583574197916
3.0 0.0013495319081542377 0.0005823311732323674 0.0 0.0011487168949703458 0.0010768039141593338 0.0006037763859042073 0.0007791397619636722 0.0009234566418540122 0.0007993005808499751 0.0012115301962849568
4.0 0.0007738953806057071 0.0010058418088869899 0.0011487168949703458 0.0 0.0008740850713759858 0.0009487313575989374 0.0008468496927865471 0.0010049498200938208 0.0008341213261652092 0.0007530666658266739
5.0 0.0011328511638001527 0.0009086160897688671 0.0010768039141593338 0.0008740850713759858 0.0 0.0008514137705343612 0.0007873212510724112 0.0008148600462000626 0.0007806738054482311 0.0010250508291145457
6.0 0.0011565650792477364 0.0003315133789026743 0.0006037763859042073 0.0009487313575989374 0.0008514137705343612 0.0 0.0005753635977529467 0.0006590105749802603 0.0005966891409473242 0.0010226446439180023
7.0 0.0010525652368794142 0.0006387991981543174 0.0007791397619636722 0.0008468496927865471 0.0007873212510724112 0.0005753635977529467 0.0 0.0007169604957856131 0.00028813621813668063 0.0009181170382642056
8.0 0.0012291969996747667 0.0007064736311153882 0.0009234566418540122 0.0010049498200938208 0.0008148600462000626 0.0006590105749802603 0.0007169604957856131 0.0 0.0007252041648847221 0.0011043176823911152
9.0 0.0010401051619589007 0.0006589117524590979 0.0007993005808499751 0.0008341213261652092 0.0007806738054482311 0.0005966891409473242 0.00028813621813668063 0.0007252041648847221 0.0 0.0009060238918489599
10.0 0.0007255323444358653 0.0010789583574197916 0.0012115301962849568 0.0007530666658266739 0.0010250508291145457 0.0010226446439180023 0.0009181170382642056 0.0011043176823911152 0.0009060238918489599 0.0
