0.0 1.0 2.0 3.0 4.0 5.0 6.0 7.0 8.0 9.0 10.0
1.0 0.0 0.0013097769024790966 0.0015371315724608749 0.0008260728708254318 0.0011707246536942677 0.0012436474924240395 0.001147348978183757 0.0012393728968674888 0.0011362114737051086 0.0007713435485295456
2.0 0.0013097769024790966 0.0 0.0006754072652197952 0.001054860936643952 0.0008823240243370431 0.0003396372846603533 0.0006607445902664885 0.000663074007146319 0.0006877709739537719 0.0011781644279138213
3.0 0.0015371315724608749 0.0006754072652197952 0.0 0.0012892209098856618 0.0011436791429604819 0.0006989170845159796 0.0008898965105079461 0.0009673392245041666 0.0009187201672453246 0.0014012651934395138
4.0 0.0008260728708254318 0.001054860936643952 0.0012892209098856618 0.0 0.0008699863469802329 0.0009883308557915873 0.0008932644329830578 0.0009678503505592014 0.0008816412452715861 0.0008031100850067364
5.0 0.0011707246536942677 0.0008823240243370431 0.0011436791429604819 0.0008699863469802329 0.0 0.0008165554086028938 0.0007627211264093366 0.0007002350653762671 0.0007586526277982314 0.0010634282887925742
6.0 0.0012436474924240395 0.0003396372846603533 0.0006989170845159796 0.0009883308557915873 0.0008165554086028938 0.0 0.0005869038624085163 0.0006072289830149774 0.0006150830603705302 0.0011123096055522818
7.0 0.001147348978183757 0.0006607445902664885 0.0008898965105079461 0.0008932644329830578 0.0007627211264093366 0.0005869038624085163 0.0 0.0006654084262195249 0.00028900175103489865 0.0010162151418146455
8.0 0.0012393728968674888 0.000663074007146319 0.0009673392245041666 0.0009678503505592014 0.0007002350653762671 0.0006072289830149774 0.0006654084262195249 0.0 0.0006767666615691587 0.001117293302706186
9.0 0.0011362114737051086 0.0006877709739537719 0.0009187201672453246 0.0008816412452715861 0.0007586526277982314 0.0006150830603705302 0.00028900175103489865 0.0006767666615691587 0.0 0.001005683803013609
10.0 0.0007713435485295456 0.0011781644279138213 0.0014012651934395138 0.0008031100850067364 0.0010634282887925742 0.0011123096055522818 0.0010162151418146455 0.001117293302706186 0.001005683803013609 0.0
