0.0 1.0 2.0 3.0 4.0 5.0 6.0 7.0 8.0 9.0 10.0
1.0 0.0 3.970347600421057e-7 4.658314474757218e-7 3.053028725630647e-7 3.6330889479050287e-7 3.8020087514210447e-7 3.5696319438749463e-7 3.923474107983862e-7 3.552109882215261e-7 3.024825145800465e-7
2.0 3.970347600421057e-7 0.0 1.2872085125939708e-7 1.7168993450059567e-7 1.4422287608013282e-7 4.70317886892856e-8 9.425162201296606e-8 1.302116352774594e-7 9.94948393049311e-8 2.821464674483738e-7
3.0 4.658314474757218e-7 1.2872085125939708e-7 0.0 2.4067652391706044e-7 2.1463042483321886e-7 1.3008005669576504e-7 1.597298354150641e-7 2.0445869010901587e-7 1.656400196698776e-7 3.508980674290186e-7
4.0 3.053028725630647e-7 1.7168993450059567e-7 2.4067652391706044e-7 0.0 1.34777369070144e-7 1.5486980095972573e-7 1.3210764359071248e-7 1.660396696842675e-7 1.305011370431303e-7 1.9707654844343677e-7
5.0 3.6330889479050287e-7 1.4422287608013282e-7 2.1463042483321886e-7 1.34777369070144e-7 0.0 1.2761481034439406e-7 1.0983397349897137e-7 1.2841055925494843e-7 1.0949336822260899e-7 2.491188669001048e-7
6.0 3.8020087514210447e-7 4.70317886892856e-8 1.3008005669576504e-7 1.5486980095972573e-7 1.2761481034439406e-7 0.0 7.682945580771364e-8 1.1483087844751941e-7 8.216041006820738e-8 2.6530962119342637e-7
7.0 3.5696319438749463e-7 9.425162201296606e-8 1.597298354150641e-7 1.3210764359071248e-7 1.0983397349897137e-7 7.682945580771364e-8 0.0 1.1096801309451743e-7 3.2845213806635596e-8 2.4196487785611747e-7
8.0 3.923474107983862e-7 1.302116352774594e-7 2.0445869010901587e-7 1.660396696842675e-7 1.2841055925494843e-7 1.1483087844751941e-7 1.1096801309451743e-7 0.0 1.1275915557042123e-7 2.776805203240579e-7
9.0 3.552109882215261e-7 9.94948393049311e-8 1.656400196698776e-7 1.305011370431303e-7 1.0949336822260899e-7 8.216041006820738e-8 3.2845213806635596e-8 1.1275915557042123e-7 0.0 2.4017941517946814e-7
10.0 3.024825145800465e-7 2.821464674483738e-7 3.508980674290186e-7 1.9707654844343677e-7 2.491188669001048e-7 2.6530962119342637e-7 2.4196487785611747e-7 2.776805203240579e-7 2.4017941517946814e-7 0.0
