0.0 1.0 2.0 3.0 4.0 5.0 6.0 7.0 8.0 9.0 10.0
1.0 0.0 0.0012832251677824347 0.0014624924956117677 0.0007904608712862846 0.0011277224317907417 0.0012258729001419113 0.0011357734723139957 0.0012194563426027858 0.0011251190955928123 0.0008080549777618354
2.0 0.0012832251677824347 0.0 0.0006224301684184363 0.0010213020598761162 0.0008515638434240414 0.0003335098043060452 0.00065136118200333 0.0006439215561957767 0.0006790228429404673 0.0011986471962655708
3.0 0.0014624924956117677 0.0006224301684184363 0.0 0.0012071932432926968 0.0010635458012755686 0.0006439230930622433 0.0008315198257552153 0.0009003535638903259 0.0008611519931357066 0.001372958429823537
4.0 0.0007904608712862846 0.0010213020598761162 0.0012071932432926968 0.0 0.000823647673097641 0.0009636634427122848 0.0008744329488349495 0.0009428470928116131 0.0008633151132203887 0.0008248597134321348
5.0 0.0011277224317907417 0.0008515638434240414 0.0010635458012755686 0.000823647673097641 0.0 0.0007952870668094087 0.0007455981323339939 0.0006858408164869831 0.0007418398109909896 0.0010704991394500096
6.0 0.0012258729001419113 0.0003335098043060452 0.0006439230930622433 0.0009636634427122848 0.0007952870668094087 0.0 0.000585389318879376 0.0005991482541850574 0.000614362295312997 0.001141538610391994
7.0 0.0011357734723139957 0.00065136118200333 0.0008315198257552153 0.0008744329488349495 0.0007455981323339939 0.000585389318879376 0.0 0.0006638204730286703 0.0002890910300354828 0.001051850017713968
8.0 0.0012194563426027858 0.0006439215561957767 0.0009003535638903259 0.0009428470928116131 0.0006858408164869831 0.0005991482541850574 0.0006638204730286703 0.0 0.0006759663909198274 0.0011452400608942086
9.0 0.0011251190955928123 0.0006790228429404673 0.0008611519931357066 0.0008633151132203887 0.0007418398109909896 0.000614362295312997 0.0002890910300354828 0.0006759663909198274 0.0 0.0010418936672630268
10.0 0.0008080549777618354 0.0011986471962655708 0.001372958429823537 0.0008248597134321348 0.0010704991394500096 0.001141538610391994 0.001051850017713968 0.0011452400608942086 0.0010418936672630268 0.0
