0.0 1.0 2.0 3.0 4.0 5.0 6.0 7.0
1.0 0.0 0.0006039111196366319 0.0006602613173921608 0.0010531826474137512 0.0010055867722426437 0.0009806018656959559 0.0010746329515410858
2.0 0.0006039111196366319 0.0 0.0005507687482080746 0.0009595234957900543 0.0009128552617518064 0.0008947186385834416 0.0009945805504294153
3.0 0.0006602613173921608 0.0005507687482080746 0.0 0.0008754863704466855 0.0008249567571326979 0.0008003947647622354 0.0008967555499403116
4.0 0.0010531826474137512 0.0009595234957900543 0.0008754863704466855 0.0 0.00047106834146329215 0.0005903664139735472 0.0007652828185708833
5.0 0.0010055867722426437 0.0009128552617518064 0.0008249567571326979 0.00047106834146329215 0.0 0.0005107798506048249 0.0007079734729654378
6.0 0.0009806018656959559 0.0008947186385834416 0.0008003947647622354 0.0005903664139735472 0.0005107798506048249 0.0 0.0005415050439710077
7.0 0.0010746329515410858 0.0009945805504294153 0.0008967555499403116 0.0007652828185708833 0.0007079734729654378 0.0005415050439710077 0.0
