0.0 1.0 2.0 3.0 4.0 5.0 6.0 7.0
1.0 0.0 0.0005166045264245942 0.0005787504817265855 0.0008850355448387795 0.0008830798458218564 0.0008098770227489716 0.0008320710002760316
2.0 0.0005166045264245942 0.0 0.0005034006263563119 0.0008300576457476493 0.0008281427911091534 0.0007599285323264206 0.0007864535412572158
3.0 0.0005787504817265855 0.0005034006263563119 0.0 0.0007644152716449885 0.0007591049295986998 0.0006862012277749187 0.0007106680072430649
4.0 0.0008850355448387795 0.0008300576457476493 0.0007644152716449885 0.0 0.00048177224403599974 0.0005304973801074895 0.0006141455366127449
5.0 0.0008830798458218564 0.0008281427911091534 0.0007591049295986998 0.00048177224403599974 0.0 0.0004946030777185162 0.0006022862404122019
6.0 0.0008098770227489716 0.0007599285323264206 0.0006862012277749187 0.0005304973801074895 0.0004946030777185162 0.0 0.00041502485566710396
7.0 0.0008320710002760316 0.0007864535412572158 0.0007106680072430649 0.0006141455366127449 0.0006022862404122019 0.00041502485566710396 0.0
