0.0 1.0 2.0 3.0 4.0 5.0 6.0 7.0
1.0 0.0 0.7566681909760928 0.8313473854527267 0.9154301944477405 0.9218699594085671 0.9784100335080961 0.9153135098444134
2.0 0.7566681909760928 0.0 0.7471487211079049 0.8856986013363934 0.8893469219594137 0.9506608365417075 0.8917913890894773
3.0 0.8313473854527267 0.7471487211079049 0.0 0.8623169946124876 0.8609809403522095 0.9155882429730013 0.8538802454136702
4.0 0.9154301944477405 0.8856986013363934 0.8623169946124876 0.0 0.4390298229343046 0.6125100250069622 0.614356269335953
5.0 0.9218699594085671 0.8893469219594137 0.8609809403522095 0.4390298229343046 0.0 0.569330302518702 0.5978260251657925
6.0 0.9784100335080961 0.9506608365417075 0.9155882429730013 0.6125100250069622 0.569330302518702 0.0 0.4896953279611276
7.0 0.9153135098444134 0.8917913890894773 0.8538802454136702 0.614356269335953 0.5978260251657925 0.4896953279611276 0.0
