0.0 1.0 2.0 3.0 4.0 5.0 6.0 7.0
1.0 0.0 0.0005872202098356569 0.0006605844328586292 0.0009639101969807231 0.0009400966780219714 0.0009650305655555555 0.001141893353141946
2.0 0.0005872202098356569 0.0 0.0005555927534932948 0.0008946346883494667 0.0008694767255279138 0.0008989937664046 0.0010804419437341305
3.0 0.0006605844328586292 0.0005555927534932948 0.0 0.0008170328190299796 0.0007885083487159966 0.0008134227590973068 0.0009926450861282897
4.0 0.0009639101969807231 0.0008946346883494667 0.0008170328190299796 0.0 0.0004243461290849832 0.0005764117927746287 0.0008298474447466248
5.0 0.0009400966780219714 0.0008694767255279138 0.0007885083487159966 0.0004243461290849832 0.0 0.0005177082336733727 0.0007931030958792024
6.0 0.0009650305655555555 0.0008989937664046 0.0008134227590973068 0.0005764117927746287 0.0005177082336733727 0.0 0.0006690141405667985
7.0 0.001141893353141946 0.0010804419437341305 0.0009926450861282897 0.0008298474447466248 0.0007931030958792024 0.0006690141405667985 0.0
