0.0 1.0 2.0 3.0 4.0 5.0 6.0 7.0
1.0 0.0 0.0005180204395143445 0.0005802555728765845 0.0008658060597518816 0.0008275978580943239 0.0008211641803714859 0.0008315666910326037
2.0 0.0005180204395143445 0.0 0.0005071260154376085 0.0008180556027589756 0.0007795175696544416 0.0007784311519715378 0.0007937833514115691
3.0 0.0005802555728765845 0.0005071260154376085 0.0 0.0007469292147842788 0.0007061842418041549 0.0007014836894883496 0.0007154494276870134
4.0 0.0008658060597518816 0.0008180556027589756 0.0007469292147842788 0.0 0.0003855360889978359 0.0005030188211551155 0.0005858869882806221
5.0 0.0008275978580943239 0.0007795175696544416 0.0007061842418041549 0.0003855360889978359 0.0 0.0004388334937882514 0.0005418216026088752
6.0 0.0008211641803714859 0.0007784311519715378 0.0007014836894883496 0.0005030188211551155 0.0004388334937882514 0.0 0.0004201348071013965
7.0 0.0008315666910326037 0.0007937833514115691 0.0007154494276870134 0.0005858869882806221 0.0005418216026088752 0.0004201348071013965 0.0
