0.0 1.0 2.0 3.0 4.0 5.0 6.0 7.0
1.0 0.0 0.0006261368471250042 0.000706572132520508 0.001412370901147833 0.0012193443110743488 0.0010240320715257528 0.0012100751775722183
2.0 0.0006261368471250042 0.0 0.0006069551803644926 0.001346036957750717 0.0011533609482633385 0.0009633311763982022 0.001152997841745672
3.0 0.000706572132520508 0.0006069551803644926 0.0 0.001259050117613994 0.001057067970447708 0.0008601781856980839 0.001047848384764868
4.0 0.001412370901147833 0.001346036957750717 0.001259050117613994 0.0 0.0008631199246418877 0.0009183455064154806 0.0011649601091703833
5.0 0.0012193443110743488 0.0011533609482633385 0.001057067970447708 0.0008631199246418877 0.0 0.0006747520408715605 0.0009604571965907962
6.0 0.0010240320715257528 0.0009633311763982022 0.0008601781856980839 0.0009183455064154806 0.0006747520408715605 0.0 0.000607076485487021
7.0 0.0012100751775722183 0.001152997841745672 0.001047848384764868 0.0011649601091703833 0.0009604571965907962 0.000607076485487021 0.0
