0.0 1.0 2.0 3.0 4.0 5.0 6.0 7.0 8.0 9.0 10.0 11.0 12.0 13.0 14.0 15.0 16.0 17.0 18.0
1.0 0.0 0.012652061017199331 0.012572974259644439 0.016058700630805528 0.010577684867406366 0.015199502320876312 0.015055509615909984 0.014073763670212725 0.014859032945938575 0.01055168868639867 0.015342446508282304 0.012794092476905128 0.01478715676142984 0.010809830486721593 0.01481843998588187 0.014744690678519825 0.014415497285775264 0.015128496665149205
2.0 0.012652061017199331 0.0 0.0022217838126334533 0.007095985816921717 0.003360391883166983 0.006454175485148216 0.006404053001926112 0.005654255637306361 0.005705858956156631 0.0033147535364556405 0.006484149182999933 0.002007301462319139 0.006037484597350281 0.0038499394016464454 0.005629134178048572 0.005944349730376369 0.005905715713898259 0.006266687031668126
3.0 0.012572974259644439 0.0022217838126334533 0.0 0.006984951692599186 0.0032453946232776434 0.006332654353211755 0.00627812816451509 0.005518446732856591 0.005598731549769573 0.0031859700875840197 0.006367506616652998 0.0019402797532439443 0.0059161170360640235 0.0037971989682815295 0.005523694391287219 0.005825143826426547 0.0057729739915221845 0.006150108125151044
4.0 0.016058700630805528 0.007095985816921717 0.006984951692599186 0.0 0.00702578786895678 0.0035952399345926048 0.003996994328423993 0.0041536152015760434 0.003416157763918331 0.006963909540840422 0.0030429092146334775 0.006823923962476131 0.003161601736739546 0.0075005969436229315 0.0034616894731896355 0.0028533388880135797 0.004115322565477912 0.002934102643712154
5.0 0.010577684867406366 0.003360391883166983 0.0032453946232776434 0.00702578786895678 0.0 0.006196897119101225 0.006065803715970944 0.00511624369392541 0.0057988686961741275 0.001087556455381694 0.0063239915587990116 0.003503703165444986 0.005783910337630772 0.0017425276270533162 0.00575331401654096 0.00573433714646002 0.005445225528929169 0.006109535740297274
6.0 0.015199502320876312 0.006454175485148216 0.006332654353211755 0.0035952399345926048 0.006196897119101225 0.0 0.0024915430227502866 0.002746139101021644 0.0032937799347349424 0.006133928434954961 0.0024159816237074756 0.006221472000822575 0.0012037665559897198 0.0066672040395579675 0.0033542490643376655 0.0015419209133401973 0.0027032092000051806 0.0022431650661776173
7.0 0.015055509615909984 0.006404053001926112 0.00627812816451509 0.003996994328423993 0.006065803715970944 0.0024915430227502866 0.0 0.0023378428962105673 0.003511017435393615 0.006002345180432373 0.002934042717516336 0.006188562327494243 0.002082341297257413 0.006534212284733377 0.0035714840781156092 0.0021525247151591882 0.0021614007316192903 0.002722406762441329
8.0 0.014073763670212725 0.005654255637306361 0.005518446732856591 0.0041536152015760434 0.00511624369392541 0.002746139101021644 0.0023378428962105673 0.0 0.0034477587533634432 0.005051609684516418 0.0031725413717248185 0.005481177265263539 0.002342492883247097 0.005579838106852211 0.0034989728905090393 0.0024274646071487486 0.001275769015302436 0.0029673485269412977
9.0 0.014859032945938575 0.005705858956156631 0.005598731549769573 0.003416157763918331 0.0057988686961741275 0.0032937799347349424 0.003511017435393615 0.0034477587533634432 0.0 0.005737885942926343 0.0030011975393334916 0.005398303466539271 0.0028637560731100947 0.006277978152693875 0.0010649759476032018 0.002623107931487484 0.003429397162995309 0.002765393263128156
10.0 0.01055168868639867 0.0033147535364556405 0.0031859700875840197 0.006963909540840422 0.001087556455381694 0.006133928434954961 0.006002345180432373 0.005051609684516418 0.005737885942926343 0.0 0.006261581626583905 0.003450936355173481 0.005720961229927794 0.0018466080227472273 0.005692525230163109 0.0056716384599835475 0.005381025255557524 0.006047142065081841
11.0 0.015342446508282304 0.006484149182999933 0.006367506616652998 0.0030429092146334775 0.0063239915587990116 0.0024159816237074756 0.002934042717516336 0.0031725413717248185 0.0030011975393334916 0.006261581626583905 0.0 0.006230845701721716 0.0019772068904825354 0.006796681899029322 0.0030627272690641385 0.001644150870878304 0.0031256966439265482 0.001849567226094393
12.0 0.012794092476905128 0.002007301462319139 0.0019402797532439443 0.006823923962476131 0.003503703165444986 0.006221472000822575 0.006188562327494243 0.005481177265263539 0.005398303466539271 0.003450936355173481 0.006230845701721716 0.0 0.005803991524973734 0.004019949825351638 0.00531470995294781 0.005701609920260784 0.005716294885061705 0.006012719735546339
13.0 0.01478715676142984 0.006037484597350281 0.0059161170360640235 0.003161601736739546 0.005783910337630772 0.0012037665559897198 0.002082341297257413 0.002342492883247097 0.0028637560731100947 0.005720961229927794 0.0019772068904825354 0.005803991524973734 0.0 0.0062543162786644554 0.0029243660325313555 0.0010934329764106 0.002298419239120445 0.0018030927195384974
14.0 0.010809830486721593 0.0038499394016464454 0.0037971989682815295 0.0075005969436229315 0.0017425276270533162 0.0066672040395579675 0.006534212284733377 0.005579838106852211 0.006277978152693875 0.0018466080227472273 0.006796681899029322 0.004019949825351638 0.0062543162786644554 0.0 0.0062331407208739194 0.006205815384109813 0.005910804217084668 0.006582308459150893
15.0 0.01481843998588187 0.005629134178048572 0.005523694391287219 0.0034616894731896355 0.00575331401654096 0.0033542490643376655 0.0035714840781156092 0.0034989728905090393 0.0010649759476032018 0.005692525230163109 0.0030627272690641385 0.00531470995294781 0.0029243660325313555 0.0062331407208739194 0.0 0.00268476200428501 0.0034873274319130315 0.0028284310519669995
16.0 0.014744690678519825 0.005944349730376369 0.005825143826426547 0.0028533388880135797 0.00573433714646002 0.0015419209133401973 0.0021525247151591882 0.0024274646071487486 0.002623107931487484 0.0056716384599835475 0.001644150870878304 0.005701609920260784 0.0010934329764106 0.006205815384109813 0.00268476200428501 0.0 0.0023791282542450463 0.0014496186833493317
17.0 0.014415497285775264 0.005905715713898259 0.0057729739915221845 0.004115322565477912 0.005445225528929169 0.0027032092000051806 0.0021614007316192903 0.001275769015302436 0.003429397162995309 0.005381025255557524 0.0031256966439265482 0.005716294885061705 0.002298419239120445 0.005910804217084668 0.0034873274319130315 0.0023791282542450463 0.0 0.002919121355153889
18.0 0.015128496665149205 0.006266687031668126 0.006150108125151044 0.002934102643712154 0.006109535740297274 0.0022431650661776173 0.002722406762441329 0.0029673485269412977 0.002765393263128156 0.006047142065081841 0.001849567226094393 0.006012719735546339 0.0018030927195384974 0.006582308459150893 0.0028284310519669995 0.0014496186833493317 0.002919121355153889 0.0
