0.0 1.0 2.0 3.0 4.0 5.0 6.0 7.0 8.0 9.0 10.0 11.0 12.0 13.0 14.0 15.0 16.0 17.0 18.0
1.0 0.0 0.007897641082279156 0.007030888707311982 0.009592289234466308 0.006441345018662795 0.008126337451951987 0.007448762355423784 0.006957347574489528 0.007943493620679073 0.006186364460449486 0.008314207953338785 0.007481029677301349 0.007737815544796531 0.0072220802697782575 0.007943493620679073 0.007663033191289454 0.0071682345198446525 0.007829487709195178
2.0 0.007897641082279156 0.0 0.0022314358280974642 0.005519001550302261 0.0029805273172031476 0.004147262471567104 0.0034824724968299655 0.003077773830313754 0.0038284880231326153 0.002709049171494506 0.004302833419185912 0.0021181546865324807 0.0037569535606569934 0.003973354041698667 0.0038284880231326153 0.0036722190553633172 0.0032513675096640018 0.0038174624996198565
3.0 0.007030888707311982 0.0022314358280974642 0.0 0.004579003592714747 0.002105352144685095 0.0031794009500819894 0.0025105183884467303 0.002081529294272237 0.002895884914987174 0.0018156731674273483 0.003343695492061786 0.0016130123890837674 0.002789491254091888 0.0031520381909392967 0.002895884914987174 0.0027073795879125322 0.0022644549179624412 0.0028583408551827536
4.0 0.009592289234466308 0.005519001550302261 0.004579003592714747 0.0 0.004804224688350456 0.0036901194848108464 0.003213167377734023 0.003572161219084654 0.0031648334078354465 0.004497944013472687 0.0033981708878177714 0.0049155862125290495 0.0032863839942569306 0.005808259077145599 0.0031648334078354465 0.0031050643483153013 0.003448870382117896 0.0030487461131695377
5.0 0.006441345018662795 0.0029805273172031476 0.002105352144685095 0.004804224688350456 0.0 0.0033476619599467003 0.0026711816237692887 0.002188205647787024 0.003150689724659931 0.0011717625451937424 0.003532168934717632 0.002568273505435691 0.0029589170147232818 0.0024301090417952406 0.003150689724659931 0.0028830847147838616 0.0023952834863121397 0.0030473547243994696
6.0 0.008126337451951987 0.004147262471567104 0.0031794009500819894 0.0036901194848108464 0.0033476619599467003 0.0 0.001621081582229302 0.0020173003667777398 0.0022680939477687165 0.003039558607383296 0.0021801628950024795 0.0035742655916079 0.001186292400622995 0.004350639530828489 0.0022680939477687165 0.0013959619022233648 0.001879468912637624 0.0017550625907573648
7.0 0.007448762355423784 0.0034824724968299655 0.0025105183884467303 0.003213167377734023 0.0026711816237692887 0.001621081582229302 0.0 0.001322923449832713 0.0016995225430169736 0.002362811592798055 0.0018207616140514336 0.002913838061351176 0.0012274185838686853 0.0036740816627389844 0.0016995225430169736 0.0011423762253632477 0.0011493868244439858 0.0013275537792514572
8.0 0.006957347574489528 0.003077773830313754 0.002081529294272237 0.003572161219084654 0.002188205647787024 0.0020173003667777398 0.001322923449832713 0.0 0.0019720936386132884 0.001878100484913138 0.0022355933203736435 0.0025375850097861877 0.00162983735769494 0.0031901627662038207 0.0019720936386132884 0.0015642967350175882 0.000983856407580504 0.0017515211578384097
9.0 0.007943493620679073 0.0038284880231326153 0.002895884914987174 0.0031648334078354465 0.003150689724659931 0.0022680939477687165 0.0016995225430169736 0.0019720936386132884 0.0 0.002845221550131694 0.00219435724523725 0.0032116203975608697 0.0018643018843491083 0.004155523902198345 0.0 0.0017054793882060864 0.0018679196659414088 0.0016914421464281851
10.0 0.006186364460449486 0.002709049171494506 0.0018156731674273483 0.004497944013472687 0.0011717625451937424 0.003039558607383296 0.002362811592798055 0.001878100484913138 0.002845221550131694 0.0 0.0032246846801778483 0.0022863982681271336 0.0026508442760812493 0.0023062381896231283 0.002845221233914277 0.002575201948528198 0.002085924539212799 0.0027398821361621153
11.0 0.008314207953338785 0.004302833419185912 0.003343695492061786 0.0033981708878177714 0.003532168934717632 0.0021801628950024795 0.0018207616140514336 0.0022355933203736435 0.00219435724523725 0.0032246846801778483 0.0 0.003719458048319047 0.0017660976399592378 0.004535579478404141 0.0021943565369498246 0.0015584260442959054 0.0020967020013063654 0.0015826809489539982
12.0 0.007481029677301349 0.0021181546865324807 0.0016130123890837674 0.0049155862125290495 0.002568273505435691 0.0035742655916079 0.002913838061351176 0.0025375850097861877 0.0032116203975608697 0.0022863982681271336 0.003719458048319047 0.0 0.0031834098792832884 0.0035872062719011187 0.0032116190403409343 0.0030954886881634936 0.0026993408705215226 0.0032338858285861534
13.0 0.007737815544796531 0.0037569535606569934 0.002789491254091888 0.0032863839942569306 0.0029589170147232818 0.001186292400622995 0.0012274185838686853 0.00162983735769494 0.0018643018843491083 0.0026508442760812493 0.0017660976399592378 0.0031834098792832884 0.0 0.003961932060718539 0.0018643009804133678 0.0009687706399732956 0.0014909993880368646 0.0013418967550385599
14.0 0.0072220802697782575 0.003973354041698667 0.0031520381909392967 0.005808259077145599 0.0024301090417952406 0.004350639530828489 0.0036740816627389844 0.0031901627662038207 0.004155523902198345 0.0023062381896231283 0.004535579478404141 0.0035872062719011187 0.003961932060718539 0.0 0.004155523921711221 0.0038862395964806024 0.003397741777959701 0.0040507871997075735
15.0 0.007943493620679073 0.0038284880231326153 0.002895884914987174 0.0031648334078354465 0.003150689724659931 0.0022680939477687165 0.0016995225430169736 0.0019720936386132884 0.0 0.002845221233914277 0.0021943565369498246 0.0032116190403409343 0.0018643009804133678 0.004155523921711221 0.0 0.0017054793882060864 0.0018679196659414088 0.0016914421464281851
16.0 0.007663033191289454 0.0036722190553633172 0.0027073795879125322 0.0031050643483153013 0.0028830847147838616 0.0013959619022233648 0.0011423762253632477 0.0015642967350175882 0.0017054793882060864 0.002575201948528198 0.0015584260442959054 0.0030954886881634936 0.0009687706399732956 0.0038862395964806024 0.0017054793882060864 0.0 0.0014230717982457626 0.0011295769291631511
17.0 0.0071682345198446525 0.0032513675096640018 0.0022644549179624412 0.003448870382117896 0.0023952834863121397 0.001879468912637624 0.0011493868244439858 0.000983856407580504 0.0018679196659414088 0.002085924539212799 0.0020967020013063654 0.0026993408705215226 0.0014909993880368646 0.003397741777959701 0.0018679196659414088 0.0014230717982457626 0.0 0.0016108541933635596
18.0 0.007829487709195178 0.0038174624996198565 0.0028583408551827536 0.0030487461131695377 0.0030473547243994696 0.0017550625907573648 0.0013275537792514572 0.0017515211578384097 0.0016914421464281851 0.0027398821361621153 0.0015826809489539982 0.0032338858285861534 0.0013418967550385599 0.0040507871997075735 0.0016914421464281851 0.0011295769291631511 0.0016108541933635596 0.0
