0.0 1.0 2.0 3.0 4.0 5.0 6.0 7.0 8.0 9.0 10.0 11.0 12.0 13.0 14.0 15.0 16.0 17.0 18.0
1.0 0.0 0.843691520163658 0.784269334910098 0.863597479835646 0.6197293067779596 0.8327369893653855 0.8328201524171595 0.7529344751077629 0.8275446399619552 0.6161727648301494 0.854820496872033 0.9057310842926023 0.8180577795935202 0.6485105898590808 0.8271794098299949 0.8143680490089998 0.7767840731831492 0.8194867549852989
2.0 0.843691520163658 0.0 0.3166120915002162 0.4781565952755964 0.3466604403599295 0.462896231161813 0.4697712876519373 0.4065266299289938 0.4309964287748239 0.3450676695723305 0.4748128198955168 0.3797352931838678 0.4472717918906177 0.3872461828312026 0.42757949191751043 0.4395106135861703 0.42240912509242956 0.43962825639384207
3.0 0.784269334910098 0.3166120915002162 0.0 0.40186204891772825 0.28026546683238307 0.38513983193696144 0.39114681812555774 0.3262916921839638 0.35454456475600227 0.27563353236710997 0.39794965001043847 0.33285162785389955 0.369585585065602 0.33136244951083205 0.3515756835768229 0.3621759256442908 0.3426452860798139 0.36273433398590926
4.0 0.863597479835646 0.4781565952755964 0.40186204891772825 0.0 0.3779422580054509 0.1966490174888329 0.2342759268313208 0.22563046801202447 0.18880761934463164 0.3721444789611621 0.16787559703335386 0.4802128702658035 0.17802081679660064 0.4240143007899384 0.19052498211295177 0.15623105712439933 0.22108039037771499 0.14011723235931572
5.0 0.6197293067779596 0.3466604403599295 0.28026546683238307 0.3779422580054509 0.0 0.3485135741222296 0.3491667368807676 0.2707503499303294 0.3407445225738587 0.08794912121504439 0.36965581609071685 0.40871779036124156 0.3337435482663491 0.15276165155914934 0.3401283613911592 0.32967617277461636 0.2938523014427903 0.3343333844648251
6.0 0.8327369893653855 0.462896231161813 0.38513983193696144 0.1966490174888329 0.3485135741222296 0.0 0.17995475898656932 0.17653391124351858 0.20597605285955678 0.34246267751691417 0.16825860642841195 0.47165681278578053 0.08570729000025024 0.39466331970562396 0.20900039192138942 0.108025298059918 0.17276710561470254 0.13505990533672663
7.0 0.8328201524171595 0.4697712876519373 0.39114681812555774 0.2342759268313208 0.3491667368807676 0.17995475898656932 0.0 0.1634323610602233 0.22773542086212084 0.3429986949870969 0.21479672044767262 0.4815348981590051 0.16517129126735086 0.39537676511161157 0.23147539398844974 0.16535498278816896 0.1473782700782269 0.17810589668804155
8.0 0.7529344751077629 0.4065266299289938 0.3262916921839638 0.22563046801202447 0.2707503499303294 0.17653391124351858 0.1634323610602233 0.0 0.20403926255798888 0.264302418283217 0.2102281942326103 0.42553574759169277 0.16264239492332755 0.31707111265074794 0.20762213346818714 0.16358424425440488 0.08868912975626486 0.17463065438287195
9.0 0.8275446399619552 0.4309964287748239 0.35454456475600227 0.18880761934463164 0.3407445225738587 0.20597605285955678 0.22773542086212084 0.20403926255798888 0.0 0.3351177437508118 0.19562403711974907 0.42831556413217897 0.1882728621847165 0.38682725828720166 0.08924705253286158 0.17147073831588233 0.20071836645936858 0.16042268928046965
10.0 0.6161727648301494 0.3450676695723305 0.27563353236710997 0.3721444789611621 0.08794912121504439 0.34246267751691417 0.3429986949870969 0.264302418283217 0.3351177437508118 0.0 0.36376911791206457 0.40523270519342347 0.32770749448524605 0.16210547866747582 0.3345544778470835 0.3237058075254283 0.2875339255778726 0.32844402814185103
11.0 0.854820496872033 0.4748128198955168 0.39794965001043847 0.16787559703335386 0.36965581609071685 0.16825860642841195 0.21479672044767262 0.2102281942326103 0.19562403711974907 0.36376911791206457 0.0 0.4792060577186954 0.14904874322905404 0.41575910884625467 0.19817719619199003 0.12594304155287916 0.20543304232226034 0.11714394061826039
12.0 0.9057310842926023 0.3797352931838678 0.33285162785389955 0.4802128702658035 0.40871779036124156 0.47165681278578053 0.4815348981590051 0.42553574759169277 0.42831556413217897 0.40523270519342347 0.4792060577186954 0.0 0.4556306098616114 0.4539378788585968 0.4234809555834569 0.4461210359512998 0.43802590562638644 0.44408747955161987
13.0 0.8180577795935202 0.4472717918906177 0.369585585065602 0.17802081679660064 0.3337435482663491 0.08570729000025024 0.16517129126735086 0.16264239492332755 0.1882728621847165 0.32770749448524605 0.14904874322905404 0.4556306098616114 0.0 0.3798905852086385 0.19127399180589744 0.08684358251573909 0.1585431694617656 0.11548513573608543
14.0 0.6485105898590808 0.3872461828312026 0.33136244951083205 0.4240143007899384 0.15276165155914934 0.39466331970562396 0.39537676511161157 0.31707111265074794 0.38682725828720166 0.16210547866747582 0.41575910884625467 0.4539378788585968 0.3798905852086385 0.0 0.3861812767001349 0.37580501929748433 0.34014290850279694 0.38043868123034463
15.0 0.8271794098299949 0.42757949191751043 0.3515756835768229 0.19052498211295177 0.3401283613911592 0.20900039192138942 0.23147539398844974 0.20762213346818714 0.08924705253286158 0.3345544778470835 0.19817719619199003 0.4234809555834569 0.19127399180589744 0.3861812767001349 0.0 0.17433291599165457 0.2049003071139046 0.16312033970983442
16.0 0.8143680490089998 0.4395106135861703 0.3621759256442908 0.15623105712439933 0.32967617277461636 0.108025298059918 0.16535498278816896 0.16358424425440488 0.17147073831588233 0.3237058075254283 0.12594304155287916 0.4461210359512998 0.08684358251573909 0.37580501929748433 0.17433291599165457 0.0 0.15889960880288068 0.08987078088785883
17.0 0.7767840731831492 0.42240912509242956 0.3426452860798139 0.22108039037771499 0.2938523014427903 0.17276710561470254 0.1473782700782269 0.08868912975626486 0.20071836645936858 0.2875339255778726 0.20543304232226034 0.43802590562638644 0.1585431694617656 0.34014290850279694 0.2049003071139046 0.15889960880288068 0.0 0.1696234112947006
18.0 0.8194867549852989 0.43962825639384207 0.36273433398590926 0.14011723235931572 0.3343333844648251 0.13505990533672663 0.17810589668804155 0.17463065438287195 0.16042268928046965 0.32844402814185103 0.11714394061826039 0.44408747955161987 0.11548513573608543 0.38043868123034463 0.16312033970983442 0.08987078088785883 0.1696234112947006 0.0
