0.0 1.0 2.0 3.0 4.0 5.0 6.0 7.0 8.0 9.0 10.0 11.0 12.0 13.0 14.0 15.0 16.0 17.0 18.0
1.0 0.0 0.009821500200964853 0.009327188182094277 0.010305637380525636 0.007749946359074707 0.010255641243921273 0.010139910453028459 0.00919665011223759 0.009647010532492997 0.007699452454290073 0.010228533515573172 0.00986985251678285 0.009951115470419467 0.007915605749437086 0.009647010532492997 0.009848745213640887 0.009483981187789876 0.009781580133125141
2.0 0.009821500200964853 0.0 0.003065187004390537 0.004574565340334262 0.003566852992661739 0.004712324363202186 0.0046541187968187365 0.003985846332026354 0.0038611491836937194 0.003527520144825458 0.004567259038519518 0.0030923785571593688 0.00439796097811861 0.0038726485072895465 0.0038611491836937194 0.004244447725790055 0.004130647262410872 0.004122607879390346
3.0 0.009327188182094277 0.003065187004390537 0.0 0.004174036108639605 0.0030159902162316668 0.0042790793872228665 0.004209279737194921 0.003494942834187267 0.003459949003082911 0.0029459522414090125 0.004153590702173499 0.0027282053025263747 0.003966234421891512 0.003431372092178869 0.003459949003082911 0.0038211245140309883 0.003660427860936677 0.0037083131834996647
4.0 0.010305637380525636 0.004574565340334262 0.004174036108639605 0.0 0.004238583796683797 0.002569194717929421 0.002732987151432 0.0026368515108651513 0.00209165388689073 0.004167817781595445 0.0020833296041637885 0.004111817598890715 0.0022315114185548473 0.004580459746483486 0.00209165388689073 0.001952568208386277 0.002575549674955789 0.0017062648592175971
5.0 0.007749946359074707 0.003566852992661739 0.0030159902162316668 0.004238583796683797 0.0 0.004216453404935995 0.004108652250389699 0.003205794115632052 0.0035701545147596297 0.0011864328132429446 0.004171666263683014 0.003636393506108981 0.00391040371139036 0.0017388885617631092 0.0035701545147596297 0.003800356494005048 0.0034714221225757604 0.0037250103024473683
6.0 0.010255641243921273 0.004712324363202186 0.0042790793872228665 0.002569194717929421 0.004216453404935995 0.0 0.0023756768961839866 0.002353897053439344 0.0023877294692054643 0.00414313747119051 0.002190552489076486 0.004296614025367178 0.0012159178681069426 0.00455820660623168 0.0023877294692054643 0.001519460014974234 0.002318944107763699 0.001773656458190732
7.0 0.010139910453028459 0.0046541187968187365 0.004209279737194921 0.002732987151432 0.004108652250389699 0.0023756768961839866 0.0 0.0021305061994645984 0.0023678871134860738 0.00403448578754655 0.002496762305963131 0.004253238362214281 0.0020725944501297396 0.00445060516110414 0.0023678871134860738 0.0020101750898377357 0.001957910883920319 0.002024539145454968
8.0 0.00919665011223759 0.003985846332026354 0.003494942834187267 0.0026368515108651513 0.003205794115632052 0.002353897053439344 0.0021305061994645984 0.0 0.0020514478347386147 0.0031278283569929986 0.0024706249573238828 0.0036557301652285785 0.002059586261929801 0.0035476629390956346 0.0020514478347386147 0.0020192025307255966 0.0012258916508102752 0.002019846891880988
9.0 0.009647010532492997 0.0038611491836937194 0.003459949003082911 0.00209165388689073 0.0035701545147596297 0.0023877294692054643 0.0023678871134860738 0.0020514478347386147 0.0 0.0034999779579991154 0.00211827029351248 0.0033821638465476173 0.002061801359218197 0.003912850529040319 0.0 0.0018514024597958006 0.00198667862149309 0.0016683366506000854
10.0 0.007699452454290073 0.003527520144825458 0.0029459522414090125 0.004167817781595445 0.0011864328132429446 0.00414313747119051 0.00403448578754655 0.0031278283569929986 0.0034999779579991154 0.0 0.004099937269551017 0.003579472826449855 0.003837216501002546 0.0018488956816285571 0.0034999799913619425 0.0037278554613986003 0.0033953418885189456 0.0036532458106894906
11.0 0.010228533515573172 0.004567259038519518 0.004153590702173499 0.0020833296041637885 0.004171666263683014 0.002190552489076486 0.002496762305963131 0.0024706249573238828 0.00211827029351248 0.004099937269551017 0.0 0.0041214264739240485 0.0018436880203719502 0.004513573939022476 0.00211827049301685 0.0015390257894098095 0.002409418075219834 0.0013867165814973742
12.0 0.00986985251678285 0.0030923785571593688 0.0027282053025263747 0.004111817598890715 0.003636393506108981 0.004296614025367178 0.004253238362214281 0.0036557301652285785 0.0033821638465476173 0.003579472826449855 0.0041214264739240485 0.0 0.003979719124490277 0.003988161656632719 0.0033821643066783806 0.003813121390935925 0.0037642176638005218 0.003677265861074957
13.0 0.009951115470419467 0.00439796097811861 0.003966234421891512 0.0022315114185548473 0.00391040371139036 0.0012159178681069426 0.0020725944501297396 0.002059586261929801 0.002061801359218197 0.003837216501002546 0.0018436880203719502 0.003979719124490277 0.0 0.004252186556278159 0.0020618014216824774 0.0011551396157259714 0.0020207021915400747 0.0014267322485907487
14.0 0.007915605749437086 0.0038726485072895465 0.003431372092178869 0.004580459746483486 0.0017388885617631092 0.00455820660623168 0.00445060516110414 0.0035476629390956346 0.003912850529040319 0.0018488956816285571 0.004513573939022476 0.003988161656632719 0.004252186556278159 0.0 0.003912852254421296 0.00414221436358002 0.0038136873405908538 0.004066937634764116
15.0 0.009647010532492997 0.0038611491836937194 0.003459949003082911 0.00209165388689073 0.0035701545147596297 0.0023877294692054643 0.0023678871134860738 0.0020514478347386147 0.0 0.0034999799913619425 0.00211827049301685 0.0033821643066783806 0.0020618014216824774 0.003912852254421296 0.0 0.0018514024597958006 0.00198667862149309 0.0016683366506000854
16.0 0.009848745213640887 0.004244447725790055 0.0038211245140309883 0.001952568208386277 0.003800356494005048 0.001519460014974234 0.0020101750898377357 0.0020192025307255966 0.0018514024597958006 0.0037278554613986003 0.0015390257894098095 0.003813121390935925 0.0011551396157259714 0.00414221436358002 0.0018514024597958006 0.0 0.001965358108614432 0.001099332893793454
17.0 0.009483981187789876 0.004130647262410872 0.003660427860936677 0.002575549674955789 0.0034714221225757604 0.002318944107763699 0.001957910883920319 0.0012258916508102752 0.00198667862149309 0.0033953418885189456 0.002409418075219834 0.0037642176638005218 0.0020207021915400747 0.0038136873405908538 0.00198667862149309 0.001965358108614432 0.0 0.0019547183355930822
18.0 0.009781580133125141 0.004122607879390346 0.0037083131834996647 0.0017062648592175971 0.0037250103024473683 0.001773656458190732 0.002024539145454968 0.002019846891880988 0.0016683366506000854 0.0036532458106894906 0.0013867165814973742 0.003677265861074957 0.0014267322485907487 0.004066937634764116 0.0016683366506000854 0.001099332893793454 0.0019547183355930822 0.0
