0.0 1.0 2.0 3.0 4.0 5.0 6.0 7.0 8.0 9.0 10.0 11.0 12.0 13.0 14.0 15.0 16.0 17.0 18.0
1.0 0.0 0.009689777684037455 0.009617575465359948 0.010667270913403377 0.008072277912738837 0.01048186877314242 0.010612370595201467 0.009580620214585183 0.01005915157379626 0.008051938676769002 0.010542809521583808 0.010167039107106916 0.01020907587494209 0.008219642577375683 0.010047533682165198 0.010154425714535538 0.009884725208938662 0.010135640464848205
2.0 0.009689777684037455 0.0 0.002634116003704799 0.004244460083637068 0.003011385099345166 0.004275039411640043 0.00449683627920586 0.0037133588730956426 0.003522530356330069 0.0030124624711989224 0.004198707173825034 0.002676888214349152 0.003990330304392364 0.0033044489977857115 0.003467452454761247 0.0038755085268775153 0.0038949162427516643 0.003791855036198206
3.0 0.009617575465359948 0.002634116003704799 0.0 0.004261074050860139 0.0028723769547994073 0.004257452330182588 0.0044633377027779066 0.0036416154929181793 0.003545428322473211 0.002843611035592145 0.0042016047931414495 0.0027689205049890586 0.003974377492650076 0.003274098406809917 0.003497901898820646 0.0038684638062604273 0.0038394685030960635 0.0037944363858816495
4.0 0.010667270913403377 0.004244460083637068 0.004261074050860139 0.0 0.00418666278912631 0.0025059843721248996 0.003018407393155096 0.002776048524764433 0.0021511195364538604 0.004153745825665524 0.0020509029134061565 0.004198972509125522 0.002193527427462401 0.004508044264250485 0.0021851196786173543 0.0019329471794854985 0.002760207675897807 0.0017030708175502837
5.0 0.008072277912738837 0.003011385099345166 0.0028723769547994073 0.00418666278912631 0.0 0.004035081468451666 0.004179141258547386 0.003185614655550126 0.0035588569010235084 0.0011085741360146763 0.004074299127283222 0.00350849999529744 0.0037603388540611068 0.0016165592184827562 0.0035407505235419984 0.0036961608702226947 0.003470180517705524 0.0036671291161587977
6.0 0.01048186877314242 0.004275039411640043 0.004257452330182588 0.0025059843721248996 0.004035081468451666 0.0 0.0024718137648083484 0.0023008592791621593 0.0024273281722463277 0.003998629042105387 0.0020922520879277755 0.00428913251034117 0.0011323882988893228 0.004355311958432079 0.002475484229432957 0.00143926568103102 0.0023035491786146944 0.0017128444767523596
7.0 0.010612370595201467 0.00449683627920586 0.0044633377027779066 0.003018407393155096 0.004179141258547386 0.0024718137648083484 0.0 0.0022491672112894545 0.0027561138200221207 0.004141109027481257 0.0027269366040930214 0.004536903872581138 0.0022042580722168217 0.004499166757788126 0.002812588490293722 0.002216916388938006 0.0020762234919012544 0.002304061209974657
8.0 0.009580620214585183 0.0037133588730956426 0.0036416154929181793 0.002776048524764433 0.003185614655550126 0.0023008592791621593 0.0022491672112894545 0.0 0.002332104617015409 0.0031434178697764773 0.002543093689715937 0.003824068444614498 0.0020409930773627218 0.0035045195900007074 0.0023848190603470674 0.002065772186824499 0.0012422827487937344 0.0021346239254401364
9.0 0.01005915157379626 0.003522530356330069 0.003545428322473211 0.0021511195364538604 0.0035588569010235084 0.0024273281722463277 0.0027561138200221207 0.002332104617015409 0.0 0.003527666083484083 0.0021693521192477985 0.0034412210961305284 0.0021255620881626015 0.003881727975418787 0.0009633914005334771 0.0019291235760794962 0.0023200530225071653 0.0017566334482258337
10.0 0.008051938676769002 0.0030124624711989224 0.002843611035592145 0.004153745825665524 0.0011085741360146763 0.003998629042105387 0.004141109027481257 0.0031434178697764773 0.003527666083484083 0.0 0.004040075544437142 0.003492705065519127 0.0037240728283490145 0.0017508658425686996 0.0035103107540634757 0.0036608718043716296 0.0034299687605115203 0.003632896242831878
11.0 0.010542809521583808 0.004198707173825034 0.0042016047931414495 0.0020509029134061565 0.004074299127283222 0.0020922520879277755 0.0027269366040930214 0.002543093689715937 0.0021693521192477985 0.004040075544437142 0.0 0.004174110701942794 0.001769610258371435 0.004395364777054971 0.0022133881044278363 0.0014855330111365455 0.0025262795623501623 0.0013518348070101008
12.0 0.010167039107106916 0.002676888214349152 0.0027689205049890586 0.004198972509125522 0.00350849999529744 0.00428913251034117 0.004536903872581138 0.003824068444614498 0.0034412210961305284 0.003492705065519127 0.004174110701942794 0.0 0.00400103740518098 0.003843578403346844 0.003372758882688374 0.0038692200983253596 0.003971157871358995 0.003767204445697907
13.0 0.01020907587494209 0.003990330304392364 0.003974377492650076 0.002193527427462401 0.0037603388540611068 0.0011323882988893228 0.0022042580722168217 0.0020409930773627218 0.0021255620881626015 0.0037240728283490145 0.001769610258371435 0.00400103740518098 0.0 0.004080664441133945 0.002173599571015244 0.0010990589928583528 0.0020400917234041915 0.001389304276552105
14.0 0.008219642577375683 0.0033044489977857115 0.003274098406809917 0.004508044264250485 0.0016165592184827562 0.004355311958432079 0.004499166757788126 0.0035045195900007074 0.003881727975418787 0.0017508658425686996 0.004395364777054971 0.003843578403346844 0.004080664441133945 0.0 0.0038637140398233173 0.004016856071020191 0.0037899479956247876 0.003988215295349845
15.0 0.010047533682165198 0.003467452454761247 0.003497901898820646 0.0021851196786173543 0.0035407505235419984 0.002475484229432957 0.002812588490293722 0.0023848190603470674 0.0009633914005334771 0.0035103107540634757 0.0022133881044278363 0.003372758882688374 0.002173599571015244 0.0038637140398233173 0.0 0.001975956938785387 0.0023823679949537963 0.0018023192025417942
16.0 0.010154425714535538 0.0038755085268775153 0.0038684638062604273 0.0019329471794854985 0.0036961608702226947 0.00143926568103102 0.002216916388938006 0.002065772186824499 0.0019291235760794962 0.0036608718043716296 0.0014855330111365455 0.0038692200983253596 0.0010990589928583528 0.004016856071020191 0.001975956938785387 0.0 0.002053734336039866 0.001080468909739011
17.0 0.009884725208938662 0.0038949162427516643 0.0038394685030960635 0.002760207675897807 0.003470180517705524 0.0023035491786146944 0.0020762234919012544 0.0012422827487937344 0.0023200530225071653 0.0034299687605115203 0.0025262795623501623 0.003971157871358995 0.0020400917234041915 0.0037899479956247876 0.0023823679949537963 0.002053734336039866 0.0 0.0021148098112233893
18.0 0.010135640464848205 0.003791855036198206 0.0037944363858816495 0.0017030708175502837 0.0036671291161587977 0.0017128444767523596 0.002304061209974657 0.0021346239254401364 0.0017566334482258337 0.003632896242831878 0.0013518348070101008 0.003767204445697907 0.001389304276552105 0.003988215295349845 0.0018023192025417942 0.001080468909739011 0.0021148098112233893 0.0
