0.0 1.0 2.0 3.0 4.0 5.0 6.0 7.0 8.0 9.0 10.0 11.0 12.0 13.0 14.0 15.0 16.0 17.0 18.0
1.0 0.0 0.010422331777294753 0.009785365690516308 0.014441236010620116 0.008695959611301263 0.011884321152020465 0.011023907685698622 0.010324214085068756 0.011536763311112239 0.008645630698156406 0.011827242851515166 0.010182796882287744 0.011296060538916922 0.00932681447661153 0.011645817117206633 0.01120660661189694 0.010546675387018653 0.01133468009774128
2.0 0.010422331777294753 0.0 0.0020227479915687005 0.007668297970284808 0.002873559188535508 0.005196415069461554 0.004343752779066425 0.003739793723250902 0.004733521683738227 0.002782767972417298 0.005111175208743091 0.001894904548861126 0.0046071294799308014 0.0038140177864589737 0.004830668305122351 0.004508220965087101 0.003930130468726574 0.004619898997062118
3.0 0.009785365690516308 0.0020227479915687005 0.0 0.00689370051516704 0.0022256245027596974 0.004399780175209662 0.003544737736972399 0.0029188158097961624 0.003962294506794917 0.002116474629880301 0.00432084175542119 0.0015060572665032135 0.003810604615291289 0.0032121339405405264 0.004062068289285178 0.003713773275804879 0.003114340806852028 0.0038291628805542516
4.0 0.014441236010620116 0.007668297970284808 0.00689370051516704 0.0 0.007084626743982275 0.005310985994686743 0.00463573732268429 0.0051920279370903585 0.0045562242619029795 0.006973520234346383 0.004733265932574331 0.007209750081471886 0.004717900960244766 0.007999715624124923 0.00468366773964499 0.00449630053689877 0.005062436080608806 0.004391925683110958
5.0 0.008695959611301263 0.002873559188535508 0.0022256245027596974 0.007084626743982275 0.0 0.004538217851460181 0.0036785479763972555 0.0029907655436074605 0.004175767874959144 0.0010237642641842057 0.004477446328821272 0.0026363852882965617 0.003949761941369166 0.002024256361910663 0.004283307488502162 0.0038590624983867 0.00320873815999532 0.003985023862757439
6.0 0.011884321152020465 0.005196415069461554 0.004399780175209662 0.005310985994686743 0.004538217851460181 0.0 0.0019169765974895968 0.002496125185700651 0.0026372980551148013 0.004426534829999412 0.002435852101861355 0.0047584172340415405 0.0013780705189826332 0.005450776988724197 0.002779717953635996 0.0016158220302735973 0.002358485375226078 0.001983391386235319
7.0 0.011023907685698622 0.004343752779066425 0.003544737736972399 0.00463573732268429 0.0036785479763972555 0.0019169765974895968 0.0 0.0016171491427183216 0.0018767064430778753 0.0035667924399296787 0.0018682533926638462 0.003907854639580707 0.001323375687554286 0.004590950103644194 0.0020186665847473136 0.0012197642386397312 0.0014557670213433647 0.0013616293804603122
8.0 0.010324214085068756 0.003739793723250902 0.0029188158097961624 0.0051920279370903585 0.0029907655436074605 0.002496125185700651 0.0016171491427183216 0.0 0.0023478704719488395 0.002878354802586077 0.0024847474775280924 0.0033275977089013697 0.001908080958826202 0.003900168453786171 0.002477276873813019 0.0018340341646503142 0.0010191253686900343 0.0019899403386325516
9.0 0.011536763311112239 0.004733521683738227 0.003962294506794917 0.0045562242619029795 0.004175767874959144 0.0026372980551148013 0.0018767064430778753 0.0023478704719488395 0.0 0.004064822431174588 0.002254269653644444 0.004266936696816527 0.002037678520366234 0.005092103446610808 0.0008449826679183207 0.00183564340361414 0.002231531765080893 0.001766428994030813
10.0 0.008645630698156406 0.002782767972417298 0.002116474629880301 0.006973520234346383 0.0010237642641842057 0.004426534829999412 0.0035667924399296787 0.002878354802586077 0.004064822431174588 0.0 0.004365935836518533 0.0025353343776524685 0.003838079995478437 0.002087509454770181 0.004172438005836252 0.0037474375732693896 0.0030964925160540235 0.0038735028976109587
11.0 0.011827242851515166 0.005111175208743091 0.00432084175542119 0.004733265932574331 0.004477446328821272 0.002435852101861355 0.0018682533926638462 0.0024847474775280924 0.002254269653644444 0.004365935836518533 0.0 0.004666323065280132 0.0018321913975446798 0.005390941328165616 0.0023989942307840618 0.0015759950563015487 0.0023434592727931396 0.0015253803747225791
12.0 0.010182796882287744 0.001894904548861126 0.0015060572665032135 0.007209750081471886 0.0026363852882965617 0.0047584172340415405 0.003907854639580707 0.0033275977089013697 0.004266936696816527 0.0025353343776524685 0.004666323065280132 0.0 0.004168918391440745 0.0035999740621324855 0.004361049743315543 0.004067709405833335 0.0035106561788620944 0.004175360545020698
13.0 0.011296060538916922 0.0046071294799308014 0.003810604615291289 0.004717900960244766 0.003949761941369166 0.0013780705189826332 0.001323375687554286 0.001908080958826202 0.002037678520366234 0.003838079995478437 0.0018321913975446798 0.004168918391440745 0.0 0.004862376878642369 0.0021802410685295634 0.0010003961756489127 0.0017696693248473692 0.0013783364025654037
14.0 0.00932681447661153 0.0038140177864589737 0.0032121339405405264 0.007999715624124923 0.002024256361910663 0.005450776988724197 0.004590950103644194 0.003900168453786171 0.005092103446610808 0.002087509454770181 0.005390941328165616 0.0035999740621324855 0.004862376878642369 0.0 0.005200021898679474 0.0047719917107096575 0.004119395300286622 0.004898485404079403
15.0 0.011645817117206633 0.004830668305122351 0.004062068289285178 0.00468366773964499 0.004283307488502162 0.002779717953635996 0.0020186665847473136 0.002477276873813019 0.0008449826679183207 0.004172438005836252 0.0023989942307840618 0.004361049743315543 0.0021802410685295634 0.005200021898679474 0.0 0.0019792792181505935 0.002364477435354442 0.0019118397834531828
16.0 0.01120660661189694 0.004508220965087101 0.003713773275804879 0.00449630053689877 0.0038590624983867 0.0016158220302735973 0.0012197642386397312 0.0018340341646503142 0.00183564340361414 0.0037474375732693896 0.0015759950563015487 0.004067709405833335 0.0010003961756489127 0.0047719917107096575 0.0019792792181505935 0.0 0.001692779361306197 0.0011216448399458158
17.0 0.010546675387018653 0.003930130468726574 0.003114340806852028 0.005062436080608806 0.00320873815999532 0.002358485375226078 0.0014557670213433647 0.0010191253686900343 0.002231531765080893 0.0030964925160540235 0.0023434592727931396 0.0035106561788620944 0.0017696693248473692 0.004119395300286622 0.002364477435354442 0.001692779361306197 0.0 0.0018470651312407441
18.0 0.01133468009774128 0.004619898997062118 0.0038291628805542516 0.004391925683110958 0.003985023862757439 0.001983391386235319 0.0013616293804603122 0.0019899403386325516 0.001766428994030813 0.0038735028976109587 0.0015253803747225791 0.004175360545020698 0.0013783364025654037 0.004898485404079403 0.0019118397834531828 0.0011216448399458158 0.0018470651312407441 0.0
