"","1","2","3","4","5","6","7"
"1",0,26.1724258397785,32.7121823008365,95.0294115956228,87.9150941675214,83.2027805797658,78.5288325836924
"2",26.1724258397785,0,20.4667461422277,76.4976326142493,69.7457704729023,68.7240330048809,66.8748726945065
"3",32.7121823008365,20.4667461422277,0,62.3180569847732,55.2082316786092,51.273166385683,47.9190189885893
"4",95.0294115956228,76.4976326142493,62.3180569847732,0,7.15691669509267,18.8663844362046,28.6597989002796
"5",87.9150941675214,69.7457704729023,55.2082316786092,7.15691669509267,0,14.2150469438096,23.7684319857672
"6",83.2027805797658,68.7240330048809,51.273166385683,18.8663844362046,14.2150469438096,0,9.79918156013955
"7",78.5288325836924,66.8748726945065,47.9190189885893,28.6597989002796,23.7684319857672,9.79918156013955,0
