0.0 1.0 2.0 3.0 4.0 5.0 6.0 7.0 8.0 9.0 10.0 11.0 12.0 13.0 14.0
1.0 0.0 0.0003734903822711945 0.00044012134370305237 0.0004736808809732027 0.0004889948487370334 0.0004523344519952163 0.001495918662047298 0.001495918662047298 0.001495918662047298 0.001493000421035345 0.0015039035912744736 0.001513456273828501 0.0014921080796417973 0.0014921080796417973
2.0 0.0003734903822711945 0.0 0.0004963957007091148 0.0005223655156155019 0.0005262626332443926 0.0005111812604246648 0.0014973612766407852 0.0014973612766407852 0.0014973612766407852 0.0014944504821275853 0.0015053907927226747 0.001514935901253467 0.0014935882060439299 0.0014935882060439299
3.0 0.00044012134370305237 0.0004963957007091148 0.0 0.0003081825930498263 0.0003341167929458511 0.0003368267570330861 0.0015078086264369388 0.0015078086264369388 0.0015078086264369388 0.0015048830551447753 0.0015157464788526588 0.0015253066004736592 0.001503961204266048 0.001503961204266048
4.0 0.0004736808809732027 0.0005223655156155019 0.0003081825930498263 0.0 0.00030204514137047807 0.00030283211722446446 0.0015040921937760838 0.0015040921937760838 0.0015040921937760838 0.0015011626027402036 0.0015120057555319882 0.001521569962420216 0.0015002245388578452 0.0015002245388578452
5.0 0.0004889948487370334 0.0005262626332443926 0.0003341167929458511 0.00030204514137047807 0.0 0.00038872581702245406 0.00150179778863298 0.00150179778863298 0.00150179778863298 0.0014988688691723417 0.0015097139883895486 0.001519277494503288 0.001497933532637311 0.001497933532637311
6.0 0.0004523344519952163 0.0005111812604246648 0.0003368267570330861 0.00030283211722446446 0.00038872581702245406 0.0 0.0014958561325673985 0.0014958561325673985 0.0014958561325673985 0.0014929259361578916 0.0015037675153009402 0.0015133323523221008 0.0014919854087055767 0.0014919854087055767
7.0 0.001495918662047298 0.0014973612766407852 0.0015078086264369388 0.0015040921937760838 0.00150179778863298 0.0014958561325673985 0.0 0.0 0.0 0.00028708466287529497 0.0005336211261943149 0.0005176323335977498 0.000500031178628377 0.000500031178628377
8.0 0.001495918662047298 0.0014973612766407852 0.0015078086264369388 0.0015040921937760838 0.00150179778863298 0.0014958561325673985 0.0 0.0 0.0 0.00028708466287529497 0.0005336211261943149 0.0005176323335977498 0.000500031178628377 0.000500031178628377
9.0 0.001495918662047298 0.0014973612766407852 0.0015078086264369388 0.0015040921937760838 0.00150179778863298 0.0014958561325673985 0.0 0.0 0.0 0.00028708466287529497 0.0005336211261943149 0.0005176323335977498 0.000500031178628377 0.000500031178628377
10.0 0.001493000421035345 0.0014944504821275853 0.0015048830551447753 0.0015011626027402036 0.0014988688691723417 0.0014929259361578916 0.00028708466287529497 0.00028708466287529497 0.00028708466287529497 0.0 0.000507455508527165 0.0004866887344649575 0.0004678437112479051 0.0004678437112479051
11.0 0.0015039035912744736 0.0015053907927226747 0.0015157464788526588 0.0015120057555319882 0.0015097139883895486 0.0015037675153009402 0.0005336211261943149 0.0005336211261943149 0.0005336211261943149 0.000507455508527165 0.0 0.00030912756123000276 0.000324970468786943 0.000324970468786943
12.0 0.001513456273828501 0.001514935901253467 0.0015253066004736592 0.001521569962420216 0.001519277494503288 0.0015133323523221008 0.0005176323335977498 0.0005176323335977498 0.0005176323335977498 0.0004866887344649575 0.00030912756123000276 0.0 0.0003046946346000512 0.0003046946346000512
13.0 0.0014921080796417973 0.0014935882060439299 0.001503961204266048 0.0015002245388578452 0.001497933532637311 0.0014919854087055767 0.000500031178628377 0.000500031178628377 0.000500031178628377 0.0004678437112479051 0.000324970468786943 0.0003046946346000512 0.0 0.0
14.0 0.0014921080796417973 0.0014935882060439299 0.001503961204266048 0.0015002245388578452 0.001497933532637311 0.0014919854087055767 0.000500031178628377 0.000500031178628377 0.000500031178628377 0.0004678437112479051 0.000324970468786943 0.0003046946346000512 0.0 0.0
