0.0 1.0 2.0 3.0 4.0 5.0 6.0 7.0 8.0 9.0 10.0 11.0 12.0 13.0 14.0
1.0 0.0 0.00036850967642512234 0.00041160080640982566 0.00044579908461427444 0.000467959234958519 0.000428968414638394 0.0015846685886312076 0.0015846685886312076 0.0015846685886312076 0.0015756987552242058 0.0015933130823423433 0.0015970571845923313 0.0015745865377529405 0.0015745865377529405
2.0 0.00036850967642512234 0.0 0.0004751380590465444 0.0005011933390678796 0.0005121367585607666 0.0004940420392884447 0.001592667742921133 0.001592667742921133 0.001592667742921133 0.0015837028478457016 0.0016013415390289418 0.0016050803803559308 0.0015826109452246203 0.0015826109452246203
3.0 0.00041160080640982566 0.0004751380590465444 0.0 0.00028432848985602134 0.00031466923997679284 0.00031472579845334757 0.0015886518971297225 0.0015886518971297225 0.0015886518971297225 0.0015796773628874341 0.0015972667426650696 0.001601015736232877 0.0015785460868161074 0.0015785460868161074
4.0 0.00044579908461427444 0.0005011933390678796 0.00028432848985602134 0.0 0.00028472810636416437 0.00028475297474067824 0.001586040586965098 0.001586040586965098 0.001586040586965098 0.0015770635387977107 0.00159464036888121 0.001598392027816618 0.0015759219580812004 0.0015759219580812004
5.0 0.000467959234958519 0.0005121367585607666 0.00031466923997679284 0.00028472810636416437 0.0 0.00037036269598681695 0.0015917802372998773 0.0015917802372998773 0.0015917802372998773 0.0015828034885929097 0.0016003810189332969 0.0016041322908905745 0.0015816632352081278 0.0015816632352081278
6.0 0.000428968414638394 0.0004940420392884447 0.00031472579845334757 0.00028475297474067824 0.00037036269598681695 0.0 0.0015807085958892521 0.0015807085958892521 0.0015807085958892521 0.001571731278754964 0.001589307591454456 0.00159305960115098 0.0015705884889306437 0.0015705884889306437
7.0 0.0015846685886312076 0.001592667742921133 0.0015886518971297225 0.001586040586965098 0.0015917802372998773 0.0015807085958892521 0.0 0.0 0.0 0.0002944491912253112 0.0005503777454846735 0.0005278948946759341 0.0005105458074004909 0.0005105458074004909
8.0 0.0015846685886312076 0.001592667742921133 0.0015886518971297225 0.001586040586965098 0.0015917802372998773 0.0015807085958892521 0.0 0.0 0.0 0.0002944491912253112 0.0005503777454846735 0.0005278948946759341 0.0005105458074004909 0.0005105458074004909
9.0 0.0015846685886312076 0.001592667742921133 0.0015886518971297225 0.001586040586965098 0.0015917802372998773 0.0015807085958892521 0.0 0.0 0.0 0.0002944491912253112 0.0005503777454846735 0.0005278948946759341 0.0005105458074004909 0.0005105458074004909
10.0 0.0015756987552242058 0.0015837028478457016 0.0015796773628874341 0.0015770635387977107 0.0015828034885929097 0.001571731278754964 0.0002944491912253112 0.0002944491912253112 0.0002944491912253112 0.0 0.0005180535809298655 0.0004908720604895017 0.0004722599673820868 0.0004722599673820868
11.0 0.0015933130823423433 0.0016013415390289418 0.0015972667426650696 0.00159464036888121 0.0016003810189332969 0.001589307591454456 0.0005503777454846735 0.0005503777454846735 0.0005503777454846735 0.0005180535809298655 0.0 0.0003158384449269945 0.0003323362201137843 0.0003323362201137843
12.0 0.0015970571845923313 0.0016050803803559308 0.001601015736232877 0.001598392027816618 0.0016041322908905745 0.00159305960115098 0.0005278948946759341 0.0005278948946759341 0.0005278948946759341 0.0004908720604895017 0.0003158384449269945 0.0 0.00030668007264973035 0.00030668007264973035
13.0 0.0015745865377529405 0.0015826109452246203 0.0015785460868161074 0.0015759219580812004 0.0015816632352081278 0.0015705884889306437 0.0005105458074004909 0.0005105458074004909 0.0005105458074004909 0.0004722599673820868 0.0003323362201137843 0.00030668007264973035 0.0 0.0
14.0 0.0015745865377529405 0.0015826109452246203 0.0015785460868161074 0.0015759219580812004 0.0015816632352081278 0.0015705884889306437 0.0005105458074004909 0.0005105458074004909 0.0005105458074004909 0.0004722599673820868 0.0003323362201137843 0.00030668007264973035 0.0 0.0
