0.0 1.0 2.0 3.0 4.0 5.0 6.0 7.0 8.0 9.0 10.0 11.0 12.0 13.0 14.0
1.0 0.0 0.0003681021928291701 0.00041107036985175245 0.0004447878842583978 0.0004665573144846724 0.0004279544815825085 0.0015864518565616784 0.0015864518565616784 0.0015864518565616784 0.0015841932469894114 0.0015982036648573934 0.0016063135496532936 0.0015847765260474339 0.0015847765260474339
2.0 0.0003681021928291701 0.0 0.0004742853256882026 0.0004998766452492411 0.0005104404086649362 0.0004927206575777946 0.0015958061338162597 0.0015958061338162597 0.0015958061338162597 0.0015935535101530614 0.0016075933862286294 0.0016156969230142174 0.001594161359905521 0.001594161359905521
3.0 0.00041107036985175245 0.0004742853256882026 0.0 0.00028352575792437774 0.00031358539950191247 0.0003136944346260568 0.0015872000003795315 0.0015872000003795315 0.0015872000003795315 0.001584936565219281 0.0015989216233127093 0.0016070364851410589 0.0015855000786815215 0.0015855000786815215
4.0 0.0004447878842583978 0.0004998766452492411 0.00028352575792437774 0.0 0.00028353172437009836 0.00028358358660735027 0.001583350361611809 0.001583350361611809 0.001583350361611809 0.00158108391995426 0.0015950539386733447 0.0016031719724092764 0.0015816349287630063 0.0015816349287630063
5.0 0.0004665573144846724 0.0005104404086649362 0.00031358539950191247 0.00028353172437009836 0.0 0.00036865297566604483 0.0015881865661703312 0.0015881865661703312 0.0015881865661703312 0.0015859208350660877 0.0015998936210371286 0.0016080108674760198 0.001586474856954366 0.001586474856954366
6.0 0.0004279544815825085 0.0004927206575777946 0.0003136944346260568 0.00028358358660735027 0.00036865297566604483 0.0 0.0015785799244253614 0.0015785799244253614 0.0015785799244253614 0.0015763127919431212 0.001590280127414106 0.0015983989361499432 0.0015768608298555348 0.0015768608298555348
7.0 0.0015864518565616784 0.0015958061338162597 0.0015872000003795315 0.001583350361611809 0.0015881865661703312 0.0015785799244253614 0.0 0.0 0.0 0.00028630119250115226 0.0005381119777676624 0.0005199357729451515 0.0005026865506794135 0.0005026865506794135
8.0 0.0015864518565616784 0.0015958061338162597 0.0015872000003795315 0.001583350361611809 0.0015881865661703312 0.0015785799244253614 0.0 0.0 0.0 0.00028630119250115226 0.0005381119777676624 0.0005199357729451515 0.0005026865506794135 0.0005026865506794135
9.0 0.0015864518565616784 0.0015958061338162597 0.0015872000003795315 0.001583350361611809 0.0015881865661703312 0.0015785799244253614 0.0 0.0 0.0 0.00028630119250115226 0.0005381119777676624 0.0005199357729451515 0.0005026865506794135 0.0005026865506794135
10.0 0.0015841932469894114 0.0015935535101530614 0.001584936565219281 0.00158108391995426 0.0015859208350660877 0.0015763127919431212 0.00028630119250115226 0.00028630119250115226 0.00028630119250115226 0.0 0.0005131109528461997 0.0004901720153761887 0.0004716756808859032 0.0004716756808859032
11.0 0.0015982036648573934 0.0016075933862286294 0.0015989216233127093 0.0015950539386733447 0.0015998936210371286 0.001590280127414106 0.0005381119777676624 0.0005381119777676624 0.0005381119777676624 0.0005131109528461997 0.0 0.00031457612558357566 0.0003311167287095517 0.0003311167287095517
12.0 0.0016063135496532936 0.0016156969230142174 0.0016070364851410589 0.0016031719724092764 0.0016080108674760198 0.0015983989361499432 0.0005199357729451515 0.0005199357729451515 0.0005199357729451515 0.0004901720153761887 0.00031457612558357566 0.0 0.00030862479358829877 0.00030862479358829877
13.0 0.0015847765260474339 0.001594161359905521 0.0015855000786815215 0.0015816349287630063 0.001586474856954366 0.0015768608298555348 0.0005026865506794135 0.0005026865506794135 0.0005026865506794135 0.0004716756808859032 0.0003311167287095517 0.00030862479358829877 0.0 0.0
14.0 0.0015847765260474339 0.001594161359905521 0.0015855000786815215 0.0015816349287630063 0.001586474856954366 0.0015768608298555348 0.0005026865506794135 0.0005026865506794135 0.0005026865506794135 0.0004716756808859032 0.0003311167287095517 0.00030862479358829877 0.0 0.0
