0.0 1.0 2.0 3.0 4.0 5.0 6.0 7.0 8.0 9.0 10.0 11.0 12.0 13.0 14.0
1.0 0.0 0.0003723861951213238 0.00042950017908766194 0.00045845894399145057 0.00048023417227331395 0.0004410717552909034 0.001840785819230737 0.001840785819230737 0.001840785819230737 0.0018355089969845605 0.0018964436332186258 0.001882315423952797 0.0018424137718537322 0.0018424137718537322
2.0 0.0003723861951213238 0.0 0.0004861575433474479 0.0005086779786738661 0.0005193352462078859 0.000501394308795503 0.001847561315046445 0.001847561315046445 0.001847561315046445 0.0018422885757991801 0.0019032437546491442 0.001889110693417122 0.0018492104325827262 0.0018492104325827262
3.0 0.00042950017908766194 0.0004861575433474479 0.0 0.0002875080269901019 0.00031789431748111105 0.0003193684233555533 0.0018437533492976007 0.0018437533492976007 0.0018437533492976007 0.0018384729556103676 0.0018993876705010841 0.001885263336489019 0.0018453632626218757 0.0018453632626218757
4.0 0.00045845894399145057 0.0005086779786738661 0.0002875080269901019 0.0 0.0002860559475118706 0.00028606855029186557 0.001836227795502913 0.001836227795502913 0.001836227795502913 0.0018309453148663596 0.0018918494411886162 0.001877727582734973 0.0018378269005078535 0.0018378269005078535
5.0 0.00048023417227331395 0.0005193352462078859 0.00031789431748111105 0.0002860559475118706 0.0 0.00037271592695881453 0.0018428438857164993 0.0018428438857164993 0.0018428438857164993 0.0018375619673645324 0.0018984680610911312 0.001884345363235258 0.0018444461530673982 0.0018444461530673982
6.0 0.0004410717552909034 0.000501394308795503 0.0003193684233555533 0.00028606855029186557 0.00037271592695881453 0.0 0.0018298144524922313 0.0018298144524922313 0.0018298144524922313 0.001824531445664232 0.001885433819453117 0.0018713127646519609 0.0018314105815742856 0.0018314105815742856
7.0 0.001840785819230737 0.001847561315046445 0.0018437533492976007 0.001836227795502913 0.0018428438857164993 0.0018298144524922313 0.0 0.0 0.0 0.00028846682721053816 0.0005908080719475763 0.0005474269828215281 0.0005144047245924559 0.0005144047245924559
8.0 0.001840785819230737 0.001847561315046445 0.0018437533492976007 0.001836227795502913 0.0018428438857164993 0.0018298144524922313 0.0 0.0 0.0 0.00028846682721053816 0.0005908080719475763 0.0005474269828215281 0.0005144047245924559 0.0005144047245924559
9.0 0.001840785819230737 0.001847561315046445 0.0018437533492976007 0.001836227795502913 0.0018428438857164993 0.0018298144524922313 0.0 0.0 0.0 0.00028846682721053816 0.0005908080719475763 0.0005474269828215281 0.0005144047245924559 0.0005144047245924559
10.0 0.0018355089969845605 0.0018422885757991801 0.0018384729556103676 0.0018309453148663596 0.0018375619673645324 0.001824531445664232 0.00028846682721053816 0.00028846682721053816 0.00028846682721053816 0.0 0.0005604616967512881 0.0005123039030192906 0.0004782964506627901 0.0004782964506627901
11.0 0.0018964436332186258 0.0019032437546491442 0.0018993876705010841 0.0018918494411886162 0.0018984680610911312 0.001885433819453117 0.0005908080719475763 0.0005908080719475763 0.0005908080719475763 0.0005604616967512881 0.0 0.000372946628553053 0.0003721604911504435 0.0003721604911504435
12.0 0.001882315423952797 0.001889110693417122 0.001885263336489019 0.001877727582734973 0.001884345363235258 0.0018713127646519609 0.0005474269828215281 0.0005474269828215281 0.0005474269828215281 0.0005123039030192906 0.000372946628553053 0.0 0.00032908048090466227 0.00032908048090466227
13.0 0.0018424137718537322 0.0018492104325827262 0.0018453632626218757 0.0018378269005078535 0.0018444461530673982 0.0018314105815742856 0.0005144047245924559 0.0005144047245924559 0.0005144047245924559 0.0004782964506627901 0.0003721604911504435 0.00032908048090466227 0.0 0.0
14.0 0.0018424137718537322 0.0018492104325827262 0.0018453632626218757 0.0018378269005078535 0.0018444461530673982 0.0018314105815742856 0.0005144047245924559 0.0005144047245924559 0.0005144047245924559 0.0004782964506627901 0.0003721604911504435 0.00032908048090466227 0.0 0.0
