0.0 1.0 2.0 3.0 4.0 5.0 6.0 7.0 8.0 9.0 10.0 11.0 12.0 13.0 14.0 15.0 16.0 17.0 18.0 19.0 20.0 21.0 22.0 23.0 24.0 25.0 26.0 27.0 28.0 29.0 30.0 31.0 32.0 33.0 34.0 35.0 36.0 37.0 38.0 39.0 40.0 41.0 42.0 43.0 44.0 45.0 46.0 47.0 48.0 49.0 50.0 51.0 52.0 53.0 54.0 55.0 56.0 57.0 58.0 59.0 60.0 61.0 62.0 63.0 64.0 65.0 66.0 67.0 68.0 69.0 70.0 71.0 72.0 73.0 74.0 75.0 76.0 77.0 78.0 79.0 80.0 81.0 82.0 83.0 84.0 85.0 86.0 87.0 88.0 89.0 90.0 91.0 92.0 93.0 94.0 95.0 96.0 97.0 98.0 99.0 100.0
1.0 0.0 0.019625544405173626 0.01748605370388074 0.023784472639305387 0.017113808891368657 0.019906161563761345 0.021964164765028524 0.017381880430988934 0.016822624459827736 0.019621800212960172 0.057208311993719035 0.017167626350896293 0.05462102193747993 0.017433276558760393 0.01693508328680562 0.01761874508934191 0.03323349278160818 0.01727273239886821 0.017039390265080626 0.03391324509680134 0.017172355407438666 0.020705875400262117 0.0181572478640531 0.017231448929742727 0.017218904913564786 0.017072322789244677 0.019715030653174252 0.01696125755137693 0.01680332416718419 0.03338283914813525 0.0173137599567766 0.01824345772177993 0.017035913545134382 0.01722926482858927 0.02170303328966488 0.017461309557945275 0.019772863050880364 0.018258117696871128 0.01950389836976755 0.017552035880308493 0.017265701968711616 0.018816800327330924 0.019810137479230123 0.01716723683225407 0.018033674358352517 0.020275669784664024 0.016991215847500834 0.03498438027334375 0.02066290433223336 0.017166368632363614 0.020112849661513926 0.034591275491899685 0.01814882394727307 0.017054410259608167 0.01691245357818939 0.01718634560578281 0.017212127730171924 0.019789281835246073 0.03408857971109563 0.017238911830921824 0.018178968320664072 0.017923324511933167 0.017755519390325727 0.019500438043443064 0.033484841262687456 0.017458802041176988 0.018960018390428955 0.017189304157997583 0.017268633898233784 0.01718686219905554 0.019132817021388443 0.017582589789922224 0.019845083818814346 0.017015544541295245 0.017286314238011115 0.019952481760935278 0.020127543633206943 0.014486781709705018 0.033760246168904204 0.019434676024812563 0.019902422774669234 0.019902422774669234 0.019564903475258515 0.01971925428941896 0.020467336908664334 0.017261973652645115 0.019728485477416537 0.017486343032468637 0.018146044237224504 0.020057952936163463 0.017957526827735798 0.0195871388477834 0.019585814276373074 0.017441209596335033 0.018500690064652114 0.017717346492112557 0.017343988475601813 0.01822447529782576 0.017345070051793414 0.03329691693995928
2.0 0.019625544405173626 0.0 0.003958619856100833 0.009927651476290177 0.003993787885297067 0.0018598295582462378 0.008975652733837717 0.0034266076874173157 0.004034623474881521 0.0007130382240137581 0.043209125632925116 0.004204014658588589 0.05022097380813788 0.004344312416044872 0.0037047949796059597 0.0034501328259257773 0.019642511133228756 0.003996346291333323 0.003939481740931287 0.020329629901102937 0.004208525219256944 0.002217731495453925 0.004440410719326389 0.0037144568384113417 0.004051622524303279 0.003835362665722958 0.001164047250990903 0.0036504127638649214 0.0037351506501580936 0.019785976369281484 0.003676930955645412 0.004598744559266597 0.003886022443743982 0.0037173664044623 0.005091603076374275 0.004056783103103943 0.0014176934159091936 0.0030960563046434075 0.001179753251032034 0.0039097956096407205 0.0037470095758159495 0.003588375942463525 0.001587355440589671 0.00420317528843395 0.0030995574359787316 0.0017874928493352357 0.003693686441937332 0.021404986473922874 0.0031024607288271597 0.003968968207646535 0.0022432549700938144 0.020970139918999355 0.003067548259521411 0.004136280418563988 0.003656306042986387 0.0037688659082117174 0.004139594643788845 0.0015595155423598767 0.020506024486323902 0.003954950504857922 0.004754784693500182 0.004464866173603373 0.0033564258568989334 0.0030870802666230004 0.019887581051626094 0.004445435070061475 0.003058475859967623 0.0039823482025760915 0.003611789154856951 0.003682626020272209 0.003603623967605718 0.004618144213259467 0.0015519144946929825 0.0036801124087380357 0.004280230902723982 0.0014212564006236376 0.0016221601371528005 0.006465264158936255 0.02014938588685769 0.0017541329748249068 0.0018917472952726458 0.0018917472952726458 0.000848109769952525 0.0012460238962654843 0.0068072571239863044 0.004270079802622697 0.00124017583322927 0.00402170467818452 0.003031894038389278 0.0015522360914223404 0.0031252318335473726 0.0009775737218289879 0.001491511782219266 0.0035742388299291016 0.0032884634377712864 0.004159370943342799 0.004354031990532706 0.003210590886094676 0.0037310750846857657 0.01970717283761004
3.0 0.01748605370388074 0.003958619856100833 0.0 0.008520243980013248 0.001589336113034353 0.004288431826598337 0.0066681955100187755 0.002070617211488872 0.0018529057055919791 0.003959220840181167 0.04196890184279309 0.0018926303994920672 0.04811233363699728 0.001967525746910448 0.0016651281133183045 0.0022994725930201958 0.017863580555470583 0.0013782262454933372 0.0015521237533553736 0.01854428474152911 0.001897154643122366 0.005029572325825935 0.002916746553388201 0.0019468436040751373 0.0015988289994716132 0.0015281983209260303 0.004040626896000224 0.0013951009707112091 0.0015009425531326628 0.018012380661224382 0.0020288283234055696 0.0013383854974798638 0.0019001856548330545 0.0018794715649021292 0.006195512524046216 0.002340423989440267 0.004129219273122542 0.002860482896762332 0.0038684209105134745 0.002272001696343 0.0019999439239915713 0.003414124777995634 0.004178288480324813 0.0018915733103516234 0.0026532865280333197 0.004594645821597611 0.0015365514770922135 0.01961598137322291 0.004839344548629172 0.0020566197655946528 0.004508994580909875 0.01921918491587714 0.002757280567593858 0.0018387007981213385 0.0015686281456500119 0.0008132145499063423 0.001772398779997915 0.004156839637805512 0.01871976196228249 0.002112776282355299 0.0029612483639847205 0.002787997917791031 0.0024163518068804485 0.004007911959183319 0.018114328659290767 0.0021203407286532194 0.0035063226290482363 0.0020522174572602248 0.0019596473029881226 0.001916670678402392 0.0037073359531534025 0.0023084011108975393 0.004207319368556752 0.0011921268940991575 0.0019566925518218897 0.004280395692261883 0.004448315077330373 0.004286610323875149 0.018388899276661624 0.0038463607717126765 0.004287534995290179 0.004287534995290179 0.003907809960806467 0.004062078147376386 0.005276843414614915 0.001951576633213433 0.004025773169675829 0.002341421575525183 0.0027520165800206525 0.004388236206528735 0.002584847989907116 0.003915009234876348 0.0039667325571548125 0.0021235390940978864 0.0030993329766897983 0.0007232569084239457 0.002039302988427423 0.0028380148466575703 0.00206279791801732 0.017926844363208252
4.0 0.023784472639305387 0.009927651476290177 0.008520243980013248 0.0 0.008305329190077714 0.010155147275758832 0.013268850322554027 0.007420213735027069 0.008237893640174802 0.009919128222509406 0.047137180510313556 0.008486135958281436 0.0543471777114566 0.008649475990136709 0.007846646487556227 0.007471668003761808 0.02441630023607628 0.008369593071468277 0.00824453262562664 0.02509756436878937 0.008490766993053497 0.011018911952464423 0.007971043904069337 0.007742409179482806 0.008377114641248795 0.00811479093188415 0.010023506473363746 0.007929287636848463 0.007971034589730551 0.02456453685756041 0.007633389352572441 0.009260689541346383 0.007958990585371667 0.00782847246234689 0.0118324484647951 0.00777917697565908 0.010049521856713893 0.008269279608107298 0.00977168821874766 0.007844144422102475 0.00774315155481824 0.008832152476983848 0.010074201304575547 0.008485270167520587 0.008024569272377807 0.01059015647668745 0.007923055084309596 0.026169575221318124 0.01112738206315688 0.00796852841459321 0.010346774478171939 0.025768588568580726 0.008153056985887214 0.008404675492028071 0.007837033212459824 0.00823604889504017 0.008440390740347033 0.0100539790229636 0.025273119605217297 0.007881579447664721 0.00872881705959892 0.008123969718433516 0.007687130200536442 0.009613591296961162 0.024666460601653784 0.008738898896603516 0.009031217784885477 0.008006854975057688 0.007630285018887545 0.0076946596042022156 0.009173226475228377 0.008902489732402343 0.010115446703435556 0.008042342531236979 0.008571655537625643 0.010258890013718453 0.010440195660116044 0.010658663380804671 0.0249394283654606 0.009651537015831223 0.010148313547506282 0.010148313547506282 0.009856128673635056 0.010010310289792275 0.01029368407510381 0.008558635292777787 0.010068934356848306 0.007684216132821425 0.008152830921851803 0.010362794799172202 0.007939777869896095 0.00989363320203963 0.009835910602953541 0.007613414585238478 0.008516414166173627 0.008747165465624002 0.008643942923763047 0.00822326164737796 0.007696852224621884 0.024479849891978545
5.0 0.017113808891368657 0.003993787885297067 0.001589336113034353 0.008305329190077714 0.0 0.004290111349260984 0.0060815153310973015 0.0018633031928326667 0.0014908641566164366 0.00399142662571645 0.041762527862638815 0.0013214105466329423 0.04774533320611274 0.0011072008882855866 0.0013996682411571634 0.0021024960988942354 0.01732467637673602 0.001281748353861762 0.0007416821969959964 0.018004831139660282 0.0013256576426738768 0.0050692370762449104 0.002693687314944699 0.001713740454168007 0.0009606938814636888 0.001312237359692877 0.004080587758617447 0.001230566298361442 0.0011606402035487969 0.017474124436582403 0.0018029366706481774 0.0023536975247763284 0.0016199429427966837 0.0016581191882335845 0.006123165968576143 0.002096547824295438 0.004148393692065242 0.002714196085431799 0.0038822375640912045 0.002045927066351875 0.0017650141823864 0.003271274597742655 0.004189514785188843 0.0013201452509026962 0.0024954549534642115 0.004638583244235363 0.0013222262514674399 0.019076222698334887 0.004981495254067211 0.0017888880676647269 0.004501363901044719 0.018683977797753555 0.002606908304860888 0.0013227238999498937 0.001316674892380524 0.0012846117592985977 0.00098737253843793 0.004168466328669046 0.0181802329931419 0.0018564631012502678 0.002717022464888672 0.002547897467648188 0.0022312876776173947 0.003925477524397102 0.017576113054421846 0.0014951412281618316 0.0033977696379366984 0.001783025433244042 0.0017380839954912845 0.0016810685473135946 0.00357981093353444 0.0017348825378119687 0.004222545148858354 0.001186016566427455 0.0013401220955695549 0.004318573365686019 0.004491281137993897 0.0039006377736900896 0.017852423082072758 0.003828381888196699 0.0042873118636087525 0.0042873118636087525 0.003936279555547546 0.004090313266522344 0.005049279533856314 0.0013529435162477343 0.004085497758246143 0.002101405687380334 0.0026033201353957633 0.0044243989319529345 0.0024218415131891276 0.003953672654682952 0.003969483657529457 0.0019130550438931707 0.002955531022713967 0.0018221843894915823 0.0014450618413655893 0.0026842216390238517 0.001835296708751804 0.017387564854903177
6.0 0.019906161563761345 0.0018598295582462378 0.004288431826598337 0.010155147275758832 0.004290111349260984 0.0 0.009268743557391 0.003650927741993 0.0043182646571025066 0.0018288244915329946 0.043422653310472334 0.0044962868987671045 0.05049939098232918 0.004639671880667846 0.003979996708906579 0.003657067551329371 0.019964780343159814 0.004301058608682334 0.004234964540373486 0.020651533692740656 0.00450080689458392 0.0029342334366108946 0.004677171501756148 0.003970778127346572 0.004349869670871299 0.004127432910042545 0.0019297389406593042 0.003941927332681821 0.00402217243229298 0.020108535217521803 0.003924034681152499 0.004941919712842011 0.004156839299445551 0.003980897333949442 0.005076205842460123 0.004307901629837258 0.0015924547725117595 0.0032303340457885583 0.0015870169490442634 0.004155989948865544 0.0040014767904955825 0.0037073614624984486 0.0013036086790921553 0.004495449340298916 0.003246672097227503 0.0025183349168561957 0.003978353124916845 0.021726678747934443 0.00393478989615716 0.004234569638493536 0.0014490092663087262 0.021293767876128238 0.0032057766749784555 0.004427197254662448 0.003935283517831907 0.004086195408851457 0.00443439978660418 0.0013010629027552442 0.0208278748923355 0.004215538214038084 0.005012299224749259 0.004712977194193505 0.0035456913251675944 0.0030776086863457015 0.020210168611364515 0.0047388728129142375 0.0031181992660161313 0.004249278631113948 0.003859925511308024 0.003938577745912268 0.0036919640178171773 0.00491056346647567 0.001538239994484214 0.0039833097803420835 0.0045734747080338305 0.0021438589027689622 0.0023611241704517665 0.0067485577800761865 0.020472514761439534 0.0017799931085686824 0.0007431690295995851 0.0007431690295995851 0.0017270920812261469 0.0017621387881106738 0.007043987989445864 0.0045629993859968715 0.002195282270013303 0.004270124700362643 0.0031667589963440927 0.002226528359402541 0.0032806376725550007 0.0018045924455050051 0.001707723151526102 0.003806908525539325 0.0034263597835533788 0.00449245916093478 0.004646991936551655 0.0033538697199788255 0.003979705111477078 0.020029409053874507
7.0 0.021964164765028524 0.008975652733837717 0.0066681955100187755 0.013268850322554027 0.0060815153310973015 0.009268743557391 0.0 0.0068299338644824854 0.006373485013322459 0.008972961056883295 0.04672592735545303 0.005597343491838956 0.05259183897213736 0.006323663181155223 0.006355265535515034 0.007069224816075713 0.02129735645435795 0.006407853019199321 0.0059807497417948725 0.02196198381472017 0.005592620694434579 0.010047434919495349 0.007655756530296622 0.006677524682757334 0.006260936134199164 0.0063212094084611654 0.0090615485019001 0.006239345548754639 0.006097239644505887 0.021450088484953986 0.006767278733669897 0.007429848697526414 0.006560704838365409 0.006630425251132457 0.011097630860864363 0.007051562173464646 0.009128217975574008 0.007684230556572816 0.008862129249237544 0.007009841971249046 0.006727017813353636 0.008241505200976815 0.00916884087984441 0.005606847515022731 0.007464784560840057 0.009618445788797812 0.006310235547790477 0.023023803037420278 0.009980499967586265 0.006735227377714686 0.009479498447778744 0.022664273705655956 0.00757669386862957 0.005982945511187502 0.006283667221538704 0.006365251792263212 0.006058242472208281 0.009147819352185414 0.02213487969943876 0.00680792290710007 0.0076747214595113585 0.007504016327719246 0.007198921124508078 0.008899329511037269 0.02155236621801243 0.005949846813866271 0.008370064567320434 0.006729213409178023 0.006705043992620941 0.0066432992451403265 0.008550961534139631 0.0058296811607042864 0.00920215757638905 0.00623323141057228 0.00571199094487693 0.009299025357633238 0.009471499569701114 0.008740313963734168 0.021830399938781345 0.00880617085696225 0.009265855471192127 0.009265855471192127 0.008917406875261755 0.009070543142125576 0.010008672966214518 0.005557594591705656 0.009070855022400515 0.0070577272329757565 0.007573205603367866 0.009403944913305578 0.007390858456992836 0.008935321894610479 0.008948609218652322 0.006880569285853393 0.007925721992042827 0.006900428428271575 0.005391421483110018 0.007653801247709247 0.006799300249581124 0.02136533982310012
8.0 0.017381880430988934 0.0034266076874173157 0.002070617211488872 0.007420213735027069 0.0018633031928326667 0.003650927741993 0.0068299338644824854 0.0 0.001809420617606184 0.0034177844091513865 0.04086640651039772 0.0020476302070659112 0.047965227916406936 0.002208247466073742 0.001414736290446441 0.0010407931943464017 0.017970379190787637 0.0019236343813693602 0.0018030140287333962 0.018651729067416266 0.0020522566367694173 0.004518733870788088 0.0019095703810541806 0.001279341438786035 0.001933858906805079 0.0016680868569687243 0.003523018293923791 0.0014768002824768825 0.0015333550185316416 0.01811854857978299 0.0011725614636548948 0.0028098801828868904 0.0015690062692393925 0.0013333180360540903 0.005320896406191086 0.0016235779750216409 0.0035470106056880307 0.0017495519795133682 0.003268602463928065 0.0014016441961342274 0.0013005041719676806 0.0023142875666846037 0.0035709093697897064 0.0020467570128763803 0.0015055603230247523 0.004090084238483574 0.0014700853398160359 0.019723789100989972 0.004637806739358388 0.0016180615085524472 0.0038416342830647175 0.01932232520223446 0.0016332773929448423 0.0019671792567680646 0.0013923944423205846 0.0017875156014103971 0.0019995415828787666 0.0035507262275460486 0.01882729666168001 0.0015717887168707652 0.0023379104430311833 0.002021243922052156 0.0011839856515995367 0.003101084278890623 0.018220467760347518 0.002299438536366688 0.002516008136229944 0.0016391109670602297 0.0011075501506825972 0.0012465642720776993 0.002656436129399607 0.0024639487417113283 0.003612543672239076 0.0015929223338190315 0.002132334132180738 0.0037582713236511793 0.003939997725958787 0.004239390100912132 0.018493281318007627 0.003145323195916417 0.0036439049389764486 0.0036439049389764486 0.0033544498796733227 0.003508703417417894 0.004358166315652771 0.002119596083449634 0.0035705843720142162 0.0015723732214690152 0.001633390505832992 0.003862078495350592 0.001420592900212049 0.003392995297041273 0.0033317382442514913 0.0009598020102914405 0.0019963751409025864 0.00229723123740078 0.0022049578640131115 0.0017030370497518113 0.001238584980587723 0.0180339415632903
9.0 0.016822624459827736 0.004034623474881521 0.0018529057055919791 0.008237893640174802 0.0014908641566164366 0.0043182646571025066 0.006373485013322459 0.001809420617606184 0.0 0.0040311554652184625 0.04169756561974415 0.001580795663695872 0.04747791335923199 0.0018153697866822235 0.0013018237355767182 0.002050649689601905 0.01763821276164749 0.0016395148496567945 0.001418392733750936 0.01831803556613515 0.001585547135136492 0.005114598072494331 0.002619161313246618 0.001644917244882138 0.0015909511358114907 0.0014290915664207475 0.00412383339512137 0.001324821762217019 0.0011244833335199156 0.017787549347839104 0.0017371377901824435 0.002611248803131086 0.0014414625394362883 0.0016244500073935506 0.00612178252606628 0.0019906702765354854 0.00418342208772942 0.0026834653679090187 0.003914929120921864 0.001978355890360387 0.0016884395388636203 0.003241889175675361 0.00422139725105836 0.0015801371662210392 0.0024601158391814384 0.004684240035196421 0.0013545077717391357 0.0193892185177379 0.005062241120261126 0.0016396148028040465 0.004525790935879504 0.018996031189354327 0.0025745503776628195 0.0014720748810318936 0.0012732199191423654 0.0015522715721334908 0.0015969210644477781 0.0042005062514846765 0.01849338263561142 0.0017324651030533739 0.0026211044724722896 0.0024472223129924503 0.0021849132093320067 0.003920092100149177 0.01788954906364841 0.001858672684483649 0.0033820103114871776 0.0016324280883587873 0.0016833835394090765 0.001605456026371195 0.0035565172761087907 0.0019983041841129673 0.004255991092806 0.0013794871153282422 0.0016878780319774557 0.004361424425241515 0.004536182460974009 0.0035875507499773668 0.01816499125339921 0.003848553183395678 0.00431469919224331 0.00431469919224331 0.003974608482383787 0.004129021994618599 0.004963662655684622 0.001667412810053559 0.004135282109755799 0.00200129302702394 0.0025716254964297802 0.004467026599846595 0.0023844429892766784 0.003995999493750853 0.003997835882289205 0.0018621464384879632 0.0029257944792617993 0.002084453221175675 0.0017509843501558424 0.0026505063003769633 0.0017679014316952478 0.017701589367408517
10.0 0.019621800212960172 0.0007130382240137581 0.003959220840181167 0.009919128222509406 0.00399142662571645 0.0018288244915329946 0.008972961056883295 0.0034177844091513865 0.0040311554652184625 0.0 0.043199355996039135 0.004201276526113667 0.050217031308206386 0.004341853572450444 0.0037005861264138955 0.0034397593776845613 0.019640884461540234 0.0039947597903003465 0.003937046689841885 0.02032798983370799 0.0042057876501067695 0.002230151540281205 0.0044327226341203466 0.0037085444612410777 0.004049442718666724 0.0038326714366263004 0.0011819610210695858 0.003647693774327977 0.003731990219646583 0.019784360110887952 0.003670180903212597 0.004600492909795199 0.0038814116672537258 0.0037121246727516537 0.005064376903603771 0.004050394222185318 0.0013945992281668082 0.0030788031244148722 0.0011316177772710267 0.003902962834479405 0.00374092721142728 0.0035706985157329223 0.0015584000337580638 0.004200437579384857 0.003083905245359505 0.00180167388584377 0.0036903460678507187 0.021403338640600927 0.003152463491890821 0.00396388759787648 0.002211435411694159 0.02096856098923021 0.0030508645111100123 0.0041334391885118615 0.003652442785798255 0.003768402746064374 0.004137089482475119 0.0015307718162329634 0.02050438245749537 0.003949417984384005 0.004748976491480674 0.004458205594855866 0.00334448176019533 0.003061310848392628 0.019885965864863818 0.004442788098339839 0.0030361149649800016 0.00397738785093453 0.003605133860526674 0.00367667871027353 0.0035838830077361897 0.004615412912488407 0.0015248844338669049 0.003678432590277496 0.004277569823688057 0.0014335142492822271 0.0016372501935472752 0.006461759385281398 0.020147789373431313 0.0017184162039567165 0.0018604043938640485 0.0018604043938640485 0.0007377638235731461 0.0012367131850580873 0.006799569968768238 0.004267391716416932 0.0013036320182459073 0.004015071738214738 0.0030149839737391576 0.0015593511754233916 0.0031102862280750557 0.0010000511383788761 0.0014501746760454994 0.003566162478673588 0.003270839575925135 0.004160227576462488 0.004351341127804373 0.0031943766861588507 0.003724463554391315 0.01970554532451587
11.0 0.057208311993719035 0.043209125632925116 0.04196890184279309 0.047137180510313556 0.041762527862638815 0.043422653310472334 0.04672592735545303 0.04086640651039772 0.04169756561974415 0.043199355996039135 0.0 0.04194358475950552 0.08761886556868585 0.042106750733748186 0.04131197639661979 0.04076858794287844 0.05785451866263013 0.04182508025013895 0.0417018925033462 0.05853601217398692 0.04194821001148303 0.04430228613974643 0.0417311477898178 0.041227258012926676 0.041834009241676406 0.04157425681783489 0.04330609768821133 0.04138936103019688 0.04143114419535565 0.05800256769159598 0.04114604457590068 0.04270559591002056 0.041422139456239175 0.0412980116759319 0.04506925241885661 0.041203064436115155 0.043324136048340504 0.041478026652692034 0.043044130418685454 0.041367422716375876 0.04123482084138576 0.04203787309783788 0.043345595638095744 0.04194272561775088 0.04122420387426429 0.04387395495468194 0.04138534353860321 0.059608153581061106 0.0444478848886585 0.041429429286614056 0.043610402823520286 0.05920583028413625 0.041359599045457704 0.04186254733236081 0.041301191580952926 0.0416882510945285 0.041897752808064175 0.04332553575659345 0.058711600132668885 0.04134105461033162 0.042210190830962765 0.04141007394030694 0.04083651118144995 0.042846084041259995 0.05810447916556101 0.04219617071797224 0.042253356692774975 0.04146970269766792 0.0411139473483508 0.04118227440625815 0.04238658789359902 0.04235976383607318 0.04338845841284622 0.041498766703371125 0.04202897059944696 0.04354091230403309 0.043723624977962866 0.0441000810753404 0.0583770017602379 0.04291088181246855 0.04341502825043134 0.04341502825043134 0.04313469425978576 0.043288557356958544 0.042626000513334046 0.04201598013544937 0.043359873449952915 0.0411548939013541 0.041359526143082394 0.04364434284619941 0.04113676587490995 0.043175894047476016 0.043103798343558486 0.04105538201171906 0.041727231486510696 0.04219483880745885 0.042101200846875124 0.04142898555980641 0.04120506691012415 0.057918114124314836
12.0 0.017167626350896293 0.004204014658588589 0.0018926303994920672 0.008486135958281436 0.0013214105466329423 0.0044962868987671045 0.005597343491838956 0.0020476302070659112 0.001580795663695872 0.004201276526113667 0.04194358475950552 0.0 0.04779653822217912 0.001573433034395371 0.0015704861744271145 0.002287386218061259 0.017075492298493193 0.001634198742664409 0.0012223079775855634 0.017752566531363798 0.0003857591148146676 0.005278563399938093 0.002872642078885334 0.0018940423690809588 0.0014937909497764433 0.001540796668092568 0.004290854810524495 0.0014588114189925637 0.0013111957297807474 0.017226076799535778 0.001984110116466587 0.0026543775221829283 0.0017744947135962842 0.0018475854178319345 0.0063215747453504514 0.002267340774471025 0.0043564927039954175 0.002904741495370601 0.004089917245898182 0.0022266552282119954 0.0019434091179824087 0.0034621784538024017 0.004396756786922872 0.0004548635197015975 0.0026847627973329014 0.004848810053338773 0.001528185478832253 0.01882212316011949 0.005207855039180184 0.0019497236516334282 0.004706573470382145 0.018437989141292306 0.0027970165212094986 0.0011640398711709986 0.0014999008145237316 0.0015895059093801837 0.0013143859274354734 0.004375752200840844 0.017927499162975487 0.0020230793792136853 0.0028905946735016327 0.0027199897323882775 0.0024176375000622974 0.004122809774988918 0.017328185689715406 0.0013047250391678943 0.003592327110981699 0.0019436617399643044 0.0019221138328410908 0.0018596720369968532 0.003772346536849616 0.0011452339850056628 0.004430232335290843 0.001455288388654722 0.001095541720922806 0.004528513611484507 0.004701524261789072 0.0039422897123618725 0.017605370519836377 0.00403260078942954 0.004493295706843391 0.004493295706843391 0.004145658995642971 0.004299329096594452 0.005225287149860473 0.0009817349361830388 0.004299161583738938 0.002273711907624515 0.002793606070883973 0.00463384483992196 0.002610597051280635 0.004164089966285048 0.004175945290767102 0.002098137099180823 0.003146345359542675 0.0021249258827394646 0.001025813098398498 0.00287396565459248 0.0020160550810512552 0.017139601352231214
13.0 0.05462102193747993 0.05022097380813788 0.04811233363699728 0.0543471777114566 0.04774533320611274 0.05049939098232918 0.05259183897213736 0.047965227916406936 0.04747791335923199 0.050217031308206386 0.08761886556868585 0.04779653822217912 0.0 0.04806510988456272 0.04755575951135102 0.04819733177460936 0.063857814454337 0.047901494963890616 0.04767127472125192 0.06453758865741288 0.04780111671524476 0.05130171938100633 0.04871569163004114 0.04783062444944215 0.04784965253523388 0.04769953972943566 0.05031071171710259 0.04758479987467932 0.0474383511452237 0.06400712179015437 0.047904597952815 0.04886902094190719 0.047656858701884214 0.0478349915073662 0.05229133522100566 0.047966749047577535 0.05036723544455458 0.04884154138978385 0.0500979077528998 0.04814112235265359 0.0478615085394057 0.049400400729746344 0.050403989761969956 0.04779637316768488 0.048616268113350736 0.05087158669653967 0.047613179882365755 0.06560872267514234 0.05126516392125385 0.04778025347585025 0.0507054590187601 0.06521536929053945 0.048731964474197864 0.04769203097324561 0.0475341725585577 0.04781328265231171 0.04784403637479106 0.05038316020676857 0.06471292221248795 0.047825514070637704 0.048771327261169145 0.04841908425947687 0.04833573875500373 0.05008806851697532 0.06410912202142431 0.04808957818752417 0.04954592137502196 0.04780159045138164 0.04786317641424577 0.04778472880770147 0.04971744782616162 0.04820453190559448 0.050439196554843926 0.04764160663484563 0.047916787510692456 0.050548074001734444 0.05072338885951934 0.04565196942598923 0.06438441271870445 0.05002658415940599 0.050495524823614066 0.050495524823614066 0.05015987934726172 0.05031421898026658 0.05097913708952844 0.04789168431789341 0.050325517234702105 0.04800367703940378 0.04872928993318404 0.05065347342300774 0.04853976662614881 0.05018274494950478 0.050179092914824655 0.048029551144455146 0.049084298646057484 0.048343439171373084 0.04797289925142141 0.04880739270391247 0.047937010472408385 0.06392126641193702
14.0 0.017433276558760393 0.004344312416044872 0.001967525746910448 0.008649475990136709 0.0011072008882855866 0.004639671880667846 0.006323663181155223 0.002208247466073742 0.0018153697866822235 0.004341853572450444 0.042106750733748186 0.001573433034395371 0.04806510988456272 0.0 0.001741275562537569 0.0024475511125513945 0.017552226384562726 0.0016765676595297818 0.0010641629834616216 0.018232593005401393 0.0015774897346248241 0.005418991888585235 0.0030374215585191287 0.0020577660724484664 0.0014319227028017183 0.0016672688077341395 0.004430939749355132 0.001586500857098442 0.0014951855847353673 0.017701693358935386 0.002147169058012436 0.0027310687605037742 0.001958140046365773 0.002004311140459375 0.00647109580228606 0.0024384496252059136 0.004498356356471233 0.0030604576573966084 0.004232150683446664 0.0023900568295715345 0.002108603860999758 0.003617611702620479 0.004539304047903744 0.0015721336021435328 0.0028414533077556724 0.004988662010842894 0.001672233927001339 0.019304109018831277 0.00533676647528079 0.0021285171640860294 0.004850725595510811 0.01891218067175162 0.0029530768786086015 0.0016039094768080069 0.001661057043996099 0.0016633418656435313 0.0009855478647400294 0.004518264679841847 0.018408027106416237 0.0021973929810239837 0.0030595136667162515 0.0028900941154798784 0.0025766566316037277 0.004273178566567403 0.017803671559618275 0.0017128004235612247 0.003744882328009822 0.0021225901108304045 0.0020829825166541263 0.002024702538481294 0.003926494350402005 0.001985035836525352 0.004572427562816561 0.001553683386802649 0.0015639666533597794 0.004668805908312909 0.004841458867389528 0.004217673244868537 0.018080391250954064 0.00417754771489328 0.004636835153238459 0.004636835153238459 0.0042865872943233 0.00444043779222562 0.005392353452493705 0.0015887998982796435 0.004437000363500917 0.0024436462086201496 0.0029495264047091005 0.004774450177249038 0.0027677225519119227 0.004304175513571224 0.004319130972769508 0.0022581850775496293 0.003301850133375722 0.002200158947354442 0.0016831358593253978 0.003030312851781382 0.0021794331034023437 0.017614838189485733
15.0 0.01693508328680562 0.0037047949796059597 0.0016651281133183045 0.007846646487556227 0.0013996682411571634 0.003979996708906579 0.006355265535515034 0.001414736290446441 0.0013018237355767182 0.0037005861264138955 0.04131197639661979 0.0015704861744271145 0.04755575951135102 0.001741275562537569 0.0 0.0016598108313813573 0.017577560773984195 0.0014822372618097067 0.0013368220636563594 0.01825791341413345 0.0015751434809171232 0.004787724207231461 0.0022274221181051886 0.0012280329787021337 0.0014762349610005256 0.0012142049518341462 0.0037955700561319826 0.0010596269092529413 0.0010328025081362442 0.017726537007291737 0.0013312802414979404 0.0024198961362104296 0.0011316238075495637 0.001228708924494934 0.005763734228959608 0.0016097119608935208 0.003849725658585077 0.0023057718230335665 0.0035796621059903146 0.0015733815108868662 0.0012761637748173564 0.002865116507236559 0.0038856070057082664 0.0015696206153732323 0.0020793654699896233 0.004357466402579863 0.0010436696601985734 0.019329403610005853 0.004759707361958021 0.001291261896484066 0.004185023829709325 0.01893367338199104 0.0021957738640736857 0.0014855002043623368 0.0008507433932402955 0.001367497335538679 0.0015308735783707318 0.0038648207897650153 0.01843333804589175 0.00135366413713061 0.002216786623936602 0.00206497029329656 0.0017970070824497829 0.003559367541201043 0.017828509591675007 0.001826054213253405 0.0030143432892712242 0.0012790066732563284 0.001280211856325899 0.0011893766128675855 0.003183814295064886 0.0019872868997996285 0.003921240063528508 0.001167451313051241 0.0016583376242117892 0.004032898918240168 0.004208951722401922 0.0037591454081975645 0.018103212803769572 0.00350492045956605 0.003975913985905143 0.003975913985905143 0.003643104120830711 0.003797771868687655 0.004578313488825526 0.0016445398045574558 0.0038115347604695225 0.0016181866725999278 0.002193294922095638 0.00413837840267146 0.002002319704833739 0.0036671558481365663 0.0036596706604183453 0.001466272994815998 0.002548756954821013 0.0018957993983864593 0.0017299775257872164 0.0022708208777631918 0.0013607354655081998 0.017640939838628876
16.0 0.01761874508934191 0.0034501328259257773 0.0022994725930201958 0.007471668003761808 0.0021024960988942354 0.003657067551329371 0.007069224816075713 0.0010407931943464017 0.002050649689601905 0.0034397593776845613 0.04076858794287844 0.002287386218061259 0.04819733177460936 0.0024475511125513945 0.0016598108313813573 0.0 0.018186503038985273 0.0021607874850266863 0.0020423996975550245 0.01886813464458971 0.0022920084254195415 0.0045445338629874245 0.0020952868284495572 0.0015374182579828352 0.002172675354920047 0.0019099993975054443 0.0035478639417769534 0.0017201366220613162 0.0017752118060191356 0.018334441862352405 0.0014316347191716434 0.0030341257370807076 0.0018073892711190226 0.0015951154804121903 0.0052888551504989105 0.0018225642259957382 0.0035619671328238726 0.0016815351942877643 0.0032808627187057952 0.001655897458804765 0.0015545361978628394 0.0022444453278820525 0.0035818689104147906 0.002286517200676602 0.0014271566338672284 0.004116407895372855 0.001715948949447474 0.019940355517152418 0.004709314175093245 0.001850582514380427 0.003842964512721994 0.019537251540805982 0.0015622948835084874 0.0022073781546055188 0.001638631245726021 0.0020207187789374574 0.002238965718198316 0.0035618873763335022 0.01904374257458353 0.0017981772432963117 0.0025808535931037095 0.0022044092494347307 0.001046675250809443 0.003063761986259607 0.01843634595419691 0.0025388628447675816 0.002465529494136174 0.0018745376999685474 0.0013826961446805584 0.0015014473900103777 0.002595513003264247 0.00270359866513991 0.0036255109991139983 0.0018314616907909552 0.002371826923344946 0.0037824097918083277 0.003965869022431418 0.0044787270344107295 0.01870861478825421 0.003141286379158271 0.003649058303466988 0.003649058303466988 0.0033743388477710176 0.0035281671857103555 0.004435243210471496 0.0023591617415971017 0.0036057573380359267 0.0017658955988786307 0.0015628645980912646 0.0038856260986299754 0.0013387082528973256 0.0034174432929903673 0.003338330537485258 0.0012634499544985217 0.0019310035148776758 0.0025248734894028763 0.0024444382008450526 0.001630525890538203 0.0014968866662650633 0.01825012105671219
17.0 0.03323349278160818 0.019642511133228756 0.017863580555470583 0.02441630023607628 0.01732467637673602 0.019964780343159814 0.02129735645435795 0.017970379190787637 0.01763821276164749 0.019640884461540234 0.05785451866263013 0.017075492298493193 0.063857814454337 0.017552226384562726 0.017577560773984195 0.018186503038985273 0.0 0.01763785224341153 0.01723320918780908 0.0017148339864973342 0.017074629862259293 0.020564116565204172 0.018816864948727523 0.017865452789022757 0.017502560151162486 0.017554781679136662 0.019678326966615173 0.017461939466185426 0.017352134568628205 0.0009666336832621289 0.017941513767325792 0.01861137624132717 0.01778226131141622 0.017822726040002405 0.021956696222426783 0.01823713445027938 0.019792160428521777 0.01869729530992368 0.019550342395972205 0.018183087280617974 0.017913341933562896 0.01924722386687597 0.019848801059401736 0.017079957671596032 0.018501677340023993 0.020178810155777653 0.017532304834697785 0.003027114436761305 0.02075785171722961 0.017946310519808453 0.020196847127088847 0.0024289176942296417 0.018598182614949308 0.0173296018654426 0.01750704723603307 0.017576190100129487 0.017301855260406764 0.019827035224257758 0.0019517370914218235 0.018009104106759818 0.018867987126182487 0.018684703294642488 0.01829211989629046 0.019779139323551242 0.0010813006483926038 0.01709870125027429 0.01930454232132013 0.017942386891554148 0.017878671739962812 0.017831665888573482 0.019524767779029395 0.017367335953262317 0.019875251664530694 0.017454892219309973 0.01698975246815014 0.019905007215866997 0.020049991613605857 0.020017886108802976 0.001489193874028072 0.019554105748339743 0.019966605779608383 0.019966605779608383 0.019587022240489853 0.019710586897061552 0.021171580194991754 0.01700396009298206 0.019752776384734657 0.01823872593801185 0.018591201286404145 0.019986403689941236 0.01843848773900919 0.019581220103621667 0.01965647034014374 0.018031323825344083 0.018933785229343417 0.01809037207500157 0.01695599982417228 0.018682382244964692 0.017975943943112173 0.0010148023721872623
18.0 0.01727273239886821 0.003996346291333323 0.0013782262454933372 0.008369593071468277 0.001281748353861762 0.004301058608682334 0.006407853019199321 0.0019236343813693602 0.0016395148496567945 0.0039947597903003465 0.04182508025013895 0.001634198742664409 0.047901494963890616 0.0016765676595297818 0.0014822372618097067 0.0021607874850266863 0.01763785224341153 0.0 0.0012575549920820772 0.01831813305220939 0.0016386891397505848 0.0050726080429729335 0.0027606668236070317 0.0017815266418093854 0.0012503837249955296 0.0013461352347007571 0.00408271892877566 0.0012417603024261238 0.0012878316802079834 0.0177870122796652 0.0018687676864968736 0.0021502332577444903 0.0017147867333961175 0.0017163333388733014 0.006151635258864405 0.002173051219867557 0.004155197416821965 0.0027602324497164876 0.003890159831639803 0.0021121354193801983 0.0018345600932883378 0.003316500341785312 0.004198183447760021 0.0016330916080599077 0.002544242295618549 0.004640706099438348 0.0013668959218138023 0.019389590966954084 0.0049519256550560956 0.0018769261948597057 0.004514507411532604 0.018995265888524557 0.00265391759817293 0.001588907445644848 0.001388321032947764 0.001071265202807481 0.0014872912164620791 0.004177040267802218 0.018493550473822673 0.0019383554585102013 0.002791788174072638 0.0026227886344716775 0.002286594937841599 0.003956345848403341 0.01788898921955895 0.001853988590138765 0.0034348420122021564 0.0018715952969678151 0.0018008931657533117 0.001750598188915882 0.0036213936983949743 0.002049787119765712 0.0042302634088780995 0.00110987533344864 0.0016915110243064801 0.004321283038333335 0.004493332898894774 0.004068540494959676 0.018164360148839653 0.003843916563260729 0.004298706419224439 0.004298706419224439 0.003940581384484325 0.004095073791118689 0.005119185871366748 0.0016889843868673725 0.0040811553846492495 0.0021761500704322694 0.0026499316664844175 0.0044278290949196705 0.0024718600041608377 0.003955669039990808 0.003980067062747113 0.0019732465474972503 0.0030009730663590577 0.0016132903020749413 0.0017775340312389185 0.0027320440918038452 0.0019017267700816853 0.017701023539753627
