0.0 1.0 2.0 3.0 4.0 5.0 6.0 7.0 8.0 9.0 10.0 11.0 12.0 13.0 14.0 15.0 16.0 17.0 18.0 19.0 20.0 21.0 22.0 23.0 24.0 25.0 26.0 27.0 28.0 29.0 30.0 31.0 32.0 33.0 34.0 35.0 36.0 37.0 38.0 39.0 40.0 41.0 42.0 43.0 44.0 45.0 46.0 47.0 48.0 49.0 50.0 51.0 52.0 53.0 54.0 55.0 56.0 57.0 58.0 59.0 60.0 61.0 62.0 63.0 64.0 65.0 66.0 67.0 68.0 69.0 70.0 71.0 72.0 73.0 74.0 75.0 76.0 77.0 78.0 79.0 80.0 81.0 82.0 83.0 84.0 85.0 86.0 87.0 88.0 89.0 90.0 91.0 92.0 93.0 94.0 95.0 96.0 97.0 98.0 99.0 100.0
1.0 0.0 0.006677126074948092 0.0055297583836539654 0.00562538001436861 0.005190413440235231 0.008247543395327663 0.00923415238746216 0.005378426694767379 0.004730837906037723 0.0066968945129629275 0.00800143024641714 0.0052011216387541455 0.005093782673752495 0.005623482908250987 0.0048486374211150355 0.005595941156487206 0.010483870633534703 0.005340192542912423 0.0050602637281208715 0.010559571780022453 0.005211983545525454 0.008769867725150014 0.005466742814793276 0.005035312666572349 0.005447408223060951 0.0050834222814368476 0.006881538730066068 0.004984808979530638 0.0047899089573322055 0.010168545001223706 0.005102207501425545 0.006248443941407429 0.004894377430874037 0.005094164040934056 0.006831245997993276 0.005376821198703951 0.007595464804814776 0.006333252848503785 0.006808354789197592 0.005128626924708469 0.005115126296018949 0.0065053332187486775 0.008455410105146633 0.005199343914289309 0.006428649969890305 0.007539976481211945 0.0049518384703214294 0.011569965235410186 0.006941818632291633 0.0052119017522817045 0.008534913200648538 0.012329354131029466 0.006241828216857992 0.005021026600530113 0.004920990786036493 0.005270986209153652 0.0052916715369248765 0.008498616801781069 0.010718995214833767 0.005095922949549559 0.005230767927669139 0.005515358889982526 0.006242992659611606 0.007503847514360571 0.010460841744855407 0.0055871368070627685 0.006871063647334708 0.004965413193654805 0.005162461580391675 0.0050741583693713205 0.006702698485238813 0.005741582756911232 0.008667752224327597 0.005052020132901158 0.005413851184033175 0.0072053755387074155 0.007340345963801945 0.003450055099668675 0.01059737396154483 0.006806567526236307 0.008357252545167157 0.008357252545167157 0.006731273126885474 0.007536002060662817 0.006023703190632947 0.006149854731507824 0.006677493305228312 0.005370746614634107 0.006207725308748367 0.007705126856455141 0.006242818649971461 0.006967251548600853 0.006941492595806462 0.005306301683541624 0.006502547867199487 0.005771356321139343 0.00548637133324173 0.006384122363301766 0.005134714396840356 0.010128034546692035
2.0 0.006677126074948092 0.0 0.0028590631442426597 0.0032345163801080126 0.003078119110096704 0.00330999448034424 0.007244615547035574 0.0028435776267923003 0.0030023540382903956 0.0007666501273684585 0.005613388390896642 0.0032527669373753646 0.006982909747177421 0.0035516037473212157 0.002746298728034313 0.0029255762557546068 0.00814639859545144 0.0030651874764391013 0.0029730233459921637 0.008234517604778172 0.0032634635463917256 0.003581025823265518 0.0031162685894950675 0.002765426381534989 0.0032857934172692924 0.0028946141902000703 0.0015275652350467267 0.002717311302679452 0.0027800198942150483 0.007816002089977243 0.0027761173960316856 0.0033806304669177657 0.0028907978824732087 0.0027932199221837673 0.0026924970070401535 0.0032087961847861064 0.002358322865277666 0.002788168788695789 0.0015092903693415712 0.0028084977303143707 0.002853449937887294 0.0029805393014492865 0.003394534168827467 0.0032504300553148043 0.0030112916689024934 0.0023339028686899235 0.0027362211241034095 0.009252522207671539 0.0027156763452044937 0.0031853493046874884 0.0037207061666279274 0.009915540830603104 0.0027573814266653235 0.0031044271226916796 0.0027792559943099404 0.0027741668459360337 0.0032316350908091164 0.003435968778753431 0.008395778338411146 0.003005754204645384 0.0029972936669414143 0.003303800115488374 0.003369133951236985 0.003428229807814853 0.008105777400284458 0.003572377175625611 0.002957722969500704 0.002920518552247577 0.0028024606687414846 0.0028165390327406555 0.0030253433455352825 0.0037996337162170025 0.0034653080881062136 0.002710309893957089 0.003407906150962512 0.0018703333837150511 0.002086453642498134 0.004439191838234482 0.008215111400833312 0.002110995835028031 0.003440549876312555 0.003440549876312555 0.0010048757698956114 0.0022184282249332575 0.003694185656589759 0.00416136299137279 0.001461438949425179 0.003157398305853298 0.002700572041591625 0.0024271755691929273 0.0028667845151837366 0.0014916173252601944 0.001856784742001934 0.002814187833522422 0.002899187243368165 0.0030513179864591067 0.003498547966212096 0.002946358535698348 0.002819464179330669 0.0077969482278769636
3.0 0.0055297583836539654 0.0028590631442426597 0.0 0.002458019108351993 0.0017247111370734024 0.004552791262993051 0.005990876584834923 0.0021387679283177297 0.0018129492567092792 0.0028884558297716193 0.004861354613748686 0.0019843310112418753 0.00584354442342532 0.002232396579861089 0.0016486814761048126 0.002342402286933605 0.007144819552698235 0.0015408722109793898 0.0016348626903423466 0.007224224044681107 0.0019951719010426793 0.004912526687414532 0.0023060107621503227 0.0018263817549911522 0.0018881632223383422 0.0015950778092484368 0.003021762739831787 0.0014678478029322628 0.0015498572590607147 0.006826144070484298 0.0019006758996623673 0.0014157973693154947 0.0018204791156554339 0.001818941466360081 0.0032991845326039975 0.0023188013651057274 0.003832873467642695 0.002913585698228016 0.0030662256618249357 0.0019345582121143264 0.0019308807762065281 0.003089062387991186 0.004734445492132741 0.0019816885186555956 0.003032509846427984 0.0036527980700123133 0.0015646204558581941 0.008237015025987227 0.0028751946629272628 0.0021623635492755084 0.004866420587940533 0.008975658551195004 0.0028332509573104183 0.001837715155406438 0.0016550495545183935 0.0009088241076077161 0.001915607688426967 0.00477727736929447 0.007384247793765734 0.0020283242990544728 0.002068149463316382 0.002443653251590316 0.002949127998139447 0.003983591798647752 0.007117824250463539 0.002296675657542954 0.0033816081369243125 0.0018870486136054075 0.001932835201649938 0.0018813221107279107 0.0032576582638062304 0.002535962982218134 0.00491712288571299 0.0012534271793298076 0.0021328090506440456 0.0033528885370622055 0.003460061350690313 0.00327341265169245 0.007249876780673126 0.003170460157659789 0.004667117256646742 0.004667117256646742 0.0029360700387574268 0.0037373859374056784 0.002893458632505678 0.0028895366190484434 0.002781180645669834 0.002286805536385862 0.0027949026415267876 0.003872784311824338 0.002854374950014964 0.0031215775274103987 0.0032355525794120505 0.002060903767464652 0.0030727409347231834 0.0007593305872163249 0.002233646519373911 0.002984160902562087 0.0019356184958928511 0.006788811162697686
4.0 0.00562538001436861 0.0032345163801080126 0.002458019108351993 0.0 0.002272376590946655 0.004709832332705201 0.006416060599692618 0.0015531266871452176 0.0020320710523551696 0.003246489777419875 0.003883112325153721 0.002398235696537232 0.005911780623439033 0.0027332602313198864 0.001695516900518646 0.0016523018300856696 0.0075897890363937 0.00234502315313886 0.0021555941276662823 0.007668346492732903 0.00240917485893605 0.005365631068146538 0.0013977398285281838 0.0015485126169940211 0.0025015394507220904 0.0020496731768752828 0.0034634443713450706 0.001876721082810658 0.0018590305465975895 0.007271542079658102 0.0014574647478198715 0.003151465691637989 0.0017652699631705493 0.001700705255100676 0.0031619667205128234 0.00163268860684067 0.004109509049300085 0.0025767007100336954 0.003305217758958489 0.001463792674028055 0.0015764007589513943 0.002742396478623798 0.004937973736278753 0.0023958257962081097 0.0026501472689840194 0.004138414142077401 0.0018123993695048912 0.00868057848422724 0.0036705542726292086 0.0019703651304884473 0.004975950816795648 0.009421108440874404 0.002475714403068297 0.002229192505464451 0.00177658645928171 0.002221584683395203 0.002407701389028182 0.004981460627916377 0.007828224595629239 0.001698697275184932 0.001698057964067085 0.0016187763191748764 0.002369528448025687 0.0038251347569718836 0.007563349892772646 0.0027431221992606954 0.003167983894995529 0.0017331143836924927 0.0015633066536204056 0.0015710633047226717 0.002963553318728907 0.00294933659679884 0.005172442102681677 0.00199507444528786 0.0025750349798176666 0.0037837480914852395 0.003933502978528747 0.0034210146052172704 0.007695019332980196 0.0032198972615434538 0.004815785704765936 0.004815785704765936 0.0032700367634056968 0.004077708893689221 0.0017674981516244467 0.0033223759623101255 0.003295102092959335 0.001525593372634526 0.002444618534345651 0.004276352015470452 0.0024580415099928355 0.003540809284644222 0.0034099034057115084 0.001583377590624645 0.0027554748269240075 0.0026933931282690123 0.0026631258317706217 0.0026113554008256653 0.0015078974183595634 0.007234574249647829
5.0 0.005190413440235231 0.003078119110096704 0.0017247111370734024 0.002272376590946655 0.0 0.004687377524084005 0.005444056424507014 0.001969928185981634 0.001467900193239299 0.0031009810757788216 0.00467726924440739 0.0014519716445341073 0.005505414470200001 0.001446802934936489 0.0014030284799484158 0.0021902967433542224 0.006655268872607947 0.0014145585531339403 0.00082678041607708 0.0067328679272071375 0.0014625998986177863 0.005145574615770022 0.0021149274039527523 0.0016208611474014213 0.001262691984996742 0.0013913964783425778 0.0032679181973372367 0.0013377437316846163 0.0012196515662480315 0.006340109387346825 0.0017037280744931025 0.002459290466898195 0.0015596252600219313 0.0016259665613748706 0.0033279243877324307 0.0021078128852140676 0.004012743939275789 0.0028681095608508915 0.003234014025602139 0.0017367184216075734 0.001723730523520507 0.003041639797799419 0.00488645960221565 0.0014490724777835402 0.0029717765114231996 0.003915096999687278 0.0013765115671397774 0.007744631845831507 0.0032667384721946652 0.0019174487431775486 0.0049839506504872275 0.008505601040051023 0.0027805129449054366 0.0013480386095838853 0.0014220113524061684 0.0014536006563494065 0.0011779221433295389 0.004929544795506117 0.006892661715146707 0.00179803702768001 0.0018568878547335702 0.002239109388558787 0.002821940776328179 0.004004542919343915 0.006632391419538896 0.0017040817339073746 0.00338227155402233 0.0016405223584245168 0.0017418985743674542 0.0016733941266921246 0.0032291099965208025 0.002003258119661228 0.0050892250337206905 0.0012941269150366294 0.0015485737451108273 0.0035928958878386763 0.0037192803014670485 0.0029243344691001483 0.006771778665747619 0.003267877228400165 0.004798719279273958 0.004798719279273958 0.0031395941386249786 0.003940694393296987 0.00270161858862826 0.002324188506511729 0.0030539688725837585 0.0020806286447683257 0.0027449944256896794 0.004094916834150858 0.002788576442885323 0.003359059241631771 0.0033792584326183175 0.001887257293917169 0.003033859731215855 0.0019693166321241877 0.001675928769650439 0.002925719964978892 0.0017370131621189493 0.00629610621663579
6.0 0.008247543395327663 0.00330999448034424 0.004552791262993051 0.004709832332705201 0.004687377524084005 0.0 0.008841558167672065 0.00430160154461303 0.0045831065904211885 0.0032750405769957913 0.007078280629085828 0.0048497560416980124 0.008551236444986792 0.005156892543216874 0.004311292380958545 0.00433905867902539 0.0097323672729306 0.0046941206521057 0.004579875242333029 0.009820755553556017 0.004860451048986977 0.005392591525945371 0.004602417953064427 0.004292867350878996 0.00490032304943072 0.004499061413977107 0.0035048513546938765 0.0043230227763209625 0.0043693430688441955 0.009401473326627732 0.00428460694603867 0.0051107416258362095 0.0044464761749118025 0.004339936393238473 0.003623342366961378 0.004716582854389792 0.003101269837633148 0.0039772468209744805 0.003035446204132857 0.004315924527373832 0.004374521926766405 0.004125528031574715 0.002423320240586996 0.004847449790844728 0.004205771791635003 0.0042378587614049805 0.004324502045008333 0.010838886512871893 0.004741530547836449 0.004729270269397206 0.002058014420668601 0.011497803025508381 0.003951343874825884 0.0046999681810061394 0.004352347884121494 0.004438057461833812 0.0048359775936698485 0.00248408272254377 0.009982038899815065 0.004538107174028006 0.004519154264907797 0.004802981441075378 0.004724377497270787 0.004353528626713897 0.009691273902130133 0.005171813246241903 0.003978416738503603 0.004467370392219204 0.004312803864933796 0.0043416859174341595 0.004109324899224009 0.0053963129461545925 0.0039651043772180716 0.004341774545308123 0.0050070351037491915 0.003766264316167646 0.004016571140547805 0.006013947005052311 0.009798360830393114 0.0030756358895141942 0.0008970104384807033 0.0008970104384807033 0.0032076469832397307 0.003620362471991387 0.005175737738227581 0.005759721703396594 0.003708982054776935 0.0046598475641346174 0.003884086318716103 0.004110051837306313 0.004074328913637704 0.00358295405344998 0.003130313493966178 0.004291705027243761 0.004109535211959997 0.004752634939718028 0.005096348655445858 0.004153109962029325 0.0043302620130206745 0.009383702530785692
7.0 0.00923415238746216 0.007244615547035574 0.005990876584834923 0.006416060599692618 0.005444056424507014 0.008841558167672065 0.0 0.006117922315559859 0.005536808159477046 0.007266524161902155 0.008819473710689606 0.004904957095434539 0.009541393576561788 0.005768277406487377 0.0055437518209552365 0.006337966663631994 0.00969289801590413 0.005745393624918314 0.005281176002806047 0.009717760452909653 0.004905046079771258 0.009288137667881901 0.006258264506515702 0.00576742205003906 0.005771103168492371 0.005597778824854416 0.007429953369536568 0.005539479399352684 0.005349516876175688 0.009392345681332938 0.005849629910022975 0.006717314267983552 0.0056833149759749615 0.005781861934969609 0.00748221179879726 0.006245372571866838 0.008169943674192603 0.007020007774273249 0.0073947155453155805 0.005881935126304181 0.005867740925023808 0.007193328100647319 0.009041625659105558 0.004913860601972288 0.007123038223280949 0.008072072155369956 0.00555291142264964 0.010695348293151684 0.0074700794288737726 0.0060464645544377965 0.009138216696663475 0.011580008450649396 0.006932121506442897 0.005215442534778453 0.005574299769850162 0.005726250471372099 0.005410340314595336 0.009084736112064676 0.009868547281835435 0.005932174768576459 0.005998896026828256 0.006377931121316288 0.006970740938121882 0.008158522914873402 0.00968648620093303 0.005299541122114096 0.007535629007926362 0.005769983634238754 0.00589076659264542 0.005818155766728063 0.007381437597683787 0.00524502074578128 0.00924648340603672 0.005539389702213297 0.00505277073213033 0.007752375412631612 0.007878553363696517 0.006963369096679861 0.009831775528234821 0.007424823061521553 0.008952952040294827 0.008952952040294827 0.007303807684892753 0.008097843786029879 0.006843375889646765 0.005653820410187415 0.00723073827884783 0.00621958571515337 0.006896690176519885 0.008245666819644908 0.006939660578205272 0.0075238535894412845 0.007538501880891035 0.006036453178084256 0.007186087627425966 0.006233715293858881 0.004662282612836988 0.0070771288308924575 0.005882670963625748 0.009363578136808782
8.0 0.005378426694767379 0.0028435776267923003 0.0021387679283177297 0.0015531266871452176 0.001969928185981634 0.00430160154461303 0.006117922315559859 0.0 0.0017469414267549934 0.002854040434297017 0.004010405496823712 0.0021013412787052295 0.005676516498958164 0.0024323287863976997 0.0014036760147427734 0.0012646618449873746 0.00728187586419677 0.0020365999743392595 0.0018540508588254755 0.007360780916312048 0.0021122726164387743 0.00498167354925428 0.0014432535055219024 0.0012318696932432085 0.0021972363377436473 0.0017424206064117426 0.003077386435978975 0.0015620474537872157 0.0015627308870561664 0.006963208237004897 0.001150993349924659 0.00282748909487761 0.0015108732256681927 0.0013447361391065041 0.0027297056711391623 0.0016367944569953084 0.0037107088791787273 0.002124485279185664 0.0029031508032158135 0.0011833473817594153 0.0012952765481326527 0.002296188123402017 0.004533412835336365 0.0020989183647405303 0.002199838725513964 0.0037552693920561543 0.0014984329369773525 0.008373225095521603 0.0033144297772365328 0.0017532824016979537 0.00456390832097983 0.009111060520385836 0.002022862491626239 0.0019335219028596504 0.001472860008594687 0.0019065386508797149 0.002107164265100106 0.004576950809695075 0.0075207102143449445 0.0015233508220616416 0.001449022224974718 0.0017056531527358488 0.0019266153635499397 0.003391309736562714 0.007254946608216876 0.0024441826002740176 0.0027294167247837757 0.0015000376343689429 0.0011715698690472438 0.0012757581342321168 0.0025199199052397814 0.0026524961938299216 0.004771917937595892 0.0016822205183339746 0.0022763668160086376 0.003396961685885741 0.003549450515713576 0.0031598475686421337 0.007385848240321409 0.002802447092873317 0.0044068770661961285 0.0044068770661961285 0.0028756632770942214 0.003684022744652333 0.0020585508941286922 0.003024250803689221 0.0029166657930792027 0.001563722970319396 0.001993107504921849 0.0038880335155396326 0.0020067236045307364 0.0031532299007058714 0.0030025627526477135 0.0010225119288860066 0.0023027866226394706 0.002372944084344521 0.0023650275300512464 0.0021566560977234646 0.001206799403689408 0.006926840079194174
9.0 0.004730837906037723 0.0030023540382903956 0.0018129492567092792 0.0020320710523551696 0.001467900193239299 0.0045831065904211885 0.005536808159477046 0.0017469414267549934 0.0 0.003022969277583446 0.004433797204706543 0.0015043858655750739 0.005059717298420431 0.0019043900339675785 0.0011422024666904122 0.0019711824881431424 0.006785074811185884 0.0016168312025807942 0.0013385441920040582 0.006860947903128842 0.0015154559312068432 0.00509200008517828 0.0018718694710482021 0.0013830946922824983 0.0017234264899337274 0.0013559323186055168 0.0032043708300193187 0.0012689207541575044 0.0010271692650752635 0.006469853195552114 0.001466186294538048 0.002534478595259142 0.0012215549087907559 0.0014203588632449287 0.0031805457519800805 0.0018421978586418272 0.003925530043526763 0.0026917760784342737 0.0031400957099943956 0.0014967713567844597 0.0014770989383205467 0.0028644741417665452 0.004788824231100887 0.0015021689817777354 0.0027894216034482708 0.0038613341458910476 0.0012386125816163489 0.007871538394969117 0.0032473886410120823 0.0016076382190737528 0.004872690592371949 0.008631368857281604 0.002601337214418467 0.0013154305019963432 0.0012078801069213257 0.001551603239934341 0.0015733789688124672 0.00483200079519858 0.0070204277319080785 0.0015122589660091787 0.0016025228936188893 0.001979872264935582 0.0026132987858419384 0.003854141283726296 0.006762164161540128 0.0018791193229464164 0.0032239242750753674 0.001330750309497311 0.0015152918712094295 0.0014290417236168893 0.003059347513794842 0.0020569022307391025 0.0049987903193577255 0.0013319769226441298 0.0017072412915779909 0.0035286713077507283 0.0036621428403571096 0.0024451786610656936 0.006899121035774711 0.003147156222863154 0.004693204525341131 0.004693204525341131 0.0030585213776700045 0.0038631883060446705 0.002454250389531636 0.002446502494864853 0.002995935244048239 0.0018204451124779978 0.002566913695067125 0.004029474420844441 0.002604241857934503 0.0032908379446200987 0.0032762534021169385 0.001666479817753485 0.002860105756218702 0.0020552797644897945 0.0017854829494951263 0.0027443283809076603 0.0014982084513726632 0.006428868700158222
10.0 0.0066968945129629275 0.0007666501273684585 0.0028884558297716193 0.003246489777419875 0.0031009810757788216 0.0032750405769957913 0.007266524161902155 0.002854040434297017 0.003022969277583446 0.0 0.005624577442690702 0.0032746778401627806 0.0070025065529807605 0.003574132496315408 0.002765660394310236 0.002932531991147504 0.008167490835913206 0.003089644393180974 0.002995702142282999 0.008255635079634033 0.0032853743726057967 0.0036011063948387483 0.0031291231937250197 0.002781690788561401 0.0033090812252505666 0.0029171826225125987 0.0015584150474054325 0.0027400534956526857 0.0028013384700933865 0.007837054706456802 0.002790803897890877 0.0034128828162173167 0.002909378853263796 0.002811135176925091 0.0026649094204794985 0.003223440412009858 0.0023288373031120834 0.0027752387925027598 0.0014414575079286472 0.002823097631854972 0.002869182478840284 0.002967896586735852 0.003359956991466788 0.0032723432990037 0.003001185674430265 0.0023607148893844314 0.00275753461308504 0.009273653853312469 0.0027757268372873845 0.0032029647565833966 0.003685655256952528 0.009936390891232133 0.0027457991618838095 0.003126223552871633 0.0027992951111230745 0.002801360265667235 0.0032541048749130984 0.0034014000810543045 0.008416898981263122 0.0030224189222049563 0.0030130913002082713 0.0033177390383324337 0.0033715413948167267 0.0034023012135831667 0.008126826300177652 0.003594476626633236 0.0029356534971134484 0.0029383757810161676 0.0028172927537785082 0.0028326106281418694 0.003009076480599707 0.003821522898065954 0.003431279188779038 0.00273506578038437 0.003429982351217782 0.0018941647506891708 0.00211491846751593 0.0044593146966129815 0.008236048769084382 0.0020685234512442642 0.003405397439039188 0.003405397439039188 0.0008701212754000315 0.002206145133601343 0.0037066875894658183 0.004183380459995883 0.0015433621735596462 0.0031716026952110336 0.00268843733449915 0.00243638419924244 0.0028576404695809052 0.0015254056647676425 0.0018001774883448802 0.002826212277297553 0.0028851463678174413 0.0030811922377265277 0.0035205232159610123 0.0029358609578175425 0.002834342886339953 0.007818078274174854
11.0 0.00800143024641714 0.005613388390896642 0.004861354613748686 0.003883112325153721 0.00467726924440739 0.007078280629085828 0.008819473710689606 0.004010405496823712 0.004433797204706543 0.005624577442690702 0.0 0.004801742826546745 0.008273722216480825 0.005137779618853717 0.004103711207556651 0.004057154403052901 0.00999084200371824 0.00475052864850705 0.004560366660116147 0.010069478929019122 0.0048126778344449945 0.00774587630251378 0.00391609803462733 0.00397971684015548 0.004906737406406077 0.004457293392520322 0.005843371118926993 0.004286679155335644 0.004264357043520248 0.009672481927618302 0.003909169439005033 0.0055532612084798465 0.004161162069810866 0.004127025852832683 0.00551754442643761 0.003910785754307046 0.006483211897893647 0.0049289380337533 0.005677700924361916 0.003917050389148341 0.004007572693386987 0.005084411486973141 0.0073085104971618246 0.004799343348930466 0.0049936602156722965 0.006519185902009836 0.004223908997442903 0.011081756087192474 0.006062309637611002 0.004353134014213985 0.007342218005893936 0.011821562225226317 0.004826439614142129 0.0046327378185175815 0.004187084510292824 0.004626297962863572 0.0048121764512324165 0.007352026377748105 0.010229367146657967 0.004067131496646579 0.004118938556373978 0.003789210812140638 0.004694896129003466 0.0061795455473874165 0.00996427152605031 0.005146968506975101 0.005520407965469856 0.004122567058887558 0.004008109811211978 0.004000759083902076 0.005310307100868919 0.005352623604371727 0.007545268074981114 0.004402068229562258 0.0049788429327671 0.006163253990912231 0.006314025731734095 0.005805922584911322 0.010095716233207631 0.005584081752803313 0.007183856898798798 0.007183856898798798 0.005646872529763366 0.006453963428174432 0.003501743216754675 0.005726077573463085 0.005678932087419785 0.003827962191317624 0.004794434276981314 0.0066549179251994585 0.004801343172893427 0.005920353836111603 0.005779583020258806 0.00402907217269723 0.005110516813876257 0.005096322196671305 0.005066712915987162 0.004962855918521856 0.0039561301626260485 0.009635696646491774
12.0 0.0052011216387541455 0.0032527669373753646 0.0019843310112418753 0.002398235696537232 0.0014519716445341073 0.0048497560416980124 0.004904957095434539 0.0021013412787052295 0.0015043858655750739 0.0032746778401627806 0.004801742826546745 0.0 0.00550987565516513 0.0017960212136036643 0.0015222704048863875 0.0023226007004908253 0.006363293457304367 0.001738608749788372 0.0012920438356703277 0.006430944769844876 0.000413412334043471 0.005315151668175838 0.002240046067924063 0.0017482714596274308 0.0017706827866688767 0.0015823780960944629 0.0034436373500863395 0.00152420128794061 0.0013260832579652312 0.006052945228325536 0.0018310462002207317 0.002711962428767695 0.0016597861141972262 0.0017635399347289051 0.0034801441498535524 0.002225641589160935 0.004180560443936524 0.0030123890132983467 0.0034017897194499915 0.0018632810162162302 0.0018484326796604222 0.0031856333463715202 0.005050862565847138 0.0004842032911747153 0.0031143478371956114 0.004091135788123643 0.001535245001323556 0.0074363204894745474 0.0034709421156191213 0.0020241647369201995 0.005144709852652821 0.008227918459325127 0.0029239898678907724 0.0011517687918215043 0.0015540711110844634 0.0017182529098563933 0.0014426911510704316 0.005093981025413606 0.006589101904280529 0.0019110429766943304 0.0019792654283362944 0.0023586791101680186 0.0029571942327910952 0.004155907848512117 0.006346049338457923 0.001488719072344818 0.003531473293726546 0.0017476257736248352 0.0018726140055208467 0.0017988138220702094 0.0033751441676230804 0.0013288086576507827 0.0052562955695325455 0.001527973180412331 0.0012772735129903652 0.0037673222877595107 0.003895439428559172 0.0029287868760830135 0.006487955445914666 0.003427611855134239 0.0049608249335718405 0.0049608249335718405 0.0033119764435390886 0.004110829763225148 0.0028250790318375685 0.0019231641660554912 0.003237297612614833 0.0022002219616840853 0.002888770597973726 0.004265139594930948 0.002930599051060032 0.0035348130685175297 0.003544225918516929 0.0020195189744199845 0.0031788960794033715 0.0022277072430741014 0.001208003685963373 0.0030685817606546477 0.0018639701697000192 0.006010930479057862
13.0 0.005093782673752495 0.006982909747177421 0.00584354442342532 0.005911780623439033 0.005505414470200001 0.008551236444986792 0.009541393576561788 0.005676516498958164 0.005059717298420431 0.0070025065529807605 0.008273722216480825 0.00550987565516513 0.0 0.005937917266307217 0.0051637295799033004 0.005891587616619312 0.010791845051901575 0.0056551753493321285 0.005375182438651368 0.010867443221743232 0.005520574801250702 0.009076152720715883 0.005754923041888538 0.005341147422670997 0.00576258234392666 0.005398897884130493 0.007187751456495214 0.005298884258588018 0.005108731719610585 0.010476494365412512 0.005403728467210478 0.006561694982766533 0.005212817249621361 0.005402347683959572 0.007132230215658338 0.0056505543428148775 0.00790025288838982 0.0066324379206637385 0.007112828860300648 0.005429382374912661 0.005419201936407623 0.006804342920437625 0.008759532675322765 0.005508341280429538 0.006727347988286307 0.00784644456179346 0.005265743329684245 0.011877708377360637 0.0072514330137154245 0.005530978007269631 0.00883817133758645 0.012637104735046895 0.006540810778608768 0.005336863308845743 0.005235586675952423 0.005585256438120085 0.005605962498322477 0.008802745288091558 0.011026829713747844 0.005404002274375285 0.005534398816382982 0.005780406605507437 0.006539673930070707 0.007804633226427975 0.010768788923098694 0.005898757512384773 0.0071713429238337 0.005281663457192558 0.005465550953972561 0.005379414144922157 0.007002215240371213 0.006041178734994266 0.0089723491017589 0.005366515240458272 0.005725035321533125 0.007511489626473805 0.007646740308602923 0.003964836102321921 0.010905170175150879 0.007109282368471067 0.008660871466872996 0.008660871466872996 0.007036649109297606 0.007841353558060307 0.0063004674858622225 0.006460037799545493 0.006984626128070542 0.005647747459741585 0.006506765398688374 0.008011010426190313 0.006541386755989946 0.007273334483104054 0.0072453655545661605 0.005606661377896302 0.006801940278897601 0.0060850039071874 0.005795419452751086 0.0066829719610654315 0.005436641072542667 0.010436161643418413
14.0 0.005623482908250987 0.0035516037473212157 0.002232396579861089 0.0027332602313198864 0.001446802934936489 0.005156892543216874 0.005768277406487377 0.0024323287863976997 0.0019043900339675785 0.003574132496315408 0.005137779618853717 0.0017960212136036643 0.005937917266307217 0.0 0.0018615909678094478 0.0026528706336475865 0.006955614495867679 0.0019510357057994287 0.0012948532886799431 0.007034346335464767 0.0018063397606234441 0.005613442486321505 0.002575613890216266 0.002082186964339789 0.0019001715254253725 0.0018715448206763777 0.0037406121702354186 0.0018181136114780753 0.0016705841557653842 0.006640659366506676 0.0021650274750762344 0.002964061972379155 0.002013184367889497 0.0020903713340088637 0.003795325117380857 0.0025665236001320285 0.004483574878834798 0.0033336123917219332 0.0037053222966266335 0.0021978009830124186 0.0021842788623553074 0.0035070609663006395 0.0053564667731463254 0.0017931116697726237 0.0034368571216811805 0.004386434862462687 0.0018473502062080153 0.008046842196627407 0.0037522322757490272 0.002372934099004868 0.00545314464309094 0.008810021741213828 0.0032458181848145006 0.0017300392901643796 0.0018842434323602178 0.0019636218686651897 0.001061770792826506 0.005399560719693558 0.007194336484754257 0.002255305712849965 0.0023167774340680314 0.0026983146451407996 0.0032852429659131557 0.00447173455438076 0.006932956874839564 0.0019845524566309194 0.0038489485870277828 0.002096060713940977 0.0022041908610562246 0.0021341434467899694 0.0036950220253354604 0.0023443859360322526 0.005559942075162187 0.0017918636633281505 0.001839100876997745 0.004064931938069786 0.004191280348956984 0.003355591186292005 0.007074509079379707 0.003737113198933128 0.005268186925705149 0.005268186925705149 0.0036122957785303875 0.004411846869857622 0.003161860152660014 0.002635786462889326 0.003530831862516939 0.0025398160985375725 0.003210371036102575 0.004564894621459004 0.0032535242740043234 0.0038323686079435853 0.003849823222720367 0.002349939012898948 0.003499555772945544 0.0024763125765097944 0.001992601836260285 0.003390876180347842 0.0021982096422666457 0.006593893924590954
15.0 0.0048486374211150355 0.002746298728034313 0.0016486814761048126 0.001695516900518646 0.0014030284799484158 0.004311292380958545 0.0055437518209552365 0.0014036760147427734 0.0011422024666904122 0.002765660394310236 0.004103711207556651 0.0015222704048863875 0.0051637295799033004 0.0018615909678094478 0.0 0.0016342439443787554 0.00675624237313098 0.0014917549270307877 0.0012841850425199383 0.006833448108014107 0.0015332563039926472 0.004849544591518127 0.001533765656920946 0.001015834851883681 0.0016363134720344978 0.0011789484182828458 0.002955520688926112 0.0010331987921738525 0.0009558085826973078 0.006439733735293173 0.0011121686771156953 0.0023631863064327487 0.0009679102522547108 0.001063984061659121 0.002883542588554137 0.0015186174603780628 0.0036633754998223215 0.0023779555551592607 0.0028738205781820153 0.0011444619943112742 0.0011199478265912785 0.002550348410276102 0.004520792932697524 0.0015198226536247833 0.0024722718389598754 0.003617918311425131 0.000955742148299122 0.007844870948883649 0.003024753432872269 0.0013163794167435358 0.0045967948299045006 0.00859652301220238 0.002285908051268195 0.0013496269322804894 0.0008225193563557763 0.0013934578046956346 0.0015351929266230078 0.0045640204861042005 0.006993133405153475 0.0011919046327522505 0.0012517747681681391 0.001654322954842958 0.002281484344227456 0.003555400291238941 0.006731826768518306 0.001870127856283866 0.0029205841381953366 0.0010315313383039816 0.0011599386389031354 0.0010661846880744077 0.0027494556348550622 0.0020746199782462928 0.004734769495179125 0.0011527901785580589 0.0017015943588851714 0.003279537237781221 0.00341687907261361 0.0026040558556207037 0.006866767393026139 0.0028655084237129277 0.004420663578537386 0.004420663578537386 0.002799513361258648 0.003606621259817276 0.002122536606691358 0.0024482303196737562 0.00275014883252873 0.0014931828044358999 0.0022521344325525756 0.003780133083276682 0.0022859538484336517 0.0030392604675200854 0.0030047774955440348 0.0013200546646171445 0.0025477083884471695 0.0018894385668276658 0.0017896332178920157 0.0024276089914604896 0.001143504145242085 0.006400163402130945
16.0 0.005595941156487206 0.0029255762557546068 0.002342402286933605 0.0016523018300856696 0.0021902967433542224 0.00433905867902539 0.006337966663631994 0.0012646618449873746 0.0019711824881431424 0.002932531991147504 0.004057154403052901 0.0023226007004908253 0.005891587616619312 0.0026528706336475865 0.0016342439443787554 0.0 0.007487855441518459 0.002254228493531304 0.0020747799285495538 0.007567250653900039 0.0023335201357751467 0.005072169827876952 0.0016050814599757324 0.0014782791032469378 0.0024170351398423266 0.0019664639776699145 0.003165568279758826 0.0017881024545410235 0.0017876003514540823 0.00716855397092148 0.0013974696787597603 0.0030233221789783844 0.0017345394539733452 0.001596604129798316 0.002710214070538652 0.001811368918647735 0.0037708612035595073 0.0020747943606556065 0.0029572290388561965 0.0014222236885432383 0.001533298269916726 0.0022292747476735895 0.004579815001298462 0.0023201878361667396 0.002127882974942475 0.0038479381684234345 0.0017287396315444 0.008579989039363956 0.0034585471406535628 0.0019710038953991843 0.004592067788833186 0.009313758511154315 0.00196623709699932 0.0021556300456596483 0.001704357793206713 0.0021171410391787136 0.0023278997478401358 0.004623477506365756 0.00772725010142105 0.0017340038335036606 0.0016788777256484299 0.0018626694265460163 0.001748262645647836 0.0033673592552932816 0.007460188925805791 0.0026645956464539343 0.002695350497419111 0.0017208491128956555 0.0014443411451994705 0.001516828898638506 0.0024669948696603404 0.002873470721430538 0.004828161977049871 0.00190097673577121 0.0024969089937317956 0.0034833297324798496 0.003640765330341183 0.0033796768561477992 0.007589887684418269 0.002819822628020029 0.004442707760194798 0.004442707760194798 0.0029488178193530605 0.003755603032975686 0.0021642825203704065 0.003244977402574769 0.0030220765528184675 0.0017321591705881509 0.001936297081141681 0.003970412648270217 0.0019314184683534921 0.003239277582081087 0.003044158881566993 0.0013429949612562561 0.002262337278107967 0.0025745542676903974 0.0025855090179052864 0.002098055022402968 0.0014515026437825675 0.0071331419459263416
17.0 0.010483870633534703 0.00814639859545144 0.007144819552698235 0.0075897890363937 0.006655268872607947 0.0097323672729306 0.00969289801590413 0.00728187586419677 0.006785074811185884 0.008167490835913206 0.00999084200371824 0.006363293457304367 0.010791845051901575 0.006955614495867679 0.00675624237313098 0.007487855441518459 0.0 0.006948579699137261 0.006501843207954489 0.0022299187437359383 0.006367785762124195 0.009955370596326629 0.007436033175251825 0.006958900207813617 0.00698345880209302 0.006811272518605314 0.008265195163362557 0.006741815502421321 0.006585260817505878 0.0017024889245560136 0.007034015284295424 0.007850821427215531 0.006898567367334998 0.006973679053113893 0.00848836656580787 0.007434440103961427 0.009035917803268921 0.008086512482978609 0.008303569630863166 0.007066401945436735 0.007058282968705801 0.008260501082536039 0.009921540869764022 0.00636683829251605 0.008201036110390244 0.00884174810753377 0.006759000410865053 0.0034778460439746466 0.00848688915266505 0.007254190794868572 0.010048248781794191 0.004174219140703678 0.008004141483267113 0.006533598334738756 0.0067855382961326954 0.006902685756331669 0.006613104280317737 0.009964581329435812 0.0024511055462627072 0.007132715355299939 0.007190945970439168 0.007563066800050886 0.008101192899716298 0.00917056921762287 0.002015975247968328 0.006380052602225886 0.008564456888057254 0.0069788096384016665 0.007073372506668891 0.0070098788405872775 0.008433409335206714 0.00677354573711271 0.010121593217428422 0.006734944382124157 0.006264571587938337 0.00857112592646838 0.008674992315229713 0.008217064951215245 0.002288984529503442 0.008378654642124134 0.00984745791443865 0.00984745791443865 0.008203398816961995 0.008936947966201444 0.008020582064973922 0.007065966262359902 0.008159643465232277 0.007405906823666779 0.007966400904456598 0.009005803757944528 0.008021679051359016 0.008392386632632979 0.008461290226057478 0.007205624865141756 0.00824807532683627 0.007379848199425569 0.006233282628148432 0.008153647185525536 0.007068118032503958 0.0019489224652965622
18.0 0.005340192542912423 0.0030651874764391013 0.0015408722109793898 0.00234502315313886 0.0014145585531339403 0.0046941206521057 0.005745393624918314 0.0020365999743392595 0.0016168312025807942 0.003089644393180974 0.00475052864850705 0.001738608749788372 0.0056551753493321285 0.0019510357057994287 0.0014917549270307877 0.002254228493531304 0.006948579699137261 0.0 0.0013410225070668354 0.007026271842911096 0.0017494457110072926 0.005140015315007528 0.002188826081828828 0.001695485894806197 0.001523144618531082 0.0014276275565382858 0.003252839625258531 0.0013475365006290832 0.0013499896719806745 0.006632272132655891 0.0017770972698228273 0.0022920372278054414 0.0016606713353625648 0.001690842764458851 0.0033551388019302155 0.002189146682567083 0.004010380658990631 0.002910212028086982 0.0032328239912126355 0.0018107390285584356 0.0018004388154965016 0.0030841920666151625 0.004889696417502776 0.0017358652742592313 0.0030170000416563335 0.0039009273973682973 0.0014246938058605626 0.008038043406767992 0.003202639254412004 0.0020115190182699322 0.004993961013938467 0.008791298887356264 0.0028240935080743905 0.0015987846870084022 0.0015005857067483712 0.0012531119720805006 0.001637486243811383 0.00493272883542922 0.007186053257612658 0.00188580015705793 0.0019357565027951938 0.00231831781181869 0.0028806603315216974 0.004033333827396185 0.006924378171334086 0.0020410805006865016 0.00341512896354891 0.001734861863629573 0.001811934014314987 0.0017497635269608323 0.0032678583212675024 0.002291053410443068 0.005088255359371857 0.0012125613654082332 0.001878456289987649 0.003579776590026406 0.0037041030404710304 0.003079328040578636 0.0070605949622734795 0.0032812021682794472 0.004806025918224533 0.004806025918224533 0.0031304536001663663 0.0039342264418096625 0.002776625677334164 0.0026383540512228956 0.003026290868204845 0.0021601714852403347 0.0027880095531032647 0.004087418847674142 0.002834822086542387 0.003343909690815359 0.003383089930469225 0.0019538804300304165 0.003074596076829146 0.0017911932400233206 0.0019847454042672043 0.002970449637102527 0.0018108777016573648 0.0065913365640722105
