0.0 1.0 2.0 3.0 4.0 5.0 6.0 7.0 8.0 9.0 10.0 11.0 12.0 13.0 14.0 15.0 16.0 17.0 18.0 19.0 20.0 21.0 22.0 23.0 24.0 25.0 26.0 27.0 28.0 29.0 30.0 31.0 32.0 33.0 34.0 35.0 36.0 37.0 38.0 39.0 40.0 41.0 42.0 43.0 44.0 45.0 46.0 47.0 48.0 49.0 50.0 51.0 52.0 53.0 54.0 55.0 56.0 57.0 58.0 59.0 60.0 61.0 62.0 63.0 64.0 65.0 66.0 67.0 68.0 69.0 70.0 71.0 72.0 73.0 74.0 75.0 76.0 77.0 78.0 79.0 80.0 81.0 82.0 83.0 84.0 85.0 86.0 87.0 88.0 89.0 90.0 91.0 92.0 93.0 94.0 95.0 96.0 97.0 98.0 99.0 100.0 101.0 102.0 103.0
1.0 0.0 0.02162090395216335 0.018666034853776242 0.021135464182095675 0.018303015757622276 0.023054959700147697 0.02659207523982969 0.018970927383166383 0.018190408635213057 0.021637846746102484 0.094088656894008 0.018396083167061768 0.058836415932902425 0.01860589026338194 0.01832962574516778 0.025617525544504402 0.029309402792619357 0.018465271656399936 0.018254200948825995 0.030017814653676134 0.018399078073740475 0.0224828166394987 0.020178173529923234 0.016991013020789023 0.01901395567182331 0.021539415351512943 0.018406575294038087 0.018351443051499116 0.021730823248496817 0.01836921254661091 0.017966079558912197 0.029675853010261016 0.018956917845148444 0.019413003917821837 0.018197235413427004 0.01956790011599751 0.025106823838610473 0.020120892353679788 0.022202883028024565 0.02298095571972892 0.02182802482840877 0.019234054443065265 0.019817730067037305 0.025329825913193143 0.02226886747506126 0.01839698577418525 0.027286665000504605 0.02231050745907403 0.01869344320769303 0.03124549341510583 0.02163520030689555 0.01836326486015851 0.022980214699439908 0.030743648342474658 0.02244417636061236 0.0182803114435085 0.018223969404857918 0.01837454085665888 0.018396124770215107 0.022251694139649315 0.03022703049961003 0.023972346720600335 0.03164395587090789 0.02558994782441453 0.07842164657643677 0.023973665713897807 0.029669712987497578 0.018764254923270707 0.025487460479366026 0.018381312165805436 0.019793683836700583 0.01910555287706422 0.03929084589426715 0.018823924869139416 0.022222222618041965 0.018222372136171783 0.01849682464292419 0.022004768809536543 0.022123638277842448 0.01599685743304398 0.02989597292193265 0.02266578371917643 0.022925539753215155 0.022925539753215155 0.021633816573972862 0.02187362117552786 0.041702916886898714 0.018781876500548605 0.021495802757016298 0.02057346868893342 0.024087077574876457 0.02213474508473429 0.02601393318069019 0.021604736578560862 0.02211926273406057 0.019146217911533054 0.02220695648381247 0.018918787346562247 0.018601173008392223 0.022326386409451792 0.04336925165736956 0.018960542465253673 0.029843119087365283
2.0 0.02162090395216335 0.0 0.00451420425514611 0.007183895835873418 0.004768098401571861 0.0028897712619566952 0.01320020053542073 0.004802852622521503 0.005084684426450652 0.0007525101094150444 0.08053730615246732 0.005042547558529745 0.05909140527045431 0.00510880149942667 0.0048935503697114455 0.011369218530487023 0.015162261738203564 0.004713184263135755 0.004747344422124624 0.015884653144784013 0.005045224568729009 0.002140932479048948 0.0063013293762996525 0.006272860341030834 0.005315144321940059 0.0011166752543123395 0.0048094530723364025 0.004735057486695969 0.0012962532807381556 0.004648926466905928 0.004578323825699223 0.015514886146107118 0.005138489904470946 0.005060956396778969 0.004998294927016551 0.005799472408986275 0.006037094092692177 0.007248703030240583 0.001789670033865494 0.006038662771834881 0.001360644475332913 0.005407197083343831 0.006104708502664594 0.007892633868086935 0.0019468842404701502 0.005043040508129919 0.01054527482110288 0.0019780365232765565 0.005058815275757248 0.017121064117757538 0.002861078885629448 0.0053130623464085515 0.002963319552570242 0.016534403608785705 0.005645815826961397 0.0049886945079252835 0.004710036849674377 0.0044035262239785905 0.0049196472999948095 0.001925081310333733 0.016096003146482067 0.010904825929555842 0.018071011032620404 0.012402934131957734 0.06270805434039348 0.0049959177584512 0.015507978795226411 0.005348512946811743 0.006818457295705942 0.005219401279723975 0.0059449172442309454 0.005407013538835045 0.021249328111960106 0.005467481871301111 0.0018475921658681997 0.004407422886285501 0.005090707032463913 0.001580888898765561 0.0017628572920903585 0.008050790983171675 0.015707327760636925 0.002781194849278367 0.002802294562583737 0.002802294562583737 0.0008935284233354962 0.001409591262897799 0.028170962482481673 0.005392839664371384 0.0012968368049585954 0.007009021262129041 0.007198457298956157 0.0017258386350982764 0.009527309940712072 0.0010871110984656679 0.0018370910199497874 0.005014837725983146 0.005134918440658595 0.004715064218562385 0.005211485380264506 0.0056408940568081975 0.03343153216234096 0.005163923632355703 0.015700447198640305
3.0 0.018666034853776242 0.00451420425514611 0.0 0.004852392401069803 0.0015992772797106466 0.005999359559010542 0.010123000857314102 0.002583136988902824 0.002072357859912579 0.004534931149438853 0.07816174197404274 0.0019496892842115199 0.056177773394758004 0.0019648318485364635 0.0019908920160591377 0.009263601445112443 0.01273671882770902 0.0013726065058360208 0.001592122623593907 0.013447124014038383 0.0019524891244344332 0.005363022911871573 0.0039240127809833485 0.003257291328306232 0.002663182117678159 0.004413599004355628 0.0015999404322079094 0.001636492782996251 0.004611898048726901 0.0016176813733827788 0.0015349513257325031 0.013101621659220748 0.0026138328825086703 0.0013342413240176043 0.0021106510363461013 0.003114362959312375 0.00817577668721902 0.004547534697345916 0.0051153264763417715 0.006286214692607726 0.004747455710543112 0.0028976920074647097 0.0034887314926309865 0.00858005782521783 0.005194121499427558 0.001949918266091824 0.010613973932462016 0.0051844268156893344 0.002097346895296743 0.014676081439453682 0.004403844880729965 0.0024598298995155005 0.005942303647005459 0.014165020579021276 0.00576522158138806 0.0018998335718797763 0.0017912925894062598 0.0008068899076852896 0.0017824799569519274 0.005176337658782268 0.013656655829586861 0.008099658822049223 0.015411301167219033 0.009825051609154499 0.061872328752538064 0.00705278017631885 0.013095361496854828 0.0022502299014236886 0.008601013633682163 0.0023545707724109202 0.003415480138477686 0.002766597403931547 0.022473977098401855 0.0023785964949872666 0.005140668749427757 0.0011865466917512849 0.0019922563584585766 0.004888253861740688 0.00499946971287513 0.0050459316678006 0.013319312697672139 0.005645243197498359 0.00587506571610243 0.00587506571610243 0.004534329098191778 0.004772328536964514 0.025717487674991005 0.0022975242742329753 0.0043585572315272825 0.004532953869635689 0.007398126835641901 0.005020938484288317 0.009369409887852353 0.004488621412171687 0.005057114385582401 0.0027386169049078667 0.005498172825268467 0.0007445382561973059 0.0021222847316027943 0.005659856003394619 0.030418895771068558 0.0026188368788864907 0.013270302155330108
4.0 0.021135464182095675 0.007183895835873418 0.004852392401069803 0.0 0.004661624132768927 0.008539949282657715 0.013063745984706499 0.003440191528038934 0.004767108687770395 0.0071948590970939905 0.0780414675298364 0.004882312461510201 0.05846879740113048 0.00499007131118279 0.004429355297709346 0.009274869959355406 0.01567066785328841 0.0047217693763490845 0.004627774406089014 0.01638116024741387 0.0048852314943838085 0.008066433672312405 0.004002956401280629 0.005950164220388934 0.004403765824441432 0.007127226740060208 0.004729772501418938 0.004560149227611124 0.007308152330992496 0.00447069347843039 0.004313186148849343 0.016035271599920367 0.003905491837206572 0.005579602350418069 0.004447117852667201 0.005136250314221578 0.010400222983467433 0.0059853478283864135 0.00773594238716693 0.007914054107102997 0.007350384839516895 0.004110192793287035 0.005082963046283178 0.010342551988862966 0.007782719931951232 0.004882716450296112 0.012180568577381402 0.007895797460129358 0.004760564114834092 0.01761015976708885 0.007372259851145098 0.004651681462141465 0.008437926371143864 0.017096956681575334 0.007351547702462536 0.004799577139068093 0.004298108311473255 0.00457833273571091 0.004792587293645047 0.007766464627732075 0.016590700639068985 0.010116415711666521 0.017074727985460947 0.010557144833134406 0.0629818061966202 0.009251389058904769 0.01602902006012448 0.005210174913405096 0.010712613493611089 0.0046089008222612825 0.0048854252198843005 0.004453803554540038 0.024407920290102747 0.005312240453213046 0.007746255303163859 0.004399819464199716 0.004948262952863852 0.007579346781049316 0.007706479562446727 0.0077004434365456655 0.016251916785184044 0.00809650188360217 0.008402587116386907 0.008402587116386907 0.007185251662430208 0.0074270096308703265 0.0254270472234773 0.005245010489015368 0.007105568401083621 0.004879019264793002 0.009009401714984773 0.007707257582192369 0.010863533994752147 0.0071790725454298696 0.007613528711408 0.0038673497190467136 0.007163163446159332 0.005100115771768311 0.005067466174382557 0.007214167915447538 0.03310072755528623 0.00397964334522943 0.016204715420245125
5.0 0.018303015757622276 0.004768098401571861 0.0015992772797106466 0.004661624132768927 0.0 0.006221809691561456 0.009522837564113408 0.0024066425419331967 0.001707399400510217 0.004786492182362257 0.07795733496362534 0.0013631786408639796 0.05582767138254735 0.0010964287689184185 0.0017283241634088488 0.009092581055377372 0.01220828145625416 0.0012986882646504362 0.0007755873636697934 0.012917411856901203 0.0013657274757524103 0.005621559264586316 0.003728198912983021 0.0028615244601980228 0.002445627846751959 0.004679746824163077 0.0009636391116279661 0.001439567945582556 0.004872757004310252 0.0014950820117022902 0.0011930362949856901 0.012574855995254264 0.0024079952407009934 0.0023540669379028406 0.0018282231505864117 0.0029156879052842435 0.008323800676466792 0.004297055389451458 0.005357072801517714 0.006292559206118389 0.004985358797969814 0.0026926889500236417 0.003272373176457434 0.008619577755966387 0.005428142595935867 0.0013632114363046899 0.010607335234497299 0.0054488603936513474 0.0019059497439216956 0.014145594761523848 0.004735888623387426 0.002184313013975543 0.006154226887978183 0.013644649193647183 0.005762169800576745 0.0013707234917555156 0.0015454433161959935 0.001302372464851282 0.00098892934062976 0.005410727328021593 0.013126756776308292 0.007835974799033925 0.015182191277952853 0.009594632989845316 0.061797965668727334 0.007194713802031211 0.0125686793360505 0.001610387843506745 0.008722313340232862 0.002078602097742799 0.003213992599806821 0.002548653237898709 0.02255363983072562 0.001789716281767495 0.005378817349464063 0.0012270888489882802 0.0013607922061944881 0.0051472126300906515 0.005263097862741265 0.004656328200213132 0.012796249376223857 0.005846949156297937 0.006094479953443709 0.006094479953443709 0.00478376550180018 0.005022255689022356 0.02550620718816804 0.001683761676590824 0.00463149353269364 0.004320418747247104 0.00740108207761625 0.0052774980229498315 0.009345938694990345 0.00474824697718897 0.005283888347885207 0.0025609165913218455 0.005512867928754932 0.0018536656806971454 0.0015129284149456024 0.005649381642828539 0.03002390998580666 0.0024108858521256563 0.012740789172008313
6.0 0.023054959700147697 0.0028897712619566952 0.005999359559010542 0.008539949282657715 0.006221809691561456 0.0 0.01464980016918728 0.006144620263668948 0.00652547098519447 0.0028440301472094573 0.0818964326266528 0.006491822925768907 0.06052051319815713 0.00656135532938746 0.006324549298725942 0.01268863547949356 0.01661322946908938 0.006175585715792239 0.0062001403836629 0.017335575668258125 0.0064945044409641 0.003786319791060415 0.007663991881339077 0.007713748762491885 0.006716569873386938 0.003001720527385253 0.006265290977557146 0.006184943247406077 0.0030094759761441076 0.006098464428329248 0.006022200166788099 0.016965881590904557 0.006522482064027186 0.00655851141579674 0.006426351694470849 0.0072110734187184125 0.006397614702017433 0.008653008572650611 0.002661489782353036 0.006976488120649452 0.00266620274177801 0.0067889561738725054 0.007500882510380523 0.008660365907173461 0.0021613109993756166 0.006492321690430937 0.01147729605278048 0.0036429854046480456 0.0064998417017336114 0.018571952548879854 0.004682729955236414 0.006736884307523429 0.0023656474097561234 0.017985184666859992 0.006593930986779514 0.00643679627120021 0.00614379121052136 0.0058777043037381745 0.006371629843793927 0.002171858240060019 0.017546916461343577 0.012322905033604864 0.019471903320152126 0.013791199397718154 0.06380744061748478 0.005358868143747204 0.016958996090888183 0.006798770098783432 0.007314552271749496 0.00664479227697231 0.007331262666552471 0.006806610610237924 0.021867469452592478 0.006916798157980655 0.0024511770364033514 0.00586916948207801 0.00654081884864784 0.0032286758887138008 0.003437621652290234 0.009490488751326676 0.017158109444869254 0.0032464965328979044 0.0016230190375783014 0.0016230190375783014 0.002744276666608439 0.0027768102720514658 0.029542565374334154 0.006842648034870391 0.003229701998741376 0.008384337948421292 0.008123357813725293 0.003310278996423558 0.01050789558393701 0.0028915967868052596 0.002822764111125267 0.006367301836475773 0.0060798547966836106 0.0062030513619313644 0.006661224009128733 0.006605234798261781 0.034872085200972666 0.006550687170390382 0.01715151055155853
7.0 0.02659207523982969 0.01320020053542073 0.010123000857314102 0.013063745984706499 0.009522837564113408 0.01464980016918728 0.0 0.010812531038242378 0.010024962127668801 0.013218213406954279 0.08635256168814429 0.00902238602561243 0.06411726978010153 0.009742850904062898 0.010116540403947504 0.017497309208525755 0.01952376016546875 0.00987022902436015 0.009444591902787194 0.020206660239509674 0.009015419317486145 0.014046862364288523 0.01212922479462782 0.011126088733230767 0.01084580536398879 0.013113320086325438 0.009707681292582534 0.009890293934845657 0.013302999466058701 0.009948223195660934 0.009560214192424157 0.019896449711247696 0.010809511663662407 0.010874325835757495 0.010200373223299457 0.011326057851211914 0.016748147683552005 0.012678631436682214 0.013786401419280617 0.014709063922684146 0.013415445882473575 0.011094062618609915 0.011671723604953034 0.017037880862541138 0.013856975705103192 0.009034285308965953 0.01902306262328258 0.013876966292811446 0.010332591297384796 0.02141677242186605 0.01318808019233627 0.010558573110213243 0.014581818078522171 0.020973032063438736 0.014178129272596578 0.009448918324015926 0.00994517069078623 0.009828477145199823 0.009486825188448067 0.01383958532876628 0.020411375666875724 0.016215199723190174 0.023575975265941657 0.017982969845514347 0.07020949064694423 0.015618708962252197 0.01989086458890988 0.009486194317899686 0.01714519487759435 0.010453566431947094 0.011617903936829065 0.010948151597986008 0.030974180258599618 0.00924052790195794 0.01380797235936291 0.009721322698767909 0.00914425139801384 0.013576551106154501 0.0136918364362905 0.012925099976978858 0.020120746095272413 0.014274449445175502 0.01452239473698266 0.01452239473698266 0.013215083721656896 0.013451791783164628 0.03390088315751004 0.009293833504091652 0.013067957492980828 0.012715463758821204 0.015817373925872916 0.013705373021531946 0.01776071607517987 0.013179968812975503 0.013713123027467834 0.010968067636144021 0.01392987029929349 0.010376603931225924 0.008819179975570503 0.014064918009438838 0.03828694444706547 0.010812049228659096 0.020068017922571332
8.0 0.018970927383166383 0.004802852622521503 0.002583136988902824 0.003440191528038934 0.0024066425419331967 0.006144620263668948 0.010812531038242378 0.0 0.0025295769056491516 0.004812682752887064 0.07705934146101967 0.002631870826394083 0.05637224309994737 0.0027361650093037614 0.0021914953818569644 0.007719922858349687 0.013405424573810734 0.00246068439463442 0.002373575786511147 0.014116176542516876 0.002634781872491096 0.0056888851451539005 0.002613186081802575 0.0037218085488614425 0.002182503699215691 0.004750877143747931 0.0024730048012889493 0.0023012468632408814 0.004929682208221164 0.0022025919300745003 0.0020657334467460604 0.01376977283557955 0.0017459143976423785 0.003306890769758916 0.0022555566726947356 0.0028226369126529913 0.007970217518581131 0.004168796563834631 0.005349383042355289 0.005415121128165251 0.0049618638211870875 0.0019814821346185243 0.0028935523891902744 0.007865308073974116 0.005392654064431315 0.0026322685728454136 0.009682245437018532 0.005518623037877125 0.002495113626383709 0.01534533841175311 0.005023890252363401 0.002509727892951095 0.0060376494252848065 0.014830566790902978 0.004849945978967051 0.0025507085437401454 0.002046465901383212 0.0023121882094815846 0.0025392131918876674 0.005376566338569366 0.014325756546884262 0.008018498299474812 0.014929456340776588 0.009102313004226016 0.06065441373873304 0.006818677698198605 0.013763507170474011 0.002958389324277548 0.008269907858869375 0.0024381697467434037 0.002599118048696541 0.0022467399339497 0.021947565510307437 0.0030616944272697615 0.005358048974669249 0.0021343516369219627 0.0026966865383896803 0.0052003322603756605 0.005328905089364896 0.005482468172154028 0.01398590663464069 0.005691198082954842 0.0060058152455632376 0.0060058152455632376 0.004802067990699849 0.005044154185113892 0.02467627196928321 0.002993814260267059 0.0047335089219475365 0.0035106653398045 0.006511129282641418 0.005327810599230067 0.00835859251021982 0.004800144476092404 0.00521984244651718 0.0012573190156930474 0.004666473018459228 0.0028299645557524344 0.002816266376372535 0.004709648552700847 0.030875747236168205 0.0018128283947234577 0.013939553390789616
9.0 0.018190408635213057 0.005084684426450652 0.002072357859912579 0.004767108687770395 0.001707399400510217 0.00652547098519447 0.010024962127668801 0.0025295769056491516 0.0 0.0051021429287098595 0.07803719839659626 0.00183235043710403 0.05575008697395392 0.0020137282947014327 0.001772817611469392 0.00921259505270458 0.012740750558481645 0.0018669393185314562 0.001659489525669456 0.01344921363484355 0.0018354082122355037 0.0059450751956484325 0.003828266452308677 0.0027077359201254057 0.0025381460540394134 0.005000998686843151 0.0018084265505578338 0.001747657795864055 0.005193428640101971 0.0017829187039035688 0.0013072019342595907 0.013107248216107592 0.0025077984089294132 0.0028211409030221603 0.0017784578456987443 0.0030509281807208494 0.008593677074636569 0.004309749581573354 0.005669275897973797 0.006498644069462985 0.005295303082464797 0.0027920283623955773 0.0033612747111061055 0.008840567816633175 0.005736904199592281 0.0018329191929779484 0.01080753449942138 0.005772520968060697 0.0021114621331533856 0.014676940291652549 0.005083030822586133 0.0021508321461946485 0.006453047170333424 0.01417533976271558 0.0059640146992590536 0.0017162495284295774 0.0016492131531097472 0.0017792118650516026 0.00180594428625281 0.005719652425327279 0.013658442282672732 0.007829604410293053 0.015244504374184772 0.009639294071554942 0.061966332218308884 0.007461853232688526 0.013101107214122748 0.0021867396859381466 0.008980146940052263 0.002046277748961836 0.003324134782441871 0.0026381098199364933 0.02279272039782676 0.00226411313310897 0.005689385971609055 0.0016284530255445372 0.001920996999863936 0.005467641772718142 0.005585832982402578 0.00450931958496445 0.013327553021331418 0.00614090810828084 0.006396724292722724 0.006396724292722724 0.005098594335519457 0.005338284472699066 0.025579708067324278 0.0022099460663188644 0.004955393617348491 0.004393825996829984 0.0076056286534269685 0.005597845784496111 0.009538550464234904 0.005067543857606754 0.0055889488635600185 0.0026882477435088356 0.00572271895470422 0.0023255845829914593 0.0020310652537584954 0.005847881194754219 0.029877456299929342 0.0025088607684303037 0.013274339584811397
10.0 0.021637846746102484 0.0007525101094150444 0.004534931149438853 0.0071948590970939905 0.004786492182362257 0.0028440301472094573 0.013218213406954279 0.004812682752887064 0.0051021429287098595 0.0 0.08054856852546263 0.005060578677693505 0.05910796968400796 0.005127088748990771 0.0049102968634725415 0.011377513200011263 0.015178722004756201 0.004732276448173589 0.004765669932479153 0.015901141147312236 0.005063255567444289 0.0021500963585566364 0.006312795005745289 0.006290319975955364 0.005329617879598354 0.001162692745030624 0.004828022771863557 0.004753245444538513 0.0013125019338965753 0.004667138703245442 0.004596026970368441 0.015531317300757255 0.005151608809232457 0.005082546211683938 0.00501480422402964 0.005814773913854907 0.0059942252148809175 0.007263382979907463 0.001753784972119577 0.00601775021541525 0.001285130799135302 0.005420142367858521 0.006118772245410218 0.007866834403865122 0.0019049020265212296 0.005061072525455009 0.010526814058218724 0.0019894160614412487 0.005076363521798542 0.01713756917730201 0.002911910301634648 0.005329246210211629 0.002915527771488794 0.0165507194878335 0.005626571368070047 0.00500666779434375 0.004727003976809346 0.0044235026613461785 0.004937895894488984 0.0018833251674604708 0.016112495276608234 0.010920569507984215 0.01808543474737538 0.01241637927612755 0.06270073148298838 0.004954165422554314 0.015524409132756163 0.0053665974943414504 0.0067794884244903215 0.005235706770124266 0.005958220131902378 0.005421343701414706 0.021217199899409248 0.005485504865910838 0.0018078899611240068 0.004426538480698846 0.005108786107496675 0.001589416176518494 0.0017752221292666633 0.008068160725231737 0.01572368949523432 0.0027267584150206005 0.002755636019580808 0.002755636019580808 0.0007572896013397327 0.0013893386683864264 0.02818313389304114 0.005410898701407433 0.0013590296110844446 0.007021464926240006 0.007178269922706558 0.0017277341067346713 0.00951161093687956 0.0011096370190055993 0.0017705826552372635 0.0050254768659634685 0.005112402637087392 0.00473594575491066 0.005229526509311716 0.00562290692424286 0.033448966133902205 0.005177257716075637 0.015716922153827695
11.0 0.094088656894008 0.08053730615246732 0.07816174197404274 0.0780414675298364 0.07795733496362534 0.0818964326266528 0.08635256168814429 0.07705934146101967 0.07803719839659626 0.08054856852546263 0.0 0.07817029208897783 0.13080230759173972 0.07828404293600345 0.07772116958624005 0.08085487039667165 0.08896704134864303 0.07802539149783085 0.07792238213420463 0.08967739189125326 0.07817321569159587 0.08141804821639562 0.07771470863876892 0.07917577305155007 0.07783254711830828 0.0804789159975256 0.07802805460142165 0.07786599465190376 0.08066029277139744 0.07779024848019911 0.07760221808657017 0.08933177406932447 0.07743732558978594 0.0788903765650488 0.07763738669206464 0.07853941694946082 0.0837644348049853 0.07826214046809665 0.08109033888334455 0.08130349184656063 0.08070548647156195 0.07765654176205444 0.07853230053450289 0.08370758735056746 0.08113798191994898 0.07817072065550493 0.0855504854373619 0.08124732070366966 0.07808154178504156 0.09090629539739489 0.08071392827711485 0.07772332564389686 0.08179558023451457 0.09039389044145911 0.0807370097398373 0.0780855168665657 0.07760785298236211 0.07788641660482375 0.07808575788140687 0.08112168573429332 0.0898869100414613 0.08310395343148268 0.09043083565150609 0.08112802544415373 0.13570332910433294 0.08261582075245918 0.08932553025326748 0.07850038100469457 0.08408058010082012 0.0777547868352295 0.07838535953306247 0.07788852190183887 0.09777466010413502 0.07860010075268745 0.08110106649838415 0.0777110422925708 0.07823815289824523 0.08093159906705243 0.08105818704768583 0.0808792783682752 0.08954866299061608 0.08145570311527905 0.08175944360448836 0.08175944360448836 0.08053912092966603 0.08078042034823793 0.08953386492506764 0.07853424357546179 0.08045598502821472 0.07770701160259001 0.08239243516123845 0.08105957871012935 0.08423214369470558 0.0805315105887387 0.08096993131283187 0.077431633360993 0.08055655411234161 0.0784098201455663 0.07835654230998454 0.08059900786059644 0.10630934531726265 0.07749349169054204 0.08950106217242561
12.0 0.018396083167061768 0.005042547558529745 0.0019496892842115199 0.004882312461510201 0.0013631786408639796 0.006491822925768907 0.00902238602561243 0.002631870826394083 0.00183235043710403 0.005060578677693505 0.07817029208897783 0.0 0.0559230887115669 0.0015929249512506433 0.0019317460340432212 0.009316963076394763 0.011969642824399052 0.0016978404738590795 0.001286326853165827 0.012673569747219515 0.0003852799555825147 0.005894079311732525 0.003947511144410793 0.0029263401438250347 0.0026630153606629 0.004955795729877019 0.0015412882081838192 0.0017106788200020769 0.00514711080863315 0.0017689204180313493 0.0013736902868601922 0.012338452011039502 0.002627312833922705 0.002701533619134361 0.002013936207911231 0.003144112994704795 0.008585670480161532 0.004493804617963705 0.005629355036040468 0.006538581617444722 0.0052575801267249166 0.0029119047920412103 0.0034889816961033784 0.008869288676187071 0.005699530602428567 0.00045112489403585643 0.010851872541463643 0.005722796314629873 0.0021512072865696764 0.01389832904560185 0.0050257764428938215 0.0023724607598016867 0.006423132234588021 0.013411674872734286 0.006007128225412512 0.0012258728528769525 0.0017614651556754207 0.0016545687893607351 0.0013429235888428905 0.005682158443739815 0.01288205867644654 0.008029764258192629 0.015392523084129077 0.00979926851015684 0.062034523016107596 0.007455896198594228 0.012332507529762025 0.0014458607994602309 0.008981198911782246 0.0022674941131759357 0.003435917524379918 0.002765336786925896 0.022807850483058466 0.0011696121325422866 0.005650704925684223 0.001544967283104097 0.0011368069792786518 0.005421084478135628 0.00553714631016743 0.004726124990148808 0.01256144607435716 0.006114895728508249 0.006364188334405382 0.006364188334405382 0.005057504911541076 0.005295369471029321 0.02571826712208443 0.001321567787726713 0.004909408847255263 0.004532796806885418 0.007646711967805538 0.005550640318624223 0.009588583527366547 0.005023037643851109 0.005554773540108075 0.0027873181952229147 0.005759841659521293 0.0022034914041014868 0.0010959462383843856 0.00589350371542453 0.030087333649609208 0.002629741775243475 0.012504996463777465
13.0 0.058836415932902425 0.05909140527045431 0.056177773394758004 0.05846879740113048 0.05582767138254735 0.06052051319815713 0.06411726978010153 0.05637224309994737 0.05575008697395392 0.05910796968400796 0.13080230759173972 0.0559230887115669 0.0 0.05613207878851169 0.05582234624506131 0.06297504776329933 0.06682901006285714 0.05598225191068171 0.055779956180148076 0.06753750454829063 0.05592591300206119 0.059954680029375436 0.057502320994079814 0.05498790115991288 0.056456313602332685 0.05901153219118426 0.05592871216295515 0.05586394705488382 0.05920227964322168 0.05587258309941416 0.055492639940615214 0.06719534432796678 0.05637429233082053 0.05692341088363364 0.05567056490636721 0.057029955425667626 0.06256021515048878 0.0570521032842339 0.0596715133372783 0.060411469594750265 0.05929597150292594 0.056645890418763015 0.05724868784690452 0.06276537052773495 0.0597362762679492 0.055924207152165464 0.06471466400135953 0.05978248667476079 0.0561928053024323 0.0687652176101693 0.05911697978288872 0.05579138539427241 0.06044405509405436 0.06826270909867847 0.05987305773576966 0.055819594123464364 0.055720123025783705 0.055887428575143366 0.05592296540157877 0.05971916139577583 0.06774672810759569 0.06131517753072302 0.0690566250106271 0.06250692508949887 0.11582748763915687 0.061426064368033856 0.06718919901639325 0.056292085438722925 0.06293651680031254 0.05583039542693287 0.057223768599461565 0.056543561136681075 0.07673302122686282 0.05634400800634527 0.05969027850894516 0.055732677814251244 0.056024528357430645 0.059476050726426005 0.05959545730500039 0.05464919829901453 0.06741520869613389 0.06012790787281764 0.06039060858137464 0.06039060858137464 0.05910360743292021 0.0593435469880745 0.07873083866376758 0.05630919809228281 0.058969306828806654 0.05775483105564837 0.061516900020953925 0.05960589455328594 0.0634391199321725 0.059075993892666726 0.05958542510511359 0.05656108374998137 0.059638938622332015 0.05643017815609418 0.056127656838461264 0.05975402019069588 0.08137841188963917 0.05638120062987161 0.06736279359275651
14.0 0.01860589026338194 0.00510880149942667 0.0019648318485364635 0.00499007131118279 0.0010964287689184185 0.00656135532938746 0.009742850904062898 0.0027361650093037614 0.0020137282947014327 0.005127088748990771 0.07828404293600345 0.0015929249512506433 0.05613207878851169 0.0 0.002052248783414156 0.009421887617208101 0.012415540045566595 0.0016813695798322849 0.0010804679505771846 0.013124958392495684 0.0015952937378281885 0.005960957522908351 0.004056320824312069 0.003158506572460855 0.002773220479672253 0.0050208840982599034 0.001423444533187452 0.0017800502020898328 0.005213147459623126 0.0018374898188786258 0.0015091408518482854 0.01278218036702558 0.002736076834977102 0.0027186129582566915 0.002148241652355557 0.0032460641549753796 0.00866154809459048 0.004619916431945113 0.0056971116055059105 0.006626760291393426 0.005325465366344189 0.003020748382447383 0.0035997869011550124 0.008954602385185178 0.005767993285666913 0.001592931277342724 0.010941200818868936 0.005788773000224269 0.0022404471985740908 0.014353330303300757 0.005081728649598542 0.0025049821954799267 0.006493534860267609 0.013853065594592963 0.006096131317551486 0.001630425108634835 0.0018723449994173177 0.001668618888457419 0.0009697843744552737 0.0057505873048467465 0.013334351545536804 0.0081579948148843 0.015508105774401176 0.009919357692386117 0.06213003300047196 0.007532306779736556 0.012775983619677377 0.001805813708504373 0.009059393596354683 0.002399392036677439 0.003542717905879837 0.0028760774604945326 0.022889672263567286 0.0020173984718893957 0.005718777461563962 0.001582403147276274 0.0015623450975867474 0.00548741138072114 0.005603166967678142 0.004954415561680265 0.013004257070051341 0.006186065312320743 0.0064339621776552496 0.0064339621776552496 0.005124259054430681 0.005362426228896294 0.025832665300141208 0.0018972369938812829 0.004973317747361476 0.004646926571763521 0.007735193891793293 0.0056174259597507985 0.009679379734022494 0.005088935118182158 0.005623681309229654 0.0028907395985709634 0.005847284048444451 0.002218954176632929 0.0017283180452923944 0.0059831552963426175 0.030320878568334916 0.0027388530445925444 0.012947407991351814
15.0 0.01832962574516778 0.0048935503697114455 0.0019908920160591377 0.004429355297709346 0.0017283241634088488 0.006324549298725942 0.010116540403947504 0.0021914953818569644 0.001772817611469392 0.0049102968634725415 0.07772116958624005 0.0019317460340432212 0.05582234624506131 0.002052248783414156 0.0 0.008878932836680842 0.012793762041011125 0.0018179746183748999 0.0016908971628935496 0.01350295581468024 0.0019347045849505001 0.005758848450043673 0.0034905490062081476 0.0029911618803503716 0.0021589941639291073 0.004813423557681572 0.0018046052466462216 0.0016371652148649309 0.005005220733455461 0.001608962880560047 0.001328521662476729 0.01315965710379853 0.0021460834742051127 0.0027358053103563075 0.0015333667522852285 0.0027063736412661042 0.008367102624258174 0.004023509120509423 0.005474794923165532 0.006223630406589804 0.0050991173790485254 0.0024326232193077925 0.0029908643344771467 0.008576918363472356 0.005539834083858698 0.0019321501632969355 0.01052811076208307 0.005586278244025803 0.0018791125831254668 0.014731146123586808 0.004916136915714547 0.0018893255716504985 0.0062484508852890044 0.014225866799938466 0.005685798901051656 0.0018425265878793604 0.001272350117724575 0.0017008878844413516 0.0018525417255546676 0.005522705459321951 0.013712298560484858 0.0075342579839691795 0.014890715258580614 0.009335928518283597 0.06166426601094174 0.007233203404324366 0.013153476379508124 0.00226441794230171 0.008744429692743801 0.0017720688741392938 0.0029647557568926973 0.0022617277884419106 0.022542786347251834 0.0023624248491308647 0.005493674667625476 0.001520471347156705 0.002001706029198899 0.0052792313880061295 0.00539899679316733 0.004765832331495839 0.013378901030622958 0.005932603285621004 0.006194728736363651 0.006194728736363651 0.004906119201937377 0.005146659900840955 0.025261006212232026 0.002297109497575927 0.00477006813086113 0.004071745002953549 0.0073294671392333255 0.0054093898313160894 0.009253379408873243 0.004878412237711509 0.00538906061129003 0.002350829468440844 0.005450546903103842 0.002243204175718952 0.0021197954482175714 0.005567132191297338 0.03015016301664647 0.0021449880224567903 0.013327382736459212
16.0 0.025617525544504402 0.011369218530487023 0.009263601445112443 0.009274869959355406 0.009092581055377372 0.01268863547949356 0.017497309208525755 0.007719922858349687 0.00921259505270458 0.011377513200011263 0.08085487039667165 0.009316963076394763 0.06297504776329933 0.009421887617208101 0.008878932836680842 0.0 0.020077804420779152 0.009146488875685903 0.009059484036067413 0.020788784405027082 0.009319870379842724 0.012257488980830997 0.008992510441383769 0.010399686090027498 0.008872491487081594 0.011321938858133776 0.009159106813329092 0.00899127368063057 0.011497661432298821 0.00889755140895854 0.008752400612144093 0.020441919817498322 0.008409937849703314 0.009983894053077806 0.008921870595530321 0.009555518025648066 0.014460365439951113 0.010666824867309042 0.011906390360905256 0.011832559750931372 0.011516734600187189 0.008631324125694943 0.009569493059836155 0.014248463481788268 0.011944533191618228 0.00931736664751151 0.016028585040573605 0.012087716835136708 0.009192166104001965 0.0220180877781714 0.0116251192745069 0.009154022641025689 0.012574142838703666 0.021501883887828643 0.011244771680293943 0.009235837997394233 0.008739563384830992 0.008995801193563153 0.009224898131314323 0.011928691953046487 0.0209983989579206 0.014644139341633285 0.021584087880770264 0.01540278041128075 0.06504324156487121 0.013303375524753885 0.020435641851628765 0.009643542482014978 0.014743505991383871 0.009095593954536449 0.009328513664429883 0.008930232717641779 0.028375756357031684 0.009746683152504373 0.01191267292796424 0.008822946917441066 0.00938185189606085 0.011767489802005593 0.01189763685031556 0.012155213009322006 0.020657575556839874 0.01222139731908433 0.012547675190008174 0.012547675190008174 0.011365014175309433 0.011606352646679405 0.030368264284690832 0.009678936780807008 0.011309791513889438 0.009867286055403948 0.012905278032002178 0.011894273440100588 0.01468147388475394 0.011367951530800748 0.011767268116926285 0.008166819562746282 0.011105315493724198 0.009509519725025981 0.00950127121453926 0.011094169207424318 0.03755188167098526 0.008479913599893245 0.020612019411203726
17.0 0.029309402792619357 0.015162261738203564 0.01273671882770902 0.01567066785328841 0.01220828145625416 0.01661322946908938 0.01952376016546875 0.013405424573810734 0.012740750558481645 0.015178722004756201 0.08896704134864303 0.011969642824399052 0.06682901006285714 0.012415540045566595 0.012793762041011125 0.020077804420779152 0.0 0.012534428101192322 0.012140854663004887 0.001803630535808249 0.011966873689073027 0.015849138903753487 0.014741722156520694 0.01385905666838426 0.0134894863542004 0.015074374855693094 0.012389285448506426 0.012566944364137786 0.015208314996092251 0.012609518189561828 0.012264662887205215 0.0012528830081680008 0.013438357371352298 0.013465583675597984 0.012881854967004693 0.013968984885039906 0.01883780796739659 0.015335180078750496 0.015724577780307922 0.017020895198365152 0.015379546655208295 0.013721267986495166 0.014311705809314158 0.019297141881328455 0.015806059437062946 0.011975881035539176 0.02135436378428729 0.015726399830444847 0.012999785528124908 0.0033065567954687902 0.015330263127654432 0.013235272500181715 0.016565328500789754 0.002582176921048257 0.016504278389693264 0.012248533532918611 0.01261967979873524 0.012465099700460922 0.01217490188120024 0.01578817552307548 0.002081717364738833 0.018884508722167397 0.02622312944764562 0.020622976525445966 0.0726444483218511 0.017717635463980558 0.001263201163283923 0.012066952978932722 0.019277050727117103 0.013131349332275222 0.014246275319954517 0.013590819585378316 0.03317070852252353 0.012261806443721147 0.01575239476825549 0.012375763409895997 0.011868122383607887 0.015467419800762973 0.015558165053791987 0.01565530682047553 0.0016188355860527713 0.01628354203118091 0.01649230761097659 0.01649230761097659 0.015173150230895528 0.015371720735855653 0.03652440710751431 0.01218931055296045 0.01506559519211531 0.015341409659894764 0.018134116961467883 0.015571391780100734 0.020118117978252425 0.015119501407324983 0.01568989377128057 0.013566765743045748 0.01622922052148741 0.012982582018858737 0.01184700274007968 0.01640250114295885 0.04101995697326259 0.013443331655648406 0.0016536560783601412
18.0 0.018465271656399936 0.004713184263135755 0.0013726065058360208 0.0047217693763490845 0.0012986882646504362 0.006175585715792239 0.00987022902436015 0.00246068439463442 0.0018669393185314562 0.004732276448173589 0.07802539149783085 0.0016978404738590795 0.05598225191068171 0.0016813695798322849 0.0018179746183748999 0.009146488875685903 0.012534428101192322 0.0 0.00130496145076665 0.013243902894865923 0.001700614993769313 0.005568708843838047 0.0037903083183946917 0.0030455857759365094 0.0025135775772534563 0.004621547549622195 0.0012582382669570104 0.001467680656548849 0.00481738987538469 0.001489665940855027 0.0013304405532157532 0.012900312164708924 0.0024721329736621077 0.0021359478374141094 0.0019327811788188362 0.0029702474584173376 0.008296122216766184 0.004386032219256476 0.005306033309717205 0.006300416902097716 0.004934913702709216 0.00275674779012771 0.003340680806441617 0.008619133248355202 0.005379008180839001 0.0016980158028618332 0.010618477972543845 0.005394136402904964 0.0019456735703333276 0.014472284241894263 0.004652099888318811 0.0022853241270683992 0.0061105947672966295 0.013967053338364857 0.005772395567407086 0.001656714377981424 0.001622723950958381 0.0010722877129131225 0.0015047410505413424 0.005361501198405547 0.013453294158204149 0.007930444772119065 0.015257755228409761 0.009673913092942028 0.06182644334586193 0.0071685669027262144 0.012894113368117084 0.0019908296692862995 0.008701334773229413 0.002179470800922057 0.0032750990629856133 0.0026172365535927153 0.02254311812028617 0.0021267024711712074 0.005328646014501996 0.0011294362647747413 0.0017339168493926 0.005092619826216907 0.005208103900705672 0.004836259721610434 0.013119909042828028 0.005805756029602278 0.0060489960473898985 0.0060489960473898985 0.004730205931188641 0.004969366323879093 0.02557643542450018 0.0020417048086068916 0.00457009975981551 0.004390757633535542 0.007409801630623179 0.005223894201747844 0.009361311841429656 0.004692350161027332 0.005236307717320764 0.0026140487749028475 0.005518616030460905 0.0016296354641676565 0.0018674860819428707 0.005661474463305661 0.030207574658175432 0.0024757947398934624 0.013067661903562025
