0.0 1.0 2.0 3.0 4.0 5.0 6.0 7.0 8.0 9.0 10.0 11.0 12.0 13.0 14.0 15.0 16.0 17.0 18.0 19.0 20.0 21.0 22.0 23.0 24.0 25.0 26.0 27.0 28.0 29.0 30.0 31.0 32.0 33.0 34.0 35.0 36.0 37.0 38.0 39.0 40.0 41.0 42.0 43.0 44.0 45.0 46.0 47.0 48.0 49.0 50.0 51.0 52.0 53.0 54.0 55.0 56.0 57.0 58.0 59.0 60.0 61.0 62.0 63.0 64.0 65.0 66.0 67.0 68.0 69.0 70.0 71.0 72.0 73.0 74.0 75.0 76.0 77.0 78.0 79.0 80.0 81.0 82.0 83.0 84.0 85.0 86.0 87.0 88.0 89.0 90.0 91.0 92.0 93.0 94.0 95.0 96.0 97.0 98.0 99.0 100.0 101.0 102.0 103.0
1.0 0.0 0.03561603760376133 0.028128612662966845 0.03204232387245294 0.02761031463077517 0.03681758973553504 0.03605234933526298 0.028820263621060556 0.027657873515511404 0.035656903473608004 0.11040739304797242 0.02770762938862771 0.05821763955062828 0.028034598801882138 0.027391009595511516 0.03539431735303121 0.05994941377113001 0.027808511612175697 0.02748804884938769 0.06056179207277494 0.02771993671612979 0.036612446104443586 0.030141713691535368 0.02586931608059945 0.027905532449633626 0.035543234042885646 0.027760815389238806 0.027782223762929985 0.03572719043986629 0.027909520391789674 0.027226864462433043 0.06010542512544118 0.02846628847947915 0.029048186108056165 0.02778269415094694 0.028293351209820614 0.0392047463552478 0.02905952338957009 0.036066830676092135 0.03415265978642276 0.035792346661138924 0.028556961369862834 0.02833668102156673 0.041484078430701336 0.036320147060582675 0.027698669027492316 0.04173205521914217 0.03630611783387992 0.02805523682295421 0.061725531971759034 0.036708726969477315 0.02808984745763329 0.03721498723750867 0.0615166256526533 0.034709337752540384 0.027560993239175723 0.027577739398849065 0.027769544020466587 0.027683199155058118 0.0363520092370786 0.060749034407942354 0.028937507748458654 0.030145869494743894 0.030746792823716045 0.04965420557486304 0.041156158063659964 0.060206870930465756 0.02796099609151956 0.05482108497245401 0.028079485445765846 0.029331626474304682 0.028069554158356026 0.0514748681864666 0.02845584118707607 0.036247705147366846 0.02759841855537031 0.0277885371940019 0.036021334561747484 0.0361336665502584 0.02400496101066185 0.06048406506347434 0.036934820141940924 0.03687184597128466 0.03687184597128466 0.035718578133634125 0.035842093688379484 0.036688602156956365 0.027905019901005843 0.03552437903574865 0.02932877932279036 0.034024243818501373 0.03613348161489229 0.03508151216262541 0.0358669876080415 0.03604880030787771 0.029208622329928317 0.034106010073276675 0.02839692872318207 0.02785296010892857 0.03373656403070061 0.046156376685943495 0.028252050299241376 0.059961351758332226
2.0 0.03561603760376133 0.0 0.009442471137597101 0.013464224437241289 0.009651600716064631 0.0030875690317447163 0.018258126675747874 0.00974505445222179 0.010190696406339038 0.0008218346419532688 0.09205439284968439 0.009951075557548004 0.05664912139796155 0.010130977083641302 0.009450776569492676 0.016068876921548167 0.040394141842772006 0.009596833436792383 0.009562358149767154 0.04101773709253782 0.009962961475065969 0.0023943285968167152 0.011650179016976469 0.010952366041908964 0.009595142793702202 0.001238715157998331 0.00973003384636242 0.009717415153711245 0.0014188749988244473 0.00968227938800115 0.009416331805816611 0.04054038942092627 0.010030089128597673 0.010153854069017282 0.00996784343739792 0.009933831182361005 0.010032178602667308 0.011084066713294052 0.0018666255554615 0.010137793299831097 0.0015591752767382186 0.010117354724105826 0.010019404104058369 0.016396834506135348 0.0022940769271030323 0.009941679513780145 0.01821216430567181 0.0020936823048183853 0.009911075072128614 0.04218790743374673 0.004463034955995246 0.010273956391062485 0.003760491896413018 0.04191034328354938 0.010998469890231885 0.009880822086430863 0.009568768474500274 0.009286575519363995 0.009795541720065595 0.0023212417595963528 0.04120659231943796 0.011042961856028901 0.01189858076113125 0.01265615772809529 0.028239822471783457 0.011978775660951381 0.040641137380840076 0.010138342251225074 0.027215316736400832 0.010228131406533458 0.010842509593185754 0.009767025070450727 0.02511645801446126 0.010694798839516389 0.0021072814318327457 0.009275812323313138 0.009975408652514839 0.001726464191940634 0.0018936932703315854 0.013214564574623479 0.04089607996547895 0.003518347085689648 0.0032068811784515677 0.0032068811784515677 0.0010799786906682818 0.0015470393969359217 0.018454043258368358 0.010110055008737018 0.0014220940957523423 0.011157261349311835 0.010146127932141452 0.001858975194081 0.011818802241148528 0.0014685869369427812 0.0020614353795362778 0.010197005373039657 0.009974098299108475 0.00965511884329312 0.010060174011851032 0.010210969005351206 0.03285007796805141 0.009843005360401696 0.0404085348690954
3.0 0.028128612662966845 0.009442471137597101 0.0 0.006799753265147278 0.00190673107150564 0.010684389165367132 0.010623509996446998 0.0034532442739944325 0.0026656084796602628 0.009485841650953904 0.08533520115355525 0.0023055113374414286 0.04918086220300845 0.002425611922587209 0.00207867050873314 0.010035964076982304 0.03440046593565451 0.0016230196782526692 0.0018368776805834514 0.03501363856310073 0.002317473234959646 0.010433737165219947 0.004916838713331723 0.0034134727375692737 0.0025749615139651696 0.009358318561396205 0.0019303857218397717 0.0020532577488087053 0.00954859323001088 0.0021255404186296158 0.0018487091977402864 0.03455592875772059 0.0031479145258891603 0.0015445633698039606 0.0026312689859157405 0.002844351343192452 0.01330925081133865 0.004060845267210872 0.009907258385110689 0.008523935556081698 0.009638031493886492 0.003245427743833046 0.003027970194514333 0.015799969557038725 0.010170976260315205 0.002295844017670686 0.016128993116545476 0.010123952773331654 0.0024695639538094664 0.036177842859315995 0.010446538379036627 0.0030108660521390683 0.011096504189318505 0.035965252145732235 0.009096305781382319 0.0022468201040206984 0.0021726812935011497 0.0009405583736804869 0.0020951558025660844 0.010202571365397137 0.03520099817861895 0.0038554072118367096 0.004875199827542424 0.0057098753406195114 0.024165206437375644 0.015260334478986087 0.03465732436675538 0.00248129803787522 0.0290066852065258 0.002946883544288386 0.003981470598676363 0.0027522355910651573 0.025724954087272517 0.0030527342301014775 0.010092171302887656 0.0014094414035238471 0.002319492124748322 0.009844155478488506 0.009952408364642298 0.005686338971728197 0.03493356343959898 0.010820954202727245 0.010742166902678894 0.010742166902678894 0.009550645601767098 0.009673670806725612 0.011598667775012068 0.0024587667028217706 0.009331522229807016 0.004244443740606691 0.00840258272010782 0.009958491290701386 0.009491761724995731 0.009689906137240863 0.009906299059172126 0.003814235197195724 0.008471271181391862 0.0007950288092678712 0.0024146299297548683 0.008133091445871952 0.02531516582589939 0.0029343217625991957 0.034412342079430044
4.0 0.03204232387245294 0.013464224437241289 0.006799753265147278 0.0 0.006448283602047324 0.014611409085924065 0.015008309763597086 0.005539940409001846 0.006735800342632527 0.013501605283216797 0.08638982076058987 0.006678474712570041 0.05301147287040826 0.006906372771151685 0.005832470167763275 0.011714434294773757 0.03877252510181942 0.00654342431882932 0.00634223649725028 0.039385763330227655 0.006690632815509783 0.014468195100585099 0.006021846962330043 0.007506403989901083 0.005525615727040974 0.013404815675851625 0.006562645118204372 0.006455728774762318 0.013580338106616498 0.006428192670737142 0.006026545654990969 0.0389278537284992 0.00566879368278958 0.0077080945697868344 0.00619628926697139 0.0062437484040660796 0.016676628332730092 0.006194286394645372 0.013895773830597855 0.011265164699539823 0.013614178713214728 0.005694771366734026 0.005844403924914386 0.018668389363234728 0.014135278697962314 0.00666903578238566 0.01880688260055491 0.01416299272730126 0.006506003244582698 0.040550002333257035 0.01467282068834283 0.006297138595587549 0.014988845027478506 0.040336310916248855 0.01180001754276179 0.006572993202425329 0.006030827812635812 0.006451563856530826 0.00656329815677982 0.014167495723132889 0.03957313102967544 0.006862838271407826 0.007702864132777574 0.007376640166174512 0.026500949505879848 0.018628385696924814 0.039029248424495566 0.006890403934590745 0.03218348741436951 0.006326744454940161 0.0066941281335993925 0.005654722594023477 0.028748997156205408 0.007427517537656681 0.014071271406542608 0.006243303501556479 0.00672346266114994 0.013872954124991108 0.0139893902438996 0.009742588147806312 0.03930497906712824 0.014702081978749997 0.014660882563274184 0.014660882563274184 0.013558902046166312 0.013682733532075067 0.012446927517847976 0.0068517904535562585 0.01339843020733296 0.0058292009998985005 0.011126449749607817 0.013983227937548671 0.012137763890083378 0.013718630251235688 0.013854697997245376 0.006281938242813881 0.011227257384388123 0.007065081073204554 0.006804035202058335 0.010814209583391216 0.029393994290453085 0.005531158550635823 0.03878455555225327
5.0 0.02761031463077517 0.009651600716064631 0.00190673107150564 0.006448283602047324 0.0 0.01086624695385404 0.0098756148223072 0.0031279888765560412 0.0021605540387924504 0.009693288649451834 0.08497245745856313 0.0015751517896589566 0.048664758995731056 0.0014349589498755984 0.001674462373253638 0.009717117169647752 0.0337367454707509 0.001485004809634427 0.0008441351205400738 0.034349398913247606 0.001586776142585504 0.010645004823011311 0.004561039141758521 0.0028778755564356218 0.0022136167115437907 0.009575336556797681 0.001149765565477339 0.0017365018958699178 0.009760945122796426 0.001914182376334398 0.0013679201670607592 0.033892774202614336 0.002792110112434805 0.002830506601549196 0.002208581152717739 0.002511631485527018 0.013332814583462554 0.0036760395403873034 0.010106797006043056 0.008369669521731654 0.009834198508013217 0.002889145648507341 0.002664575103500103 0.015682736345820708 0.010363542812596854 0.0015652888303170492 0.01595774847302287 0.01033839399319203 0.0021603534476093943 0.03551331170540485 0.010715011449245873 0.002599472199857112 0.011268571935274932 0.03530468020566789 0.008931606605681763 0.0015836523842333618 0.0017891524464475825 0.0015442099259586617 0.001160634288956474 0.01039531720136369 0.03453668564548336 0.0034557819566370836 0.004504757537620304 0.005332399422328094 0.023920969631080397 0.01528411573515849 0.0339942101879864 0.0016929948704542987 0.02897620330223645 0.00253459242123584 0.00363239716958318 0.002388692314537165 0.025651536738987304 0.002319027010178859 0.01028901558176025 0.0014470843015336084 0.0015401479674078226 0.010055400506375253 0.010166412813780432 0.005154474560117528 0.03427185616889243 0.01099009952634078 0.010921684959514906 0.010921684959514906 0.00975597207715597 0.00987908981108946 0.01122888820607544 0.0016980031350132888 0.009553818872268825 0.0038706635153962395 0.008243640057792712 0.010167945513290054 0.009311669797437763 0.009901387992197787 0.010094567073845144 0.00349140778346118 0.008320988582705975 0.002176055934049261 0.0016593038823673016 0.00796202636493018 0.024780553897631355 0.0025770000215764657 0.033748344021984095
6.0 0.03681758973553504 0.0030875690317447163 0.010684389165367132 0.014611409085924065 0.01086624695385404 0.0 0.019469619676569787 0.010866104389492467 0.01139476837324626 0.003066225913321445 0.09320405804643844 0.011162137850400176 0.0578494182482755 0.011344428105045122 0.010647123258943361 0.01716700258274545 0.04162200984489552 0.010818910579423465 0.010776202935897584 0.042245492412446725 0.011174029872558121 0.004030886995506654 0.012802426517713465 0.012157090295529718 0.01076914939782337 0.0032003439464785774 0.010946489054325746 0.010929317667466812 0.003135284731744896 0.0108935612229485 0.010622781168338927 0.04176834971662404 0.01119402808009845 0.01140535759236845 0.011161114833480076 0.011117000654613941 0.01011976054593626 0.012256242911410774 0.0025916853917736724 0.010888570969907432 0.0028629974608368677 0.011280425215548617 0.011191025823044626 0.016949773507393975 0.00197011971467332 0.011152745247692178 0.018977038901923253 0.003760275694299625 0.011114721114824963 0.04341559568446332 0.006404525110896737 0.011462444475801501 0.001976492654405561 0.043138559352366865 0.011765699792199845 0.01109072453942624 0.010767373328431553 0.010519329081544189 0.011008664033180376 0.0020253719565746023 0.04243433064964933 0.012226537020798085 0.0130720365759328 0.013822990090508382 0.029173481031784007 0.011990226926141719 0.04186911333794577 0.011350278554400444 0.027541239103119328 0.011417896912527817 0.012005901841093899 0.010940408624875192 0.025510989851293797 0.011905943013944213 0.0024881129188979237 0.01049882845120179 0.0111872138654606 0.0033762502481199733 0.0035727236316467487 0.014418635120378859 0.04212413292892547 0.004075047829935029 0.00099336093027369 0.00099336093027369 0.0030227872550497165 0.0028754461247570487 0.01961437986695251 0.01132160655145352 0.0034700368918415617 0.01232183581161964 0.010895906251087092 0.0034183459711155245 0.012606815525535275 0.0032842951354769973 0.003095825170664257 0.011327035036044715 0.010730655291320938 0.010899393441108851 0.011271684665064653 0.010992366283186221 0.034054554651934354 0.011008843012415725 0.04163641515076014
7.0 0.03605234933526298 0.018258126675747874 0.010623509996446998 0.015008309763597086 0.0098756148223072 0.019469619676569787 0.0 0.011695086081985141 0.010639278632988115 0.018299541441548592 0.09352736498814884 0.009299257680794419 0.057101574560336876 0.010181373884417977 0.010223664173653758 0.01828347039436526 0.04112938294465874 0.010253630413623874 0.009717760220643534 0.04173258309246375 0.009300405826599158 0.01924859633269086 0.013120004729155522 0.011307596999319835 0.010774997768849846 0.018182712020571055 0.010107827880223439 0.010364003899623143 0.01836665829929897 0.010541746246173576 0.009900494178101734 0.04128761290017267 0.011353811427484171 0.011545413403970174 0.010743375344618916 0.011086797402884173 0.02192523308920813 0.012224830483818394 0.01871163117898196 0.01694952362104133 0.018439207598782564 0.011450434703497582 0.011224397120169136 0.024265179775278513 0.018967803940352787 0.009301047877859965 0.024536375532317967 0.01894329185704509 0.01075403300774138 0.042890538233693404 0.01933394620841554 0.011138863139017987 0.019871274258003266 0.04270242201346389 0.017510714368845062 0.009816488805419427 0.010351397469645248 0.010262463477138654 0.009793934216885639 0.01899959377762002 0.04191831834623572 0.01200018755989703 0.013061519557908862 0.013883645383709623 0.03249407397733349 0.02387653384568482 0.0413892391639258 0.009649176768008385 0.037564809113886335 0.011074116926630417 0.01219693455321354 0.010948884979877373 0.034237082900644616 0.009842702178432926 0.018893664173734503 0.010132104679134283 0.00939310464470526 0.01866073639762847 0.018771596423261233 0.013586567027152968 0.04166794511867883 0.01959301135773154 0.01952488713212225 0.01952488713212225 0.018361922871844426 0.018484244953347884 0.01978259117071772 0.009351360310562627 0.018162646821366916 0.012423317980595917 0.01682315510685569 0.01877257063407376 0.017889666118239514 0.018507616068307982 0.018698941693098957 0.01206088443283683 0.016901132898472816 0.010892365493456145 0.009004044878397975 0.01654068104644981 0.03321009422780383 0.011138405319377598 0.04114449651085306
8.0 0.028820263621060556 0.00974505445222179 0.0034532442739944325 0.005539940409001846 0.0031279888765560412 0.010866104389492467 0.011695086081985141 0.0 0.0034467063345120577 0.009780728601899866 0.08443373349979835 0.003366402354257808 0.049827588107180465 0.003588634292048351 0.002545725917754378 0.008100675900027367 0.03541539908255661 0.0032114892619440963 0.003023443974885763 0.03602891706701204 0.003378545171910094 0.010752041206143419 0.003803488976816611 0.004223066181213896 0.0022224678043576626 0.009692029855187662 0.003238949764212108 0.0031271563128891233 0.009863273492024469 0.0030743534304478286 0.002720050481931354 0.03557048537347348 0.002431953457000452 0.0043566574638572025 0.0029975563774741476 0.002781371227254203 0.012777604786648647 0.0036710463168419805 0.010167223104470602 0.007191445212004703 0.009882279585401513 0.002498237899761606 0.0025913018375288525 0.014634731037815797 0.010400140876562117 0.003356951707037901 0.014720194017529054 0.010447455263214625 0.0031537726122027217 0.037193317384277974 0.011008759345206426 0.0032032142163629686 0.011234040647650961 0.03697792037748425 0.007716667907591311 0.0032638903216414307 0.0027109979095921583 0.0031098651713173664 0.0032462041625407854 0.010432527224851884 0.03621632499394023 0.003868917296346395 0.004508379950905691 0.005135585659856726 0.022447352150548466 0.014729738522994265 0.035671862790070064 0.00357605898739553 0.028231656529276603 0.0031842721532546504 0.00325759612055224 0.0023784711662873242 0.02475685194947022 0.004115244581830341 0.010340160538536508 0.0029007570788979684 0.0034094488722414447 0.010155114488639053 0.010273383763485987 0.006471585052528813 0.03594704175861288 0.0109440378102523 0.010913300167230577 0.010913300167230577 0.00983590307222066 0.009959734517920898 0.010831789842869172 0.0035384233427737874 0.009691846513257898 0.0035821599413620626 0.007048949804453225 0.010264425711216656 0.008043122066767765 0.010000982741776042 0.010115158183789878 0.0021057550611489895 0.007156882605890251 0.0037172517793085114 0.003490776923574114 0.006724670739408058 0.0261156441547558 0.0022873985791362003 0.03542748919123298
9.0 0.027657873515511404 0.010190696406339038 0.0026656084796602628 0.006735800342632527 0.0021605540387924504 0.01139476837324626 0.010639278632988115 0.0034467063345120577 0.0 0.01023172731855479 0.08523910755778344 0.002299727305279442 0.048729417903538574 0.002592398702679393 0.0019252177515518554 0.010033786842299858 0.034529697702395216 0.0023467285393701416 0.0020409919329244033 0.03514212623570516 0.002312025578242491 0.011186954927743006 0.004843772744874911 0.0028980783090514113 0.0025068764855341007 0.010117273599766052 0.0023052924193727904 0.0023065630427015864 0.010301693996849548 0.002443579150308097 0.0017124305174734088 0.0346856948169604 0.0030866075028712497 0.0035856590719223133 0.002374772343974565 0.0028613744848087763 0.013796442521498684 0.0039139460608935625 0.010642415923968924 0.008760581562565824 0.010368229080100433 0.00318183667135874 0.0029507566575345534 0.016088746975036823 0.010896357280990067 0.002290481273556865 0.01634166512275071 0.010880524259322143 0.0025876942107708814 0.036305899487630855 0.011277753272851854 0.0027902939725542135 0.011793063970120116 0.03609689000273793 0.00931824125804362 0.0021614694884432677 0.002104869233783852 0.0023060479322715016 0.0022430722628814584 0.010928203416611056 0.035329376870324114 0.003671769590185347 0.004777053456014268 0.005581479304282658 0.024273741038427554 0.015747838775882372 0.03478713868274108 0.0025369794988420284 0.02941772361339 0.002725851458628501 0.003938957351244766 0.002676643825713712 0.026075484729501386 0.0030503012109984705 0.010823531800280423 0.002133231031886982 0.0023665529233982095 0.010595924403842258 0.010708100626666273 0.005179876204048611 0.0350643377387827 0.0115131749673094 0.011449239005901474 0.011449239005901474 0.01029360884712354 0.01041715918795768 0.011488879677813889 0.002487532140020711 0.010097784617206174 0.004125623073698483 0.008632626662252695 0.010708186149703751 0.009691957682650715 0.010441520478148926 0.010625405984974808 0.0038195531348636375 0.008713540001917493 0.002934055985074173 0.0024375087814448894 0.00834605549911293 0.02480578608622057 0.0028701893473041216 0.0345416058212937
10.0 0.035656903473608004 0.0008218346419532688 0.009485841650953904 0.013501605283216797 0.009693288649451834 0.003066225913321445 0.018299541441548592 0.009780728601899866 0.01023172731855479 0.0 0.09209195335555848 0.009992511314098854 0.05668990641416913 0.010172567658726372 0.00949132964674304 0.016103153048033295 0.040434188383182544 0.009639008350584299 0.009603987132509127 0.04105779225162812 0.01000439735678189 0.0024287649619453566 0.011687883469594141 0.010993433746948552 0.009634260053743869 0.001321256229100315 0.009771837050992004 0.009758962044808653 0.0014608287589239904 0.00972382181311374 0.009457517435258796 0.040580428127389094 0.010068552578631304 0.010197811428342765 0.010008192801236472 0.009973567679047037 0.01001961237913003 0.01112305773771547 0.0018556421605930226 0.010149035082278435 0.0015027443224538556 0.01015576161126705 0.010058365196103543 0.016403540806279905 0.0022758288040185537 0.009983115721165094 0.018226020435729684 0.00213113076204495 0.009952119519079816 0.042227967424875765 0.004557675624974111 0.010313998561565677 0.0037374498828709954 0.04195034483533418 0.01101126584041464 0.009922202721534486 0.00960947249855149 0.009329425238706605 0.009837115349899762 0.0023031213518426366 0.04124664869565965 0.011082688512171684 0.011937658760496139 0.012694804366594824 0.028264015859995092 0.011966737396520766 0.04068117577259546 0.010179822726331899 0.027209701144036924 0.010268256194212119 0.010880938203908352 0.009806100848708622 0.025117265695986504 0.01073623328687751 0.0020914204311104356 0.009318087352028378 0.01001688312984124 0.001761214986270243 0.0019323435052191196 0.013255590750805096 0.04093609672835227 0.0034782692075141647 0.003184845352481376 0.003184845352481376 0.0009434772108932385 0.0015542856205654765 0.01849227337518336 0.010151514989223391 0.001526351265793091 0.011195761866152 0.010158123755426865 0.0018855872474068947 0.011833911148261392 0.0015151464701246495 0.00201267542539587 0.010233248594495273 0.009984665810632544 0.009698620787948968 0.010101625648430701 0.010224684740708048 0.032891129848178546 0.009881591933881724 0.040448584538613774
11.0 0.11040739304797242 0.09205439284968439 0.08533520115355525 0.08638982076058987 0.08497245745856313 0.09320405804643844 0.09352736498814884 0.08443373349979835 0.08523910755778344 0.09209195335555848 0.0 0.08519695260256081 0.13116336164217074 0.08542884423653581 0.08434826552233199 0.08963591217289844 0.11729957931469642 0.08507416885023524 0.08486550317474029 0.11791276511772243 0.08520911771653147 0.0930577096696559 0.08503108257753259 0.08599276877867335 0.08420414628006997 0.09199410217972046 0.08508890751136483 0.0849879785872669 0.0921700528657076 0.08497764950795356 0.08454433805916792 0.11745495003497888 0.08446734805793069 0.08624431893974994 0.08462604262194173 0.08487577018114094 0.09528521903636182 0.08378790555889032 0.0924867683745172 0.0898990185624526 0.09220562933536389 0.08450739591420503 0.0845341036437127 0.09728478216029995 0.0927269428040938 0.0851875272403669 0.09743164195762496 0.09275244368237369 0.08505891043399902 0.11907695685412781 0.09325552212176029 0.08461357361697877 0.09358243476059648 0.11886357756678025 0.09043376566159304 0.085089660997776 0.084568069085347 0.08498627958458546 0.08508537169280639 0.09275914273013214 0.11810012525349914 0.08507966831430913 0.08632091421951411 0.08384596103752406 0.1048331974615156 0.09723642927071294 0.1175563478453995 0.08541042144934313 0.11079882080635307 0.0847020913412071 0.08545158306793438 0.084332527317663 0.10736425529972268 0.08594601706464565 0.09266253286392719 0.08478137928319997 0.08524326975223923 0.09246274319366647 0.0925789217240379 0.08820120954787838 0.11783217004893629 0.0932963588139679 0.09325377630419024 0.09325377630419024 0.09214944424956162 0.09227312795136106 0.0829075569375721 0.08537114823359021 0.09198700410361943 0.08361309924407906 0.08975866175175881 0.09257310709937935 0.09076160720431471 0.09230847112224896 0.092446977106217 0.08508587891064204 0.089862141111691 0.08560074619597918 0.08532324662775652 0.08944886771578234 0.10786886455796676 0.08430373864097196 0.11731160201479579
12.0 0.02770762938862771 0.009951075557548004 0.0023055113374414286 0.006678474712570041 0.0015751517896589566 0.011162137850400176 0.009299257680794419 0.003366402354257808 0.002299727305279442 0.009992511314098854 0.08519695260256081 0.0 0.048757238812071654 0.0018969822633654945 0.0018920351235359248 0.009955039332115154 0.03345014233564834 0.0019379236756614758 0.0014202335108961309 0.03406081152954042 0.0004522203726732184 0.01094355646593101 0.004789979349016694 0.002960960818915094 0.0024448754538654582 0.009875795831708223 0.0017993377351098391 0.0020395725192760734 0.010060346647997695 0.0022169275541411744 0.0015680619731565613 0.03360697270347827 0.0030238831559822044 0.0032275560531083713 0.0024102187761383675 0.002757894753039832 0.013611038929099047 0.0038934371004333765 0.01040478183890342 0.008627924099761361 0.01013197556179947 0.0031204782543553106 0.0028941549225518434 0.015945130235007703 0.010660709875809311 0.0005107912807011186 0.016214075883848454 0.010637659441427916 0.0024264800268676834 0.03522353775852409 0.011025209226254343 0.002806250335122759 0.011563389492602341 0.03502036547825357 0.009188683572522852 0.00144443899772842 0.002021065250028379 0.001944278544386023 0.0015151719978089631 0.01069250558487915 0.034247796525194746 0.003668173635715869 0.004730935933641888 0.005552589737104836 0.024168746618678613 0.015562357584169947 0.0337084913647034 0.0014887067433381335 0.029248360271190224 0.0027415069915713575 0.0038673051657491277 0.0026186526376150016 0.025918857208059115 0.0016094326758274782 0.010586699197334598 0.0018115917404189913 0.0012678871363284855 0.010354568236603606 0.010465733072813468 0.005240376269348358 0.03398673406300433 0.01128476310460938 0.011217328352127 0.011217328352127 0.01005490113548859 0.010177698657831663 0.011451891632076425 0.001272335505580112 0.009855384225050126 0.004092444582938646 0.008501363475239714 0.01046669447485489 0.009566999441577781 0.010200929293679793 0.010391425105327375 0.0037323136933640963 0.008579696190689372 0.002574430764745339 0.0011608576830889478 0.008218386518275715 0.024863549926750717 0.0028084165133116963 0.03346262893020925
13.0 0.05821763955062828 0.05664912139796155 0.04918086220300845 0.05301147287040826 0.048664758995731056 0.0578494182482755 0.057101574560336876 0.049827588107180465 0.048729417903538574 0.05668990641416913 0.13116336164217074 0.048757238812071654 0.0 0.04908884842799412 0.048439404547267174 0.056392968186888645 0.08099745716463719 0.04886195912649921 0.04854258123506543 0.08160983547271232 0.048769444066003656 0.05764567201659358 0.05110856151064658 0.04707692961366737 0.04893060139614099 0.0565766227640883 0.048815097266143415 0.04883539215733048 0.05676037392621176 0.04895883840777515 0.04828482788606191 0.0811534578554576 0.04948101743186074 0.050100183902850565 0.048831279299830256 0.04932852078230558 0.06022919715788179 0.04994803106716694 0.05709945939557452 0.055168887047997536 0.056824815942842916 0.04956965613008287 0.049357685943753456 0.06250194355060074 0.057352457633107395 0.048748468011613595 0.06274740949327502 0.057339377676629624 0.04910326557813798 0.08277356237399033 0.057744521488344344 0.04913534449506561 0.0582463507684149 0.08256460087785962 0.0557250637350427 0.048617962522338354 0.04862634770008778 0.04882205458332559 0.04873734367708497 0.05738432802555449 0.08179707620210461 0.04994881478581446 0.05116425475094012 0.0516191040088209 0.07066403037029108 0.06218061510299973 0.08125490310466676 0.049013197193100294 0.07584303010684997 0.049121176816811135 0.05035136313248338 0.049093156038841505 0.07249479489623646 0.04949917735341 0.05728021052964259 0.04865028468554672 0.048840358619431895 0.05705448058003676 0.05716690316611181 0.04554214067755774 0.08153206225081819 0.05796603475677688 0.0579035570823934 0.0579035570823934 0.05675147374841886 0.056874990090532 0.05757206619378111 0.04895597513755574 0.05655806301873166 0.050242769746812604 0.05504023310224139 0.057166580096812254 0.05609643823539602 0.05690014152996308 0.05708090345336677 0.05022369099790323 0.05512243842465133 0.049449115627507215 0.04890312309655645 0.054751992613411356 0.06740993981822932 0.049268425350583726 0.0810094081693509
14.0 0.028034598801882138 0.010130977083641302 0.002425611922587209 0.006906372771151685 0.0014349589498755984 0.011344428105045122 0.010181373884417977 0.003588634292048351 0.002592398702679393 0.010172567658726372 0.08542884423653581 0.0018969822633654945 0.04908884842799412 0.0 0.002128169510336248 0.010177599415383973 0.03402264973516577 0.0020277009024179844 0.0013044823893514287 0.03463545425376949 0.0019082767148435008 0.011123647426573458 0.005018739843561663 0.003298309421861257 0.0026719579461399884 0.010055049536117251 0.0017975913150573355 0.0022164877446614606 0.010240145018179325 0.0023963824546031492 0.0018132280221863986 0.034178702217205474 0.0032506394708906594 0.003348668150600441 0.0026578299017143633 0.00297477287106427 0.013805622805733664 0.00413020649662077 0.01058561562913158 0.008836384007675599 0.010312994611505762 0.003347540172400562 0.0031224046379821208 0.016150712993976406 0.010842117582446326 0.0018870877664250545 0.01642387386673065 0.01081735691222177 0.0026297131768557233 0.03579945647672231 0.011198657861583028 0.003050316914340174 0.011746432735405855 0.035591178083302144 0.00939796131220421 0.001955457186643455 0.002247139704050695 0.002063655626669436 0.0010802997606201917 0.01087389841262909 0.034822763968392845 0.00390833500339129 0.004961537960059711 0.005787430364921454 0.02438447983389322 0.015756928591881526 0.03428013188627131 0.001960708599940429 0.02944716038796226 0.0029854403628437227 0.004091915284669578 0.0028466316365339875 0.0261210169218328 0.002637252218026652 0.01076774753903273 0.0019520729973623134 0.0018173076323810197 0.010534491311411091 0.010645466565875422 0.005575728669723626 0.03455813047529602 0.011467933879996381 0.011399795803159841 0.011399795803159841 0.01023514865366379 0.010358072772735934 0.011684782685797812 0.001993615776580311 0.010034004342545338 0.00432617273196852 0.008710192087272042 0.010646856222079788 0.009777490510047324 0.010380720789188051 0.010573077352253754 0.003952846821673288 0.008787841746642495 0.0026947368927479447 0.0019590630506457936 0.00842816215881146 0.025201112448289542 0.0030354141931172446 0.03403400085199572
15.0 0.027391009595511516 0.009450776569492676 0.00207867050873314 0.005832470167763275 0.001674462373253638 0.010647123258943361 0.010223664173653758 0.002545725917754378 0.0019252177515518554 0.00949132964674304 0.08434826552233199 0.0018920351235359248 0.048439404547267174 0.002128169510336248 0.0 0.009135362265716013 0.03407092913687706 0.001792778737255727 0.0015656544817757682 0.034683638803402514 0.00190421845148276 0.010449031990190191 0.003940141531693909 0.0027216234213971596 0.001570030335502473 0.009379448319814868 0.0017952113964001502 0.001690919499850091 0.009562934601025773 0.0017342064820117069 0.0012138172327118175 0.03422671784756983 0.002162042780088476 0.0029963969766186177 0.0015617058429919645 0.00196513521779685 0.013001170799615117 0.0030285710876582425 0.009899947652646818 0.007911936910850959 0.009624594438900416 0.0022584981494884054 0.0020196587710842734 0.015251220308351764 0.010151844803250765 0.0018826022061976012 0.015487924760620969 0.010142670717294106 0.001805113859742781 0.03584757537423178 0.010555690956049732 0.0019398505645307831 0.01104245922303064 0.035637119249181906 0.008466465451639545 0.0017820682918298705 0.0011629622880059663 0.0017213069160720296 0.0017840175283974705 0.010183743240751927 0.03487093057047372 0.0027850273721880085 0.003852608586277364 0.00469223672886308 0.023398054171843083 0.014952639049351957 0.03432814531162809 0.0021071119413909774 0.02860622767722873 0.0018642328605682768 0.003017847123041425 0.0017412280789879282 0.025251109846997244 0.0026415012360314905 0.01008025910373632 0.0015178247926343792 0.0019396937972027163 0.009856996678407948 0.009969964041737223 0.004984301587911116 0.03460492592364686 0.010761509042453793 0.01070088147292652 0.01070088147292652 0.009552619608363157 0.009676472918526205 0.010596083839722784 0.0020671210981741094 0.009361522651535108 0.003233187950435406 0.007782578432999586 0.00996906832687032 0.008835561721583077 0.00970234495668141 0.009879431692019096 0.0029213892909557768 0.007866090732982618 0.0023465120407331584 0.0020192952164992985 0.007492369153650966 0.024620204155685166 0.0019439209817916844 0.03408284380651047
16.0 0.03539431735303121 0.016068876921548167 0.010035964076982304 0.011714434294773757 0.009717117169647752 0.01716700258274545 0.01828347039436526 0.008100675900027367 0.010033786842299858 0.016103153048033295 0.08963591217289844 0.009955039332115154 0.056392968186888645 0.010177599415383973 0.009135362265716013 0.0 0.04197568644028423 0.009800111251926254 0.009612580109853958 0.04258938290762153 0.009967180232312935 0.01707716731040062 0.010182041056650996 0.010808612407429283 0.00881598465246506 0.016020260344638423 0.009828114899163288 0.009719771256766388 0.01618793635948043 0.009673442709416901 0.009309964074248177 0.04213061542175162 0.008999918809863575 0.010936009255251143 0.009569953676818253 0.009419197587325373 0.018948481229432816 0.0101195445857276 0.016482518643288223 0.01324060745275299 0.01619515440941692 0.009053890565867216 0.009170385421275198 0.0206686521156075 0.0167098196703378 0.00994559343951415 0.020716045587833673 0.016773078100731892 0.009755840691329065 0.04375388536468079 0.017372052072643522 0.009756435509672406 0.017526674554659075 0.04353738019051388 0.013751273115523772 0.009852603142101703 0.00930738272650412 0.00969587946783302 0.009835185236239441 0.01674235097631309 0.04277681644268612 0.010403798174656 0.011076070615573 0.011521847113761755 0.027228386592398277 0.020899108677601114 0.0422319817710982 0.010164694353626675 0.03436231610256128 0.009746449034380666 0.009893173634935453 0.008964378563429923 0.0308376759127785 0.010703805333523154 0.016653297337201438 0.009491667828296222 0.009998094793073488 0.01647911559230837 0.016598708689278888 0.013054788868589101 0.042506797975495544 0.017235221572370417 0.017212234942170716 0.017212234942170716 0.016156374572039583 0.016279632701503233 0.016992878641956782 0.010127052599141116 0.016024893833989237 0.009987584379905035 0.01308549606848166 0.016587599615787728 0.014024565151206349 0.01632537005576981 0.016421705905644075 0.008976043916382952 0.013215707551404297 0.010299068550764609 0.010079325890866159 0.012753913143675168 0.032700233686616606 0.008859070570941263 0.04198781887738878
17.0 0.05994941377113001 0.040394141842772006 0.03440046593565451 0.03877252510181942 0.0337367454707509 0.04162200984489552 0.04112938294465874 0.03541539908255661 0.034529697702395216 0.040434188383182544 0.11729957931469642 0.03345014233564834 0.08099745716463719 0.03402264973516577 0.03407092913687706 0.04197568644028423 0.0 0.03409063457656446 0.033590443992205565 0.001824305017101617 0.03345568065795684 0.04119677109212189 0.03689223298150024 0.03521494377082304 0.03457772039211716 0.04031574438424486 0.033964947196421666 0.03421551395946999 0.04043723342859172 0.03437066391410032 0.03377981140627344 0.0011629152072796106 0.03514123044717319 0.03529897312458083 0.034592145799872236 0.03489080992246292 0.044579597285904854 0.036033186310561766 0.04082242512906181 0.04015153629727508 0.04058367398702638 0.035236907787392684 0.03502463471548967 0.0473522824056224 0.04109574386095742 0.03344668584884925 0.04778988897934412 0.040950475877196815 0.0345886470250995 0.0032386059752969043 0.041698054091454814 0.03497760671344008 0.04205635261055356 0.0028497970131082795 0.040744520716702065 0.033795020789816235 0.0341960611632431 0.03406548514810578 0.0336551032074628 0.041127133327115165 0.002075137047429579 0.035828536332366656 0.03686657913927849 0.03768250381910171 0.05596849957604762 0.04652937833915616 0.0012786256809851695 0.033414644599227925 0.06038599617122743 0.0349148463316869 0.035980777505145195 0.03475153328617261 0.057189373403112975 0.034036110980423806 0.04101310560719247 0.03395427892388844 0.03330144793704025 0.04071662118043684 0.040800394344804425 0.0374917949763664 0.0016925323385584348 0.04181024225349836 0.04168551410196462 0.04168551410196462 0.04049464429337669 0.0405712778824477 0.04357041628679262 0.033459514086565285 0.040334779606143956 0.03621791766542032 0.040039283595985284 0.04079898941648417 0.041170265981479784 0.04061358043264326 0.04086347682417859 0.035790112321540994 0.04009120166732056 0.03466095723178163 0.03325836209804031 0.03979395335511545 0.05711694003847957 0.034928864502925254 0.0011893307453604285
18.0 0.027808511612175697 0.009596833436792383 0.0016230196782526692 0.00654342431882932 0.001485004809634427 0.010818910579423465 0.010253630413623874 0.0032114892619440963 0.0023467285393701416 0.009639008350584299 0.08507416885023524 0.0019379236756614758 0.04886195912649921 0.0020277009024179844 0.001792778737255727 0.009800111251926254 0.03409063457656446 0.0 0.0014312891526643903 0.034703423244448514 0.0019498396475301737 0.010591138714203363 0.004657999961486695 0.0030874293463807566 0.002309950419981957 0.009518456898748473 0.0014588433221837185 0.0017784443901180912 0.009705969077341302 0.0019090896924988804 0.001531510516439561 0.03424644028322283 0.0028868791983356276 0.002552283870078581 0.002340409766772529 0.00258881720280027 0.01332607809370414 0.0037877070220370818 0.010054911054945735 0.008408613300426762 0.009783010978388448 0.002984372559054531 0.0027626668030520177 0.01571218402493211 0.01031343953117092 0.0019282073162297 0.016001072363582336 0.010283574984668385 0.0022163314400626653 0.03586741035125943 0.010639261558142182 0.002724974869427601 0.01122373765988309 0.03565716790087889 0.00897323576342561 0.0018901121974432243 0.0018930238254015602 0.0012575511174638745 0.0017013738984414592 0.010345167761344913 0.034890728275447355 0.0035746528459395487 0.004606973060046569 0.005440409883084443 0.023983380193780116 0.015277327624762721 0.034347864094135594 0.002104990168003699 0.02898334920061603 0.0026603667050348334 0.003723152588300655 0.0024865300676893166 0.02566972327121221 0.002684792425231921 0.010237805682867251 0.0013078916095535763 0.0019444522082254778 0.010000822684370511 0.010111479886171185 0.00536157024048136 0.03462484983181001 0.010945909567062165 0.01087494529416317 0.01087494529416317 0.009702309296734317 0.009825779810535618 0.011333199273190715 0.0020864732767712016 0.00949489241196945 0.003976743660677327 0.008283790553185337 0.010113980360755635 0.009357270251217902 0.009846289200436453 0.01004543340456051 0.003572110388854445 0.008358903963977558 0.0018941570161241858 0.002043332526203843 0.008005292471738146 0.024989513308591574 0.002672365419263318 0.034102421202039754
