0.0 1.0 2.0 3.0 4.0 5.0 6.0 7.0 8.0 9.0 10.0 11.0 12.0 13.0 14.0 15.0 16.0 17.0 18.0 19.0 20.0 21.0 22.0 23.0 24.0 25.0 26.0 27.0 28.0 29.0 30.0 31.0 32.0 33.0 34.0 35.0 36.0 37.0 38.0 39.0 40.0 41.0 42.0 43.0 44.0 45.0 46.0 47.0 48.0 49.0 50.0 51.0 52.0 53.0 54.0 55.0 56.0 57.0 58.0 59.0 60.0 61.0 62.0 63.0 64.0 65.0 66.0 67.0 68.0 69.0 70.0 71.0 72.0 73.0 74.0 75.0 76.0 77.0 78.0 79.0 80.0 81.0 82.0 83.0 84.0 85.0 86.0 87.0 88.0 89.0 90.0 91.0 92.0 93.0 94.0 95.0 96.0 97.0 98.0 99.0 100.0 101.0 102.0 103.0
1.0 0.0 0.0090668797444607 0.007349103742770876 0.0077995511295401365 0.006864742079158613 0.010690890531601889 0.01229562804685759 0.007468899782289156 0.006342591402836257 0.009099618226107751 0.012197664964151807 0.0069379650171816545 0.007036970430238375 0.007541000744443791 0.00649863532429109 0.007821947833282696 0.013621042573872491 0.0069942978835387856 0.0066959400640395315 0.013990888226180016 0.006976791287678079 0.010384939902907994 0.0074912665245948475 0.0057936578851372255 0.006737335991851457 0.009061143544311725 0.007074266794171355 0.007164455883147425 0.009352262754690227 0.006730153561390185 0.006370966182817243 0.013651190917334412 0.006838632346523471 0.008384159440295507 0.006520080089964779 0.006931717995244002 0.009649686836028841 0.007156616589824058 0.010036912335711672 0.008995026772619296 0.009367728603495329 0.006916932957913341 0.00680019693668593 0.00969206563202589 0.010387390948732438 0.006877525856123167 0.010265293901692356 0.010022931393460884 0.006688348273214543 0.014966356632673993 0.010107709622540583 0.007162830475244694 0.01120986591913614 0.01511720926630851 0.008709463047694868 0.006671774145485058 0.0066297949708421944 0.007090356923914886 0.00705113082208989 0.010373882980672615 0.014118192512599525 0.006944783674959069 0.007158967129185267 0.007480722321732261 0.008448996770031645 0.011178591417113625 0.013929794183026133 0.007688478303043933 0.009976596103630647 0.006634618686320365 0.007336702218496461 0.006799769591990808 0.01147968027169095 0.008028014607955821 0.010327933117301147 0.006855656685465352 0.007341164249015868 0.009483550991930987 0.009917009794776332 0.00459508002369876 0.014011571558119579 0.00935511710254269 0.010756060756888723 0.010756060756888723 0.009169443808615013 0.009789319360493574 0.008564535676067003 0.008762761219889212 0.009181810426441828 0.007527655849955184 0.00868448871801227 0.009900793877113328 0.008781594190156188 0.009602755435423679 0.00951400684272203 0.007243010429978486 0.008995440057659227 0.007591496061790408 0.007337835308735965 0.00890845586475254 0.005977436631784074 0.006869056497940842 0.013594243565639577
2.0 0.0090668797444607 0.0 0.0038169198798403683 0.004677583235766769 0.004044219117019936 0.0036771444467198107 0.009619958382293646 0.004014775025018437 0.003975301870392281 0.0008539771564910637 0.009188456600611721 0.004326566964458269 0.009471293370435 0.0047667711512771075 0.0037123467239801953 0.004167467466986038 0.010441755222517252 0.0039629781427933004 0.003906297194348905 0.010825156449030666 0.004365165326693123 0.0030079612617381693 0.004412823167240935 0.004495889000386297 0.00371729241750551 0.0014617700002406264 0.004192246121969133 0.004256120237980622 0.0018100486814572967 0.0037053783385104233 0.0036978985990115537 0.010456005390736175 0.003750711789797482 0.004572585700496701 0.003861981329103676 0.003857896176886401 0.0037995577051112006 0.004329552331698711 0.002654165391319024 0.004090204895218635 0.0019101968097701618 0.0038377171912435046 0.003788028915862345 0.004805654729163545 0.0031729454148829318 0.004265614900557512 0.005567349420338824 0.0026589141394493514 0.0037354829610158034 0.01180828802374206 0.0041432835856238855 0.004488036665199012 0.004363048988813916 0.011865913457078006 0.00391766975197207 0.004103931855949797 0.0037875792069337957 0.0037893867793388145 0.004291155944887749 0.003155231897341286 0.010954280361926494 0.004198651622725742 0.004193620754016785 0.004607600176169962 0.004487813458884252 0.005380883240893619 0.010731903386164842 0.004979159631205294 0.004448157854499285 0.003933155903646721 0.004189736405034785 0.0037920186272429116 0.006328816519632834 0.005420916273595344 0.003028940067392563 0.003729470093400221 0.004645826745514489 0.001968386189004988 0.0024984213253245596 0.005777356396029004 0.01078763154902685 0.002718552577701582 0.003771722207230155 0.003771722207230155 0.001164560340111264 0.002289610628486016 0.00556537651564548 0.0060918400037849076 0.0017792111522101587 0.004639396698628822 0.0038462187357889022 0.002434400010727875 0.004156180883847532 0.0019017794931476643 0.0023568749649539537 0.0038577707822025856 0.004021122287314216 0.003990168919910318 0.004665065532739843 0.004197968967199921 0.0054465676835549915 0.0037941380057550907 0.010422048081899204
3.0 0.007349103742770876 0.0038169198798403683 0.0 0.003439336823530012 0.0020708561013973196 0.00558030425026004 0.007782600653046222 0.0029727068621297533 0.002208892524347446 0.003859961984063286 0.007914064519987864 0.0024663982061283642 0.007761479122542493 0.00283565771034332 0.002068425810351514 0.0033051078165481362 0.008983757831991054 0.0017725947873394304 0.001951686842687466 0.009357198345517608 0.002505188886545542 0.005093388143108536 0.003138796307532335 0.0027308779689781603 0.0022938493440615108 0.0037568733860034783 0.0021630269638863563 0.002345187665669171 0.004064078972407001 0.0018843696662332095 0.0018865546548771112 0.009010835635798011 0.0024067685285333153 0.0018377599349137692 0.0022425220869787014 0.002396785355456593 0.004750485596960046 0.0029409645933132856 0.004848290291024369 0.004258650567760024 0.0042038139946367365 0.002493105308549534 0.0023846942739505564 0.004958250145629421 0.00523826340402401 0.0024051080808429074 0.005563751251276618 0.004706018402021953 0.0020152373665923637 0.010334774830773205 0.004608218885403354 0.0029287417191640663 0.006130641823344515 0.010467944249334907 0.003992073453040359 0.002245157543151669 0.002115395263293839 0.0012007941646066302 0.0023631218546062097 0.0052239169276454885 0.009485018093084963 0.0027021371727333505 0.002774861984608511 0.003253326070878519 0.0038742949529197383 0.0062882033329183535 0.009288869970718467 0.0031093808405831943 0.005132740349642919 0.00236163139532548 0.002868230337508885 0.002374315377891416 0.006700459500169786 0.003567238489456101 0.005161083862246485 0.0016159890741193382 0.0027780520353102474 0.0042053170011543285 0.004607194125210403 0.004036318849657298 0.009366930554613826 0.004321962896555318 0.005651228812064521 0.005651228812064521 0.003944595309418561 0.004554916850465957 0.004275320718353258 0.00422800275926743 0.0038604882909429455 0.003279054026014217 0.003959167749188671 0.004629589755929586 0.004092402333636842 0.0043251376751363094 0.0043963901393802626 0.002739398173196317 0.004247966955742319 0.0008512628459610904 0.002812100624634644 0.004204838782030514 0.003689001600154132 0.0024391761653474375 0.008956757690751707
4.0 0.0077995511295401365 0.004677583235766769 0.003439336823530012 0.0 0.003129215227545011 0.006184058576162079 0.00867364364110925 0.0025102955603470475 0.0028322237138160723 0.004701295263285023 0.006726320962830892 0.0033380406660247133 0.008177811347750766 0.0038345935211231167 0.0024576736905504697 0.0027252333638670776 0.009905501456613786 0.003170079676548296 0.0029751175993845587 0.010277978954613728 0.003376950025049029 0.006030879375012309 0.001990820014087724 0.003338503518533071 0.0022142864855229406 0.004709615204094677 0.0033077962872096953 0.0032967125268997498 0.0049858541173252065 0.0027494839864203747 0.002619792471064865 0.009933052893464535 0.0020916818534881905 0.004442946145530521 0.0024953412304637235 0.002569737394812973 0.004961999707070628 0.0022104105899250675 0.005594402242137045 0.004170841534908038 0.00490434135186325 0.0021462347330581527 0.0021948417096723082 0.004862109644767146 0.005912480380011053 0.0032770143590014162 0.005407737237042734 0.005673601240594503 0.0026610159980342413 0.011254988310810444 0.005920873485061177 0.002975538897112647 0.006676181776730265 0.011390402764565127 0.003868151840090905 0.003086017778933062 0.0026016628087298706 0.0032063996905361894 0.0033511930805676677 0.005899656136614631 0.010405655997371718 0.0025170727571014427 0.0025642973195996663 0.00232729258917818 0.003464707107672436 0.006483369004837052 0.010211214411290118 0.004034055485357973 0.005241920902042105 0.0024658020573789293 0.0026691263663593187 0.0022431206906304117 0.006689205552934757 0.0044389697968898155 0.0058674896906680905 0.002958819517178521 0.0036946356842558516 0.005111250255493518 0.005562508895384163 0.004563864726467441 0.01028906583932149 0.0047811949773286806 0.006244266622015403 0.006244266622015403 0.004758028093177203 0.005383887407078087 0.0029644047046315167 0.005130229979388196 0.004853619516932665 0.00241228478035164 0.003849540251311479 0.0055269804673802134 0.003913049825071251 0.0052305570875573835 0.005011511533928795 0.0024297560206198426 0.004182306487093383 0.0036740350683313475 0.0037097040114023056 0.004055765934099549 0.004271464459495005 0.0021485688683316366 0.00987930045055293
5.0 0.006864742079158613 0.004044219117019936 0.0020708561013973196 0.003129215227545011 0.0 0.005713625119752944 0.007080764038334304 0.002699371436900031 0.001719349893109675 0.004080344330351534 0.007594279689780485 0.0017852457078337842 0.007278121696332193 0.0018556222875829665 0.0016903639802714442 0.0030541145014393173 0.008350701718782154 0.001590079066889705 0.0009525876940333512 0.008722491927137088 0.0018238438444164104 0.0053403715628791044 0.002823348007923196 0.0022253127147172673 0.0019662838930022755 0.004021992168720092 0.0013802561654537374 0.0020303543053893838 0.004316246990702766 0.0016662318730306588 0.001415420167221195 0.008380906058342236 0.002088608564585987 0.0031243337583830143 0.0018434331941109819 0.002088403327759513 0.004745647151204818 0.002599587952012078 0.005033292456842697 0.0041466535794502015 0.004373535582570046 0.00217371944793808 0.0020554262746080142 0.004844799243819951 0.0053971414955676835 0.0017236888446660022 0.005429099169759128 0.004975980504632573 0.0017182339337767985 0.0096991804437369 0.005000621096220235 0.0025477465191062936 0.006243484782851352 0.009850254517761968 0.0038676551495252943 0.0016085373958169263 0.0017545375889113039 0.0017995407292752674 0.0014369191320761053 0.005383354494967291 0.008850112953340443 0.0023386808470268732 0.00243899607760119 0.002918889516020951 0.0036575514520493842 0.006277559619580224 0.008659488959993201 0.0023485684130331993 0.0050915173598000026 0.0019790489166704364 0.002559246495464811 0.00204434408221767 0.006616792502334785 0.0028853692395998144 0.005331757189500378 0.001631558246942731 0.0020304621103924975 0.004449600024079332 0.004873570948018852 0.003541187218556693 0.008743407198398036 0.004405268135318734 0.005780813291991371 0.005780813291991371 0.004155020514968315 0.004769978423770572 0.003953582747630243 0.0035036868806975346 0.004135829732334534 0.002944013772933081 0.00383998950554534 0.004866818697983298 0.003949662813937235 0.004570994621210566 0.004535468182120708 0.0024593126706088184 0.00414316807502752 0.0023168524614652847 0.0020968475210335086 0.0040713417712716915 0.0031862135847422045 0.002119178799062478 0.00832083661093007
6.0 0.010690890531601889 0.0036771444467198107 0.00558030425026004 0.006184058576162079 0.005713625119752944 0.0 0.011276533072728093 0.005469602103547326 0.005610812035233155 0.0036350356915643527 0.01070327924730163 0.005981601760380713 0.011093321294727114 0.006432043181551084 0.005327796171904313 0.005558590747552904 0.012101382535509839 0.005655240674044019 0.005572979033054022 0.012484634509310345 0.0060202094418264455 0.004988567520110183 0.005930277883528601 0.006130559364134651 0.005282143986516505 0.0038950708819396503 0.005867638262390612 0.005919855716312303 0.00392894049276166 0.005369060220453456 0.005342374412053909 0.012115708447061847 0.005292549191298803 0.006381104376750813 0.005467989127001731 0.005447800564603965 0.004463029712560355 0.005876966490186542 0.0032970070306478465 0.005153665270117874 0.0033774997729081775 0.005379119203327889 0.005345456139582368 0.005808455933684037 0.0025479777825279538 0.005920670300791576 0.006651857471073544 0.004696334246419777 0.005377427995159617 0.013467668432861356 0.006359064162793854 0.006079712386047477 0.0023785386281370887 0.013525132399103024 0.004998062608166086 0.0057565622185247415 0.005412014415008945 0.005518598316000052 0.005955358657414249 0.002566576609339925 0.01261373173845687 0.005774934043091023 0.0057537162092330014 0.0061456703472971275 0.005792124019159718 0.006015098383154808 0.012391689711372765 0.0066383922890166725 0.005242583575114089 0.0055281574354493785 0.005729838882186394 0.005353931807488424 0.00722162363895262 0.007075944950241371 0.003086526357917006 0.005426735796439367 0.006304413200428065 0.003962347526792561 0.004562953228903807 0.007406612355684447 0.012446753638042585 0.003353264375801853 0.000993925408122695 0.000993925408122695 0.0035586260224371603 0.0038193792832667585 0.007085392892778129 0.0077492861302814325 0.004275511265107626 0.006179363382263096 0.004907839698929883 0.00431707432906335 0.005262555372502349 0.004202592436160958 0.0034548154556483766 0.0053430838956655315 0.005107738580880542 0.005762871423747348 0.006322159225118017 0.005303901572754104 0.007079543819740427 0.005338974548309289 0.012082002497000094
7.0 0.01229562804685759 0.009619958382293646 0.007782600653046222 0.00867364364110925 0.007080764038334304 0.011276533072728093 0.0 0.008251467950358573 0.007179617566410158 0.009655027371212484 0.013135105202529525 0.006455961854254559 0.01270055293915167 0.007638847899052211 0.0072313004178828685 0.008605972639985221 0.012385642284324844 0.007372075047570866 0.006876497914234976 0.012704099262234685 0.006481964745245178 0.010893287454158816 0.008367320775406962 0.0076486218067020875 0.007515563702637822 0.00960167510276183 0.007364552511310168 0.0076645214199029515 0.009885551322864262 0.007289468778822153 0.006944374496009827 0.012429847396684202 0.00763705600213561 0.008825841170824293 0.007363375303118512 0.007650628962903576 0.01030674325290366 0.008135944081014108 0.010598741509461117 0.009704232481559808 0.0099424659037783 0.007721453955871281 0.007601916968911162 0.010402184147676144 0.010961491956094858 0.00640666467593078 0.0109857744884527 0.010539487590639149 0.00730674993951193 0.01364993423343501 0.010622661720015887 0.008073788935506112 0.01180620405966964 0.013917909208977355 0.009424757528806059 0.006831529564026589 0.007310644987827712 0.007518626014687857 0.007120895450568668 0.010947746252699135 0.012823856078358469 0.007870700430159581 0.007982547423057313 0.008456741178075444 0.00921115339555499 0.011838402891642478 0.012710213148701398 0.007167760733799873 0.010651402513282528 0.007505641575653088 0.008111363118177154 0.007591659118644662 0.012175182925998073 0.007280714513611416 0.010896870642335554 0.007319484902054964 0.006684915868657248 0.010015761749020023 0.010439413265837201 0.008966538891092779 0.012799509582672064 0.009969637358600517 0.011343759581831332 0.011343759581831332 0.009728143391591662 0.010335653069634496 0.009494522992094249 0.007924196343113886 0.009722411944077865 0.008482204565799716 0.00939726389594451 0.010427063028662493 0.009506048862150162 0.010144508864434203 0.010102599014041667 0.008013086250314147 0.009701098298402626 0.008026299992429306 0.0059948862535022535 0.009628129628476638 0.00860856252899924 0.007667396889028619 0.012385600313989406
8.0 0.007468899782289156 0.004014775025018437 0.0029727068621297533 0.0025102955603470475 0.002699371436900031 0.005469602103547326 0.008251467950358573 0.0 0.0024346889860698585 0.004034400879754414 0.007108327838838618 0.0029191223427354335 0.007864121485674478 0.0034074409717781305 0.0020506707111008823 0.0019368823127442654 0.009458183093478435 0.002727818966474789 0.0025470463181484077 0.009831334345756188 0.0029580128226976317 0.005380869039320269 0.0022640722593949844 0.0029534172271290836 0.0017679370958797423 0.004063386756970969 0.002874301150283842 0.0028592617139847794 0.004331981169273098 0.002295854894938802 0.002203499425507748 0.00948494008452389 0.0016737217968794274 0.003963857057827421 0.0021559199290232854 0.002040199022260259 0.004169445951032479 0.0023373038848125876 0.00490770302249801 0.0033158688349017775 0.004208868163353549 0.0017615671637347258 0.0018016849429770727 0.0040112481296503966 0.005211799318484792 0.002858081787347114 0.00454497433525256 0.0050260113837724656 0.0022095272598554507 0.010808722319377084 0.0053470270283474935 0.002707673269379019 0.005950217744940532 0.010939471389016991 0.0030071987745476144 0.0026698111183193676 0.002172107704128493 0.002750167308476976 0.002924803758620779 0.005199271024384056 0.00995910125723583 0.0023398852293708364 0.0022277716240371136 0.002576137938099309 0.0025856932471938505 0.005687694269751622 0.0097629678800967 0.0036103300080406837 0.004428975252640518 0.002168650266345641 0.002092013984656537 0.0018289877826511963 0.005853782137631599 0.0040198687797574385 0.005173066633177336 0.002508040332788155 0.0032716019072588746 0.004454603049299226 0.004913065938092213 0.0042067933373593856 0.009839500069901648 0.004037662213811088 0.005527679072743846 0.005527679072743846 0.004085359315111099 0.004713096325460634 0.0034766871973327933 0.004708403812096617 0.004218683844410626 0.0026109936578584594 0.0029921627619431523 0.004869258765611128 0.0030463392139106326 0.004574783043120563 0.004298987613190119 0.0014810691619135327 0.003329713120183101 0.0032042724404589542 0.0032877384974316325 0.0031889670977696405 0.0038953907583143127 0.0017345900321252697 0.009432344868993766
9.0 0.006342591402836257 0.003975301870392281 0.002208892524347446 0.0028322237138160723 0.001719349893109675 0.005610812035233155 0.007179617566410158 0.0024346889860698585 0.0 0.0040089297699608915 0.007285117301337313 0.0018246256214933358 0.00676805269838445 0.002399190196797245 0.0013701479408128863 0.002795430301344595 0.008502533135099452 0.0018477247788632658 0.0015514849239223628 0.008872528241009665 0.0018636634953479118 0.005290739498793405 0.0025233712143945515 0.0016606336495622607 0.001677766904092045 0.0039658359836551565 0.0019272392443495448 0.0020121262046167675 0.004258720242026242 0.001592449370133999 0.001179342652425707 0.008532759634702373 0.0018001421174534986 0.003247117796097229 0.0014328381821170763 0.00184276491965054 0.004586814084328305 0.002270500702129373 0.004950672512601839 0.003945239172161155 0.004283370406093796 0.0018827578478624683 0.001757664059798797 0.004642745415279922 0.005304248641354278 0.0017637683267107658 0.0052186064203943675 0.004928008521064195 0.001553838580146353 0.009848131983859611 0.0049951810477179 0.002168043887792007 0.006132338098055358 0.009999266658410971 0.0036612888226599857 0.0015495996758749346 0.0014936473793876158 0.001947469882508348 0.0019101260621806806 0.005290674871226883 0.008999869735705832 0.0019859487778508995 0.002130146509010701 0.002596967006450679 0.0034139566557570434 0.0061164379175134825 0.008811374696950347 0.002559724375839875 0.004918213548648012 0.0015994904607533438 0.0022842227371749416 0.0017489968976532252 0.006426608699502023 0.002927579153968761 0.005243400557872112 0.0017123061962815997 0.002214608204983535 0.00439066003479331 0.004822481563204906 0.0030004940619301115 0.008893445896431734 0.004281367552684018 0.00567645154068978 0.00567645154068978 0.004080039555552788 0.004699566768357822 0.0036438479789577885 0.003640114003409658 0.004084012412324079 0.0026220049169290924 0.0036356973294019695 0.00480821576504745 0.003735944343713474 0.004509618139503549 0.004433407576632138 0.002197352752769265 0.003944632352518998 0.002452089645772087 0.0022179070858192526 0.0038613768019903627 0.002632706033375924 0.0018294698000753751 0.00847543148298868
10.0 0.009099618226107751 0.0008539771564910637 0.003859961984063286 0.004701295263285023 0.004080344330351534 0.0036350356915643527 0.009655027371212484 0.004034400879754414 0.0040089297699608915 0.0 0.009212832596237407 0.004361594495558674 0.009503878243187835 0.004802552205661993 0.003744487907112964 0.004182399039285649 0.01047611218544096 0.004000894159091583 0.003942228260944879 0.010859529647817733 0.004400192954622597 0.0030432848680410837 0.004437375218831692 0.004529443579589278 0.003745517669489785 0.0015515351852177124 0.004228849300180224 0.0042919530151612085 0.0018560069810363115 0.0037413179005760955 0.0037322221258887234 0.01049033623031174 0.0037771404340019724 0.004619048749111655 0.0038933710386970287 0.003888143858091093 0.0037674733055719604 0.004356422442298267 0.0026239813821997623 0.004078618333200694 0.001825605972112898 0.003864112997544083 0.0038156718187468807 0.004794570826917581 0.0031323980131989487 0.004300644452095155 0.005560258849862247 0.0026993242245930797 0.003769736252830433 0.011842669765556132 0.004225973219008588 0.004518322800042498 0.004320939173981677 0.01190012146212725 0.003908534504586694 0.004138814921476523 0.0038204322819807273 0.003830059351627564 0.004326874822582991 0.0031147630846678088 0.010988655444042138 0.004227751055774104 0.004221469357944834 0.004633750072486063 0.004496461459439884 0.005350193872409202 0.010766232080585051 0.005014455459943335 0.004423034999584985 0.003963699799899674 0.004216016704266452 0.0038200120608640666 0.006312087924644331 0.005455928618677216 0.002991058710803478 0.0037678905902016413 0.004681080327954355 0.002002562060447669 0.0025409024905176485 0.005810496180332204 0.010821888746782051 0.002667622415087542 0.0037293196995723185 0.0037293196995723185 0.0009923383875677077 0.0022866706243811416 0.005590141398070167 0.006127017913263113 0.0018881276655460487 0.004665691494731646 0.0038360802480390584 0.002460100305865187 0.004150650396114253 0.0019569851612361733 0.002287214728839887 0.003879667719382491 0.004008044411621862 0.00403378649330751 0.0047001973620470275 0.004190589068129261 0.005479992199876996 0.003820800460042029 0.010456433309639997
11.0 0.012197664964151807 0.009188456600611721 0.007914064519987864 0.006726320962830892 0.007594279689780485 0.01070327924730163 0.013135105202529525 0.007108327838838618 0.007285117301337313 0.009212832596237407 0.0 0.007798579494109822 0.012552988105883567 0.008298561473609106 0.006921739915360348 0.00728635275115095 0.014372392793636824 0.007639313938998029 0.007439556533865214 0.014744722331669579 0.007837491225861977 0.010539148051999955 0.006661106809588085 0.007780600391686218 0.00673316658403043 0.009217577000991139 0.007774187683259848 0.007766375650015141 0.009494959454149528 0.007226132825084249 0.00708153423325269 0.014400108446251733 0.006651628815664479 0.008920016887226458 0.006926028348013455 0.0070796558345792085 0.009494161288619303 0.0063461054674235325 0.010109029883740205 0.008713785537261745 0.009420508128814446 0.006706432144130759 0.006713142410243853 0.009403427465268455 0.010429430186950991 0.0077375650467463525 0.009951134013506781 0.010181479324395473 0.00713892045207413 0.015721648972367865 0.010416100494994385 0.007368636555679744 0.01119729590687213 0.015858029053313082 0.008412017060886632 0.007545760040716165 0.007073506261475886 0.007679184834406133 0.007814902204265648 0.010416557088496542 0.014872379203236826 0.006862544259402902 0.00705353282700817 0.006212429499714097 0.008005066793595155 0.01101602420475206 0.014678297765121336 0.008496390571193172 0.009777464686885222 0.006876297991297214 0.007220527480858904 0.006759308147910583 0.011228216060160268 0.008899379480439888 0.010383404754301951 0.0074316658588208595 0.008156709221869764 0.009620796265946868 0.010070754368784653 0.008982476456813184 0.014756415250593142 0.00930528729145905 0.010763838424212926 0.010763838424212926 0.009270481665547005 0.009895841509055581 0.005630318348215695 0.009591842588487588 0.009359768146091303 0.006595923150362424 0.008392658360330459 0.010036657274812247 0.008457029512410326 0.009740085521130393 0.009530490379312542 0.007001957724037859 0.008725070267109515 0.008149339452940607 0.008171252911106859 0.008600833200757045 0.008706002032074773 0.006701031635329347 0.014346129226001628
12.0 0.0069379650171816545 0.004326566964458269 0.0024663982061283642 0.0033380406660247133 0.0017852457078337842 0.005981601760380713 0.006455961854254559 0.0029191223427354335 0.0018246256214933358 0.004361594495558674 0.007798579494109822 0.0 0.007343768034881582 0.0023713567787360798 0.001890875829567193 0.003275541472287428 0.008052362948317723 0.0020558115205364155 0.0015856104783307234 0.008414190012064015 0.000550924112184741 0.005619020992770316 0.0030312608216042014 0.002287276663637012 0.002178707696061941 0.004309411997680521 0.0020574035410369593 0.002335134653672657 0.004599240179000125 0.0019595910718099175 0.0016014109010842794 0.008086793521740012 0.0023009205897037933 0.0035113799976198984 0.0020197994395087992 0.0023153447925294453 0.004997737876220227 0.00279749792884378 0.00530780580053853 0.004385787046254535 0.004647399338629456 0.0023852022019827564 0.0022648438062837766 0.005083686434869198 0.005668402932909019 0.0005438367569178511 0.0056654145511024125 0.005259480083152513 0.001972775213656479 0.009384985673791719 0.005318539354092464 0.002731841347076466 0.0065091283199049475 0.009562772880805481 0.004105256532774238 0.001432047715411347 0.001972313639747326 0.002200427646329278 0.0018598877762670586 0.005654690955064981 0.008540334246913176 0.00253038623725501 0.0026448541650409205 0.0031189028140142863 0.0038836872428916914 0.006528927931937005 0.008366096879940691 0.0021770135450881736 0.005339199296520944 0.0021636486873402704 0.0027760251208060367 0.0022545604614812205 0.006859299453506197 0.002033923550554543 0.005604567794885306 0.00199671350109894 0.0017651181365493304 0.004730941445458615 0.005157064590273427 0.003607099019092983 0.008451622204551243 0.0046681451271900105 0.006048384919714472 0.006048384919714472 0.00443468193184913 0.005047934917728297 0.004157840781392908 0.003068361770253339 0.004427087418023071 0.0031443412439163525 0.004078222678007988 0.005145851860468377 0.004184988453352955 0.004854558849041254 0.004805380835707161 0.002680163224453346 0.004383220431367052 0.0027108153562799752 0.0015748463072948384 0.00430784104511376 0.0032477067959151753 0.002331108210073366 0.008029476875173082
13.0 0.007036970430238375 0.009471293370435 0.007761479122542493 0.008177811347750766 0.007278121696332193 0.011093321294727114 0.01270055293915167 0.007864121485674478 0.00676805269838445 0.009503878243187835 0.012552988105883567 0.007343768034881582 0.0 0.007953848836622236 0.006912409764118634 0.008214822372197363 0.01402717432408791 0.007407690485665343 0.007109228077119268 0.014396937432548534 0.007382425903936013 0.010789712386728136 0.007870954016797074 0.006257705958619404 0.007140707054904856 0.009466176997762869 0.007487816525522823 0.0075784235027016224 0.009756968431957981 0.007142586899236874 0.006788087452565417 0.014057308976140633 0.007237220934359048 0.008796020084846506 0.0069373803415091915 0.007338131351205649 0.010049208494340954 0.007520544523995449 0.01044038744356807 0.009392342501452428 0.009770899197373142 0.007314853844952564 0.007201557766435924 0.01008927655250895 0.010790341677767925 0.007283562597819056 0.010662057928886708 0.010427840914647594 0.007100582933013761 0.015372321943395603 0.010515633702842307 0.0075822753070286025 0.011611864977160125 0.015523209097760244 0.009106498743662072 0.007085343754003269 0.007042938033032173 0.0075031676628515235 0.007463848276384513 0.010776844932954987 0.01452421875314436 0.007349904602680967 0.007559903017088504 0.007832104482702478 0.008843648433102052 0.011577989706426763 0.014335910953674131 0.00809818948677915 0.01037535648202402 0.007050151252832605 0.007737166477639234 0.007202337880257367 0.011877533069790794 0.008423614552941078 0.010731120229561535 0.007268619606327741 0.00775025072974465 0.009888140037443425 0.010321862686107516 0.0052384918953559696 0.014417599048972309 0.009756483971653282 0.0111584120708152 0.0111584120708152 0.009573480605299315 0.010193384375117333 0.0089263219783298 0.009170768913473706 0.009587284678407748 0.007893930217145927 0.00908162606328637 0.01030531636703003 0.009178178542811279 0.010007411085658191 0.009916537804597923 0.007640862784998951 0.00939293936885068 0.008003739797136325 0.007744630440048302 0.009305308516607939 0.0064693774934503675 0.007268148096535779 0.014000486470032566
14.0 0.007541000744443791 0.0047667711512771075 0.00283565771034332 0.0038345935211231167 0.0018556222875829665 0.006432043181551084 0.007638847899052211 0.0034074409717781305 0.002399190196797245 0.004802552205661993 0.008298561473609106 0.0023713567787360798 0.007953848836622236 0.0 0.002393096302192952 0.0037625098818705217 0.008872979079291299 0.002384174278396307 0.00166225771707652 0.00924599643829967 0.002409656249540003 0.0060583516576575465 0.00352850525715787 0.002898093674196029 0.002672574178577981 0.004745995009405982 0.002286702632982961 0.002761205911929873 0.005037742822989619 0.002396301864373845 0.002110097007973242 0.008903271484455832 0.0027948686479364855 0.0038858297662833427 0.0025404096606344998 0.0027986779489207955 0.005460817361938628 0.003302278118142641 0.005753087139214092 0.004858995454149752 0.005093650967942658 0.0028797647543683646 0.002760936532862787 0.005557074601491855 0.006116283582780166 0.0023097576012424967 0.006140811383376488 0.0056961321404916075 0.002436191114829244 0.010223387566770065 0.005736680489178693 0.0032467900343357654 0.006961435816370024 0.01037548110787792 0.004579655985816082 0.002234362428130859 0.002461688382991635 0.002566651773238794 0.0014378555634000523 0.006102513507362109 0.009373797987950344 0.0030396899562043986 0.0031435928733063497 0.0036221248556886007 0.004367011326061531 0.006992567265948454 0.00918185046595874 0.002849061552820294 0.0058057237315371525 0.002678158036127514 0.003266681839510987 0.002750057142643784 0.0073298607532802165 0.0034679760081836077 0.00605123783269434 0.002385503543329971 0.0025466178191836386 0.005170368710847518 0.005594325522440859 0.004215549351981759 0.009267488500771234 0.005122823796658675 0.00649915497142833 0.00649915497142833 0.00487672930149881 0.00549029535151159 0.004657850538072418 0.004046517036182848 0.004861602616569583 0.0036473008451447173 0.004552128455388318 0.00558640654307057 0.004661156724733006 0.005293347735603549 0.005254643804248376 0.003167727079285856 0.0048557217339452435 0.0030808656477152472 0.002645376074343028 0.004783100130821057 0.0038592677125490905 0.0028253405984494427 0.008840656742007213
15.0 0.00649863532429109 0.0037123467239801953 0.002068425810351514 0.0024576736905504697 0.0016903639802714442 0.005327796171904313 0.0072313004178828685 0.0020506707111008823 0.0013701479408128863 0.003744487907112964 0.006921739915360348 0.001890875829567193 0.006912409764118634 0.002393096302192952 0.0 0.0024199323814187 0.0085113223833066 0.0017505894554047871 0.0015338901873539722 0.00888252354617362 0.001929832888900522 0.0050402602891730305 0.0021475990558125864 0.0019132615634841225 0.001259546554574307 0.0037107162962107428 0.0018738526870054496 0.0018559985689504434 0.004002936539853886 0.0013462945590978388 0.0011410887197218656 0.008540442401331885 0.0013986071101070507 0.003097838948691773 0.001162401552361982 0.001439950215222658 0.004269404622077691 0.0019154654043641159 0.00467985215328515 0.0036017761590469276 0.004007720852899738 0.0014830944924595392 0.0013524237365240797 0.0042990346270000805 0.005027218709722664 0.0018298168639970603 0.004869752522434769 0.00467784844964894 0.001244099430635989 0.009858819866851543 0.004772092517613801 0.0018521390401908732 0.005844203618294465 0.010003427691192248 0.0033148449568448906 0.0016348312038759732 0.0010520156650766742 0.0018139095177421866 0.0019087185238667644 0.005013772648605381 0.00901003267295424 0.0016364133541108966 0.001734679434317465 0.0022391425709969055 0.003045616001778587 0.005797639440184023 0.00881886742377158 0.002591239272286337 0.004591972916331908 0.001273626166876143 0.001881400483747523 0.0013370263507917566 0.006090107457783215 0.002993207487267096 0.0049690945222060755 0.0015534742832010754 0.002251199808550817 0.004134145051163862 0.004570529412695978 0.003202405465873406 0.008899369982097494 0.00398524423046832 0.005392478459478576 0.005392478459478576 0.0038134931527923823 0.00443616135588255 0.003278831655406888 0.003685742609416341 0.003831510430532571 0.0022619152148356594 0.003290533064866418 0.004552208577363204 0.0033851414471659288 0.004251404390107134 0.004150548990771781 0.0018089940149066761 0.0036028585016821095 0.0023096274845302656 0.0022660952676787117 0.0035127260656527166 0.0028670952115262462 0.0014269816953814173 0.008484329683008269
16.0 0.007821947833282696 0.004167467466986038 0.0033051078165481362 0.0027252333638670776 0.0030541145014393173 0.005558590747552904 0.008605972639985221 0.0019368823127442654 0.002795430301344595 0.004182399039285649 0.00728635275115095 0.003275541472287428 0.008214822372197363 0.0037625098818705217 0.0024199323814187 0.0 0.009792140046470402 0.0030784625459811237 0.0029023183610815146 0.010165835490946951 0.0033144158130855583 0.0055420951845399635 0.002548594546546241 0.003312209516245601 0.0021605132723842707 0.0042314756748352 0.00322815137977806 0.003218325688071349 0.004490553937948245 0.0026582914779732687 0.00256465168226783 0.009818224664785049 0.002067028252357917 0.004285035103782397 0.002516774530151886 0.002437815101516463 0.004166540169254794 0.0026393774415677364 0.005029418379449884 0.003252807679191198 0.004321737259787101 0.0021483921628300123 0.002186690899555503 0.003926002672294709 0.005317212288021471 0.0032145089854340803 0.0044452079913443205 0.005189901084791691 0.002578192439059721 0.011143527500742389 0.0055847068620071254 0.0030612257410863623 0.0060253665646859324 0.011270328962329792 0.002930845271860461 0.0030274088891103605 0.0025423515787717475 0.003092009677856049 0.003280158272486981 0.005305034513497639 0.010293674100235099 0.002683292444180337 0.0026023479459463088 0.0028590105363545306 0.0023089019721846647 0.005680503407176121 0.010096139995304303 0.003965213117205658 0.004402172141873252 0.002526020239580453 0.0025193732919802994 0.002216517205068479 0.0057935347414108974 0.004375904437528394 0.0052858508612366895 0.0028593741315579334 0.0036266939237632884 0.004609871228238355 0.005075421728475787 0.0045625934498054275 0.010171527023937223 0.004093757978270867 0.005614143495034838 0.005614143495034838 0.004225874155671978 0.004852847881621094 0.003695946450880127 0.005063846659239146 0.004399056644659012 0.002904724254698069 0.002916793515414483 0.0050228973433790805 0.0029385011775705655 0.004732394796094165 0.0043917973502790135 0.001978503034357393 0.0032797954612264982 0.0035338074567376867 0.0036427968679475543 0.003109177282970721 0.0042532009359962444 0.0021264611500844003 0.009766648112229303
17.0 0.013621042573872491 0.010441755222517252 0.008983757831991054 0.009905501456613786 0.008350701718782154 0.012101382535509839 0.012385642284324844 0.009458183093478435 0.008502533135099452 0.01047611218544096 0.014372392793636824 0.008052362948317723 0.01402717432408791 0.008872979079291299 0.0085113223833066 0.009792140046470402 0.0 0.008633802396268304 0.008156855795114793 0.001920461419338798 0.008083620737489085 0.01148941356882548 0.00960343428227297 0.00898273906835359 0.008766705008772099 0.010415617847774183 0.008637504659073562 0.008942716383677265 0.010625860484706966 0.008551849954564924 0.008252253849988254 0.0014208388388358157 0.008879471729299707 0.009998238338379414 0.00864813823566516 0.00890081515926857 0.0112774604217236 0.00938795484068123 0.011384024640115026 0.010770507939743395 0.010774756166493107 0.00896421813923893 0.008851849451041957 0.011468803768740963 0.011768364879094264 0.007997485005943487 0.012071227120006375 0.01120699408044077 0.008575122337802126 0.0031124101566482078 0.011606044367987315 0.009349296113803009 0.01265333906489049 0.0031576600930808482 0.010501630280032826 0.008238530782534014 0.00858814184193277 0.008749101340348208 0.00837473964012858 0.01175430502495929 0.002102111574851113 0.009136755564875443 0.009235363532793419 0.009704259232470716 0.010368066974137254 0.012813795505968424 0.0017197472801572956 0.00822202419003185 0.011654468820242635 0.008782388636874203 0.009349828037967346 0.008842912271119031 0.013215375026232472 0.008962245494347609 0.011696221376701723 0.008571825570456465 0.007944225598823353 0.010737122877629216 0.011134161159999309 0.010296730853572553 0.0019227442439195275 0.010864775198048893 0.012173262952583568 0.012173262952583568 0.01054789866438109 0.01108719878307754 0.010733569577894366 0.00947948298909601 0.01057590676767017 0.009730310522592718 0.010469482633364323 0.01110432375907619 0.010598561731685585 0.010927625799389164 0.010955654536133494 0.009227954532051835 0.010761775117296936 0.009217260073045047 0.007795227158601047 0.010712953472953674 0.0099419244058141 0.008911154834638634 0.0016550497147369229
18.0 0.0069942978835387856 0.0039629781427933004 0.0017725947873394304 0.003170079676548296 0.001590079066889705 0.005655240674044019 0.007372075047570866 0.002727818966474789 0.0018477247788632658 0.004000894159091583 0.007639313938998029 0.0020558115205364155 0.007407690485665343 0.002384174278396307 0.0017505894554047871 0.0030784625459811237 0.008633802396268304 0.0 0.0014877837186092497 0.009005648008852205 0.002094603861304367 0.005263858115275084 0.0028655857389782375 0.0023662597761646047 0.0020076601579896245 0.003932114275679445 0.0016234799515381388 0.002017732675555812 0.004233396077666004 0.001618073789458092 0.001522773677216642 0.008662999039379388 0.0021285436285252137 0.002845293167371466 0.0019195873664407245 0.002115782450181505 0.00471641854046999 0.002651960511279216 0.004963976258498436 0.0041404547579098495 0.004306281235754661 0.0022143992831892938 0.0020990547411970893 0.004838968038447975 0.00533326059159051 0.001994426134140988 0.00542783292583429 0.004893614939016197 0.0017228275230563878 0.00998234032187004 0.004861586887525098 0.002615730557109004 0.006189390989714225 0.010127441425458884 0.0038641511367659438 0.001841464554613004 0.0018015020611786437 0.001486780115699202 0.0019146370723057086 0.005319352641536925 0.009133260316881631 0.002398969952868882 0.0024859771535090964 0.0029687795605313674 0.0036741244613467394 0.006249591767484243 0.00894142104754323 0.0026862945254239974 0.005070115743512521 0.0020472845956225026 0.002594644225124747 0.0020875867042350043 0.0066045443376443295 0.003157495167244324 0.005265355258463753 0.001452381232514773 0.0023570153956902467 0.0043691504088054865 0.004790426872982669 0.0036766140112518986 0.00902283244209997 0.004357008754627415 0.005723196629010052 0.005723196629010052 0.0040781323120007065 0.004694847833223416 0.0039989705270300265 0.0038106626589942023 0.004040189218793119 0.002993923951677021 0.0038353602742713707 0.00478921423367005 0.003950144582226771 0.004487354303443115 0.004475002379562786 0.0024877835840451216 0.004135381153177058 0.002024863682586771 0.002397556021423138 0.004069793455023337 0.003325806453059599 0.002159657110715702 0.008605679101601883
