0.0 1.0 2.0 3.0 4.0 5.0 6.0 7.0 8.0 9.0 10.0 11.0 12.0 13.0 14.0 15.0 16.0 17.0 18.0 19.0 20.0 21.0 22.0 23.0 24.0 25.0 26.0 27.0 28.0 29.0 30.0 31.0 32.0 33.0 34.0 35.0 36.0 37.0 38.0 39.0 40.0 41.0 42.0 43.0 44.0 45.0 46.0 47.0 48.0 49.0 50.0 51.0 52.0 53.0 54.0 55.0 56.0 57.0 58.0 59.0 60.0 61.0 62.0 63.0 64.0 65.0 66.0 67.0 68.0 69.0 70.0 71.0 72.0 73.0 74.0 75.0 76.0 77.0 78.0 79.0 80.0 81.0 82.0 83.0 84.0 85.0 86.0 87.0 88.0 89.0 90.0 91.0 92.0 93.0 94.0 95.0 96.0 97.0 98.0 99.0 100.0
1.0 0.0 0.021153562130884245 0.01751344264089621 0.019451918904682196 0.017088341462697842 0.021888006985870505 0.024064633539015536 0.017438416369879597 0.01674551625072096 0.02114006620469901 0.04087881438848778 0.017145605410173646 0.03366667333491799 0.01755906158268052 0.016859323795770473 0.017786030173107623 0.04945374033729823 0.017246506732382802 0.01698244918697802 0.049940897325193315 0.017152263475307666 0.021994104729767195 0.01794675032783873 0.017134148579780357 0.017218460218607817 0.017097512930953438 0.0212931268741983 0.01696473290308588 0.016719873948702366 0.04951506923337056 0.01729698177905903 0.01841252889878762 0.016963933374564606 0.017102410775601932 0.02057227715518881 0.01765038893178095 0.021262702264185328 0.01898611845966097 0.020967974047046315 0.017359389347231313 0.01725956178670915 0.01935094617752893 0.02164640474244674 0.017127696627957816 0.01893845957162876 0.021830894519472156 0.017005687038155994 0.05104559585464516 0.022880371053946972 0.017226926684223015 0.022343241445452366 0.05089842618244298 0.018847971228936358 0.01700059199048828 0.016862280480506097 0.017175359486446162 0.017207321975742554 0.02165427578286375 0.05010414907735964 0.01762107378402885 0.01769115075274767 0.018110101904771872 0.01821886159604581 0.020871330569466655 0.0497259368366476 0.017536759594417813 0.019984766600420027 0.017180885308946077 0.017222176609137788 0.01720252674514126 0.01971195931309074 0.017634998646765696 0.021502361504794676 0.016996255052102237 0.01730758249056585 0.021429824106962106 0.021691715781424363 0.014296847926083963 0.0499012171617359 0.020712684812637036 0.021949485079009495 0.021949485079009495 0.02107505715277644 0.021250210883356782 0.020356904291159807 0.017751104410622966 0.021309086136056542 0.017687903568553397 0.018847015775388137 0.02155919065859004 0.018768044512121492 0.021192701749839497 0.020963117827067647 0.0174865629119912 0.019272177186377762 0.01776896459781708 0.017336338935112047 0.01893296479692764 0.017297104839855623 0.049598814906037486
2.0 0.021153562130884245 0.0 0.005678327203034107 0.007144569582506897 0.0056513215227130195 0.002571224175471641 0.012771203862958623 0.0049568240242233025 0.005631248989810576 0.0007577362847575458 0.028382398673766837 0.005875914150860601 0.03064344426606215 0.006165769847890093 0.005242605125327437 0.005007294121220314 0.03722137050210304 0.005651193312138373 0.00556901980821484 0.037714515114701905 0.005882391274219238 0.0020967250272364846 0.0057141048600163405 0.005161543620848478 0.005732905461386401 0.005526992668670641 0.0013316632473912293 0.0052920586935918425 0.005326507125168099 0.037276728205227476 0.005184518551428676 0.006470950332459247 0.005414984826697562 0.005167872084904497 0.0037515500591717155 0.005745438683020701 0.0015610672294144347 0.004231230220230739 0.001363002592141331 0.005246257408492029 0.005268230412024035 0.0044660046752901215 0.00212361910177674 0.00585748150614035 0.004447905524148289 0.0019310638917010466 0.005335900776644351 0.03882243658550352 0.00384944969694917 0.005595342051683352 0.0032015045257776133 0.038639129329070716 0.00420668085646167 0.005775750738527329 0.005226994353610105 0.0054384190140025455 0.005826400269100352 0.002124906614455826 0.03787856395705461 0.0058848163877731376 0.0057586660392836345 0.006144037120959959 0.005054666737435744 0.004293073828300457 0.037486910108442295 0.006215448843384316 0.004021678037504927 0.005559185936568827 0.005093149255550846 0.005231644320846503 0.00442027178939345 0.006364174039880207 0.0018682795617118685 0.005322800633634467 0.00599343441231872 0.0014949155201494264 0.00177581427894042 0.007775238108166079 0.03765104335636493 0.0020491210095344853 0.00267421000472599 0.00267421000472599 0.0009322185912238531 0.0014083768359916676 0.008265995582987535 0.006452126289323151 0.0013315325998514288 0.005705053751227363 0.004153865814032823 0.0016585383105224977 0.004397445490413765 0.0011628114187005566 0.0016654806749867752 0.005113862757276856 0.004462981517324195 0.005905608221996244 0.00604066875314101 0.004390605511367208 0.005207106051457962 0.03736882633450524
3.0 0.01751344264089621 0.005678327203034107 0.0 0.004347518795425196 0.0017325624765920714 0.006447561752316033 0.008968883891414293 0.0022878267485128383 0.001977043054334878 0.005668033860988502 0.0257893124909645 0.0020714336790041248 0.027013588699697347 0.002289830499168484 0.0017618293008635662 0.002628763211674892 0.034278941170536203 0.0014833505701697981 0.0016731301360452429 0.03476662673238788 0.0020779207390205466 0.006514037329048282 0.0028496490020032267 0.0020013801887857514 0.0017563397700361381 0.0017125433402138748 0.005813661779591396 0.001543978840632506 0.0016143057247936243 0.03433991023443115 0.002165283864754095 0.001488455899265509 0.0019816795208981025 0.0019204618705339696 0.005239956487908898 0.002646281350698377 0.005804473764852838 0.0037418657472940257 0.005518082880076693 0.0022317234198567307 0.0021420078001313167 0.004101174191991266 0.006196736499587952 0.0020527365388683973 0.0037054968529373934 0.006347673533069524 0.0017198904747545984 0.03587161922189282 0.007290523927167319 0.0022459408613096817 0.0069105335820032095 0.03572234625452773 0.0036085547574837146 0.0019889159832616465 0.0016991171254150048 0.0008536151737436846 0.001957970351094941 0.006204301978994322 0.034929951776319905 0.0026203269713945786 0.002599223052896983 0.0030936966567493007 0.003043194107808584 0.005549334468560707 0.03455072660745463 0.0023933767763438495 0.004689013920873928 0.0021849552130178383 0.002072359567365331 0.002080048433634893 0.0044448326640800714 0.0025610950023069144 0.006047608160065457 0.001279651372143878 0.002173471129275687 0.005952051280694971 0.006209423440509142 0.004112493738418479 0.03472557224594794 0.005301930575591272 0.006510897950036312 0.006510897950036312 0.005607700851624237 0.005783184782725909 0.005314378307745973 0.0026384207059565006 0.0058093248014638825 0.002661829450829791 0.0036053916862256417 0.006083323877240265 0.003540197449862576 0.00571471526988962 0.005525691482498096 0.002331045147939137 0.004025630283019728 0.0007552045891513655 0.002231226872803669 0.0036977513274435957 0.0021672505304918127 0.03442391132693755
4.0 0.019451918904682196 0.007144569582506897 0.004347518795425196 0.0 0.004076837156888103 0.0078432285894827 0.011176228066766006 0.0031771784120706095 0.003953650646140262 0.007127708927412841 0.02637496094240388 0.004270474776202349 0.028928252936920307 0.004582349200598707 0.003510404219657065 0.003379805161040913 0.03642871522381867 0.0041379248773908694 0.003987397736304875 0.03691675365909709 0.004277060363682129 0.007990452341342814 0.00324625790018512 0.0033412745310874986 0.004172680341928234 0.003927279611484095 0.007287501836770766 0.0036945014226256526 0.003679177343864356 0.036489239988364904 0.0032965709924387618 0.0052354400393885385 0.003610460321857401 0.0034246160489576453 0.006414991260819108 0.003468018602682258 0.007235976728670386 0.004737980410227122 0.006932551090450902 0.0033376097339002826 0.0034064056674552104 0.00510760758296324 0.007611001657043124 0.00425202870031148 0.0046776470332389915 0.007828545648141817 0.0036870782848467364 0.03802193265479978 0.008987142972624412 0.0037038148713117933 0.008290430529691199 0.03786988591823048 0.004594700882099307 0.004157368135922216 0.003528595661627689 0.004019622236439521 0.004239400451692736 0.0076191818492784245 0.037080124488589376 0.0039032776811271028 0.003867618750276792 0.0037647126389033433 0.0038838125453846024 0.006703320709250303 0.03670001390378212 0.004621570102942084 0.005789577951870066 0.0037039978757467673 0.0032783196099981232 0.003390858907070273 0.005486883707530633 0.004760822267916021 0.007472093371534039 0.0038070137813105732 0.004397631198096993 0.007422706494389211 0.007688422525618653 0.0060937891131534 0.036873865985627474 0.006636733945368567 0.007902776836029978 0.007902776836029978 0.007057768501968695 0.007232444849437539 0.005627158950773183 0.004853232688798666 0.00732535383156423 0.0033328678362324823 0.00459592686896159 0.007550686948988434 0.004501805664178935 0.007185815028806719 0.006914793385801754 0.0033655294274508203 0.005026663967071646 0.004600082035500275 0.004442822924112969 0.0046754178312746406 0.0033251744621579024 0.036574010495317555
5.0 0.017088341462697842 0.0056513215227130195 0.0017325624765920714 0.004076837156888103 0.0 0.0063954728720340935 0.008349346271432648 0.002027412093322932 0.0015709774229787782 0.005638722828354276 0.025523378692020426 0.001467347049939529 0.026588886313740304 0.0014223207073518415 0.0014524497728756573 0.002376591128701429 0.03370386648533699 0.0013722007520158529 0.0008010057569888367 0.03419128214773899 0.0014736020842449418 0.006489586890127571 0.002576042000094921 0.001722709407079328 0.001074412892421838 0.0014632663033279508 0.0057895244672485635 0.001362770144237472 0.0012281170984942552 0.03376524523727661 0.0018912871034623031 0.002636008654375535 0.001654550539950811 0.001654157659411258 0.005110941229304809 0.0023535959720595717 0.005765136349725985 0.003550076153992176 0.0054728949291080985 0.0019570125279439674 0.0018612320217321794 0.003913348833365755 0.0061512643351810704 0.0014483843397219039 0.003505694332633553 0.006325966340165686 0.0014733831770852718 0.03529613609313795 0.007345635979313963 0.0019301796445601004 0.006852938475975765 0.03514929075844243 0.0034133230470023215 0.0014376537752245136 0.0014047971504140833 0.0013911012351481601 0.0011481242064308624 0.006159049015594043 0.03435457343209589 0.0023153193843220114 0.002312379464566767 0.002804590935569496 0.0028030310276118547 0.0054129618513145475 0.03397610942949232 0.0017342578440811378 0.004533940197440266 0.0018675240842448808 0.0018028069643592458 0.0017992393853051777 0.004269366044893117 0.001954834776895429 0.006005789642821356 0.0012847660102706382 0.0015227039703767445 0.005926587441103057 0.006187181793699689 0.003680997705612985 0.034151827290871725 0.005228819205271535 0.00645748852311584 0.00645748852311584 0.005575026823752556 0.0057500979666794926 0.005031479454090257 0.002006286456105205 0.005800038306842434 0.0023736306426639896 0.003411736116593782 0.006056284042892962 0.0033367533925721497 0.00568964480867884 0.005471603685907007 0.002068994880713871 0.0038354689538084713 0.0019891380287864156 0.0016043807535078974 0.0034995202920321544 0.0018921622301016384 0.03384848390728458
6.0 0.021888006985870505 0.002571224175471641 0.006447561752316033 0.0078432285894827 0.0063954728720340935 0.0 0.013512576453590865 0.005650062225419757 0.006366368761223894 0.00253560752288964 0.02907098991679548 0.00661681034453724 0.03137744853046458 0.00690889403706654 0.005971584480953973 0.005686290170614099 0.03798887337964775 0.006401705424100561 0.00631246702837647 0.038481843889838815 0.006623292600841216 0.0033428886723398735 0.0064159172803385685 0.00587729026559438 0.006478559709236147 0.006268467435816483 0.002648251418741504 0.006033147876570055 0.006063848747652711 0.03804439915492742 0.005893839560703058 0.007249998983707647 0.006141571682456357 0.0058886177238448405 0.004242524924202604 0.00645757074294297 0.0020568934818905107 0.0048225149118981715 0.002328906838976779 0.005955298310862837 0.005982266071684887 0.005040338743228574 0.001651972925267895 0.006598381096353065 0.005046503409344719 0.0031994713388648656 0.006071452936660653 0.03958966923439991 0.005348774019234597 0.006318394860070575 0.0016397801089437017 0.03940727335705529 0.004801358392604704 0.006515744555184801 0.005958203207383644 0.006198696247241731 0.006569200154854973 0.001690670004544783 0.03864586874752073 0.00660427132028623 0.006473980716480709 0.006853992755847055 0.005715725214607299 0.004778393315578618 0.038254610642803485 0.006957184339489518 0.004554841879176132 0.006283329985254389 0.005802955049585584 0.0059468691864261285 0.004972620077300118 0.0071051484784306965 0.002066644329502196 0.006072929205524474 0.006735042048270964 0.002755130905564531 0.0030557034254544806 0.00851059893215182 0.03841893435868904 0.002624417416852008 0.0007800564968668509 0.0007800564968668509 0.0024363974616971873 0.0023900088295281813 0.008971457735860063 0.007193484831360741 0.002936113927448098 0.006414719702094236 0.004745619176570487 0.0028490706546202733 0.005001907442919767 0.002563055151116836 0.0024478220018676056 0.00581288698932007 0.005056189712076678 0.006677268564818595 0.006782012863841145 0.004989599673142872 0.005917349403690951 0.038136305508009616
7.0 0.024064633539015536 0.012771203862958623 0.008968883891414293 0.011176228066766006 0.008349346271432648 0.013512576453590865 0.0 0.009130825969459175 0.008588048375884089 0.01275834781034511 0.032622045870055155 0.007811852467100956 0.03356056761039174 0.0087145776526634 0.008544027777660904 0.009480059481708884 0.03969588066236478 0.008659637533594007 0.008210485880303084 0.04017450962679732 0.007807765838626014 0.013607259410294208 0.009674818780177164 0.008823905879185738 0.00854789390658034 0.00861886787981173 0.012908770403331937 0.008517643730446132 0.008300828244675595 0.03975936340469161 0.008992674809050659 0.009870404609212523 0.008730292047573317 0.008763395192658546 0.012223153854485021 0.009444715813648332 0.012883362547731543 0.010657974286420593 0.012591032847166051 0.009057898714121302 0.008960526626240382 0.011021511082202957 0.013268964874161713 0.007805090498465998 0.010613034236971453 0.013444561728898206 0.0086014831559959 0.0412741722431165 0.014478506826376792 0.009011586654230137 0.013969692398257943 0.04114616136175658 0.010520982930223636 0.008225128851503134 0.008508040994041472 0.008628833845036418 0.008330695733219005 0.01327676928377888 0.040336466756145155 0.009402029519956619 0.009408560208419476 0.00989703596043711 0.009907520350957596 0.012524664200135635 0.039970451502477564 0.008255270669050588 0.011644360953942591 0.008948522511347479 0.008906726850222993 0.008899019322029498 0.011378379084759912 0.00810382993461193 0.013123834538288887 0.00848627201671021 0.007953340796118997 0.01304548194916768 0.013305991343742461 0.01065220151252485 0.040147208527409245 0.012344919892009906 0.013574518114057983 0.013574518114057983 0.012694284529350806 0.012868681451219617 0.01212602165724326 0.008249324158192912 0.01292239714681476 0.009466539638099479 0.010519503868255398 0.013174594963411074 0.01044384208821646 0.012809307136856588 0.012589069414989412 0.009173292091491366 0.01094348188934978 0.009224985330090661 0.0075491034058244345 0.010606974300282727 0.008993272034510919 0.039844551756077595
8.0 0.017438416369879597 0.0049568240242233025 0.0022878267485128383 0.0031771784120706095 0.002027412093322932 0.005650062225419757 0.009130825969459175 0.0 0.001920140894059806 0.004939446196171416 0.02464267785621521 0.0022255715279544605 0.026925478957867212 0.0025342730206616253 0.0014702578317432949 0.0012311168527121968 0.034367492542607 0.002083379058625358 0.0019387087033280806 0.03485563147367683 0.0022321522285914767 0.005803474507241498 0.001733661075884036 0.0012575039787731668 0.0021216789781748797 0.0018722854335333182 0.005100275250215919 0.0016310180634251381 0.0016352194427572166 0.03442791700974932 0.0012187669180395364 0.0031740948298523454 0.001624981149968275 0.0013105751957613564 0.00420476725839514 0.0018498736621213353 0.0050455428906981264 0.002513237811119017 0.004740797089786291 0.0012807231383638075 0.001350297995228511 0.0028849425861452657 0.005419251942556946 0.0022071154744618474 0.002452323378786824 0.005641782673463942 0.001622942225046952 0.03596086475775771 0.006817470142179562 0.0017765502308603534 0.006096051043757007 0.03580821321736035 0.0023692956299001706 0.0021136821394103673 0.00147444148211762 0.0019614555783597984 0.0021916673096221903 0.005427479040182075 0.03501901573052548 0.002036862446052244 0.001857434735626929 0.0022383207081234854 0.0016691629048410754 0.004491493727480714 0.03463867949706795 0.0025754743778421893 0.0035735546803203483 0.0017482930835006766 0.0011243735603006719 0.0013241442169870492 0.003266610842040798 0.0027158679820620535 0.005281122428682901 0.0017478291532589778 0.002351702655013877 0.005235243546710573 0.005501526989242403 0.00406779606044992 0.03481234546654051 0.004438827436819767 0.005709316547011348 0.005709316547011348 0.004868764256675491 0.005043369150954831 0.004362847973704592 0.0028076653674947057 0.0051415904789408155 0.0017915157304772902 0.002371016576218722 0.005362999068208304 0.002275812535633314 0.004998412166684153 0.004721080114146889 0.0010544567157109615 0.002802048368565048 0.002539950910778993 0.002397341668131183 0.002449197746293673 0.0012506833182614682 0.03451282671675325
9.0 0.01674551625072096 0.005631248989810576 0.001977043054334878 0.003953650646140262 0.0015709774229787782 0.006366368761223894 0.008588048375884089 0.001920140894059806 0.0 0.00561781572271668 0.025398634235092477 0.001673748839747538 0.02625498124850585 0.002050641316652047 0.0013052731884677302 0.0022705865693558695 0.0339664739813105 0.0017136318553869906 0.0014685311480381394 0.03445370548491475 0.0016804190620410726 0.00647187516147572 0.002450241583398311 0.0016058062354930708 0.0016942713765304082 0.0015502182735549173 0.005770823640289899 0.001419437815738167 0.0011452027855505427 0.0340277642085676 0.0017752003724642446 0.002876273616470037 0.0014307365173168822 0.0015667870353749842 0.005052531242211552 0.0021973764444271383 0.005740745050228133 0.0034679123404638863 0.005446144056715899 0.001838986046313506 0.0017367859313012074 0.0038326692606355517 0.006124599557796078 0.0016555395069061188 0.0034204793435991566 0.006308606881637334 0.0014566113457784337 0.035558448192742606 0.007355735148035714 0.0017318167424436037 0.006821737775790215 0.03541103525121753 0.0033298545954165183 0.0015357280844137434 0.0013077191336357298 0.0016387998759422387 0.001701327967392481 0.006132465025212013 0.034616968252606815 0.002139948899934206 0.0021754117563451032 0.002653833241966927 0.0027022723919138437 0.005351768114566877 0.034238626753599524 0.002048963891023013 0.004465666061288134 0.0016672437324471712 0.0016963320314122912 0.0016767796382088952 0.004193370181841339 0.00216490880610979 0.005980464102988407 0.001456010988610281 0.0018217676056023306 0.00590756330500946 0.0061694215054821575 0.0033280838913108974 0.03441386904647159 0.005191551563515806 0.0064278780059961495 0.0064278780059961495 0.005552900612152842 0.005728108940847951 0.004889171864858828 0.002269997601390305 0.005786259174652485 0.0022245280454539496 0.003328861930618876 0.006036982059864176 0.003250157688431222 0.0056703822516253055 0.005441511281754241 0.0019646420304440353 0.003753926027229147 0.0022326094673981445 0.0018572885769158852 0.003414917880973825 0.0017749547473093971 0.034111517466293984
10.0 0.02114006620469901 0.0007577362847575458 0.005668033860988502 0.007127708927412841 0.005638722828354276 0.00253560752288964 0.01275834781034511 0.004939446196171416 0.00561781572271668 0.0 0.028364609779083047 0.005863011729776286 0.030629906808411045 0.006153069388422673 0.005228604930900934 0.004988594199142084 0.03721036419090051 0.0056391944768678474 0.005556356287285947 0.03770349680780785 0.005869489271648015 0.0021067324169169906 0.005697543817449441 0.005146297738624576 0.0057204493739329045 0.005514163908283305 0.0013485812044793204 0.005279206748424723 0.0053132855292284745 0.03726573375013039 0.0051686652223110995 0.006461539049353114 0.00540075674133788 0.005153105519820157 0.0037151824240740858 0.005729850266908115 0.0015329284917161186 0.004203922099907942 0.0013050588233645133 0.005230377636718034 0.005252822186800694 0.004438168307966079 0.0020902249644590178 0.0058445794508070505 0.0044217668310914775 0.0019433677272802513 0.005322526328944428 0.0388114117648314 0.003912003595458943 0.005580781690983517 0.0031647739611455512 0.03862817359908457 0.004179874195816568 0.005762768549384845 0.005213206131483919 0.005427322631832741 0.005813673019099224 0.0020916515116536465 0.03786754403559008 0.005869917625465463 0.005743377977085996 0.006128243900642375 0.0050343050871905146 0.004257858358744138 0.03747591726568747 0.00620262065107496 0.003989063382050986 0.005544728395406397 0.0050773415135822 0.005216348637548607 0.004390666966686593 0.006351277718395439 0.001836786954663494 0.005310787804160388 0.005980595143904775 0.0015055031559780899 0.0017892922262112317 0.007761827977847772 0.037640069685472274 0.0020035974923339715 0.0026381796974670746 0.0026381796974670746 0.0008064158798680825 0.0013944312954198533 0.008249780525827897 0.0064392647036788375 0.001406075512266007 0.005689232995566434 0.0041268337361496515 0.0016628472806580578 0.004371829326360769 0.001184231318137767 0.0016143392971697257 0.005097027075832969 0.004435427366267623 0.005895515955620854 0.006027804608246305 0.0043642317487535345 0.005191339737189698 0.03735781633185052
11.0 0.04087881438848778 0.028382398673766837 0.0257893124909645 0.02637496094240388 0.025523378692020426 0.02907098991679548 0.032622045870055155 0.02464267785621521 0.025398634235092477 0.028364609779083047 0.0 0.025716484777062995 0.05031810673234374 0.026028735724521645 0.02496128826290296 0.02462744140832084 0.057852067205563795 0.025584075823519 0.02543393624509964 0.058340248774131756 0.02572306781327065 0.02922912652742644 0.02504895074862731 0.02482422406255979 0.02561925939867491 0.025376499382697325 0.02852587442859545 0.025146010608160456 0.02512669726508258 0.057912446789115606 0.024814391855274974 0.02667464754491056 0.025045036885476917 0.024893530764684268 0.02761214575116421 0.02475907468600488 0.028468715228240314 0.02591399119815516 0.02816301733758526 0.024863304588485496 0.024896071003125297 0.02627825694940293 0.028841356517887894 0.025698043747046075 0.025844674453667556 0.029067594105117472 0.025140674723841152 0.059445504228857735 0.03025456611101823 0.025119925273846086 0.02951595675463924 0.059292577463711436 0.025769393018706076 0.02560342798619945 0.02498180054857931 0.025463807293561326 0.025685792745743313 0.028849621932383145 0.058503638516520705 0.025301258996089475 0.025340611687117865 0.024830900493091758 0.024964957434178214 0.02789742937871477 0.05812320425806587 0.026067615271151923 0.0269766965766913 0.025130062224612205 0.024768483300509708 0.02487597684686887 0.026664423836783715 0.026206752944999266 0.02870386692617364 0.025254626477814037 0.025843682354106976 0.02866064446507184 0.028927277059319877 0.027529872923281754 0.05829678083718662 0.027856153051549766 0.02913000255569422 0.02913000255569422 0.028293255954230608 0.02846759019618776 0.025281471799612945 0.026299258841529654 0.028569830599978276 0.024693232453203817 0.025770334025341048 0.028788199603351803 0.025666994842522894 0.028423967016009362 0.02814173877118545 0.02482226169754884 0.02620399352657913 0.026041184971574677 0.025888777718435802 0.02585016364105889 0.024837787832173705 0.057997426109851744
12.0 0.017145605410173646 0.005875914150860601 0.0020714336790041248 0.004270474776202349 0.001467347049939529 0.00661681034453724 0.007811852467100956 0.0022255715279544605 0.001673748839747538 0.005863011729776286 0.025716484777062995 0.0 0.026642052428522876 0.0018475860385416785 0.001636881452196412 0.0025751653328569234 0.033426141415852664 0.001764367075054979 0.0013314020090334638 0.03391180067924714 0.00043845476263316627 0.0067136211345947445 0.002768931158828817 0.0019178769598590384 0.0016589535909803457 0.0017166763399928155 0.006014105246269011 0.0016151119433654576 0.0013928207900443974 0.03348826898355509 0.002086828037612627 0.0029729720443616194 0.0018217219782577475 0.0018579256439103554 0.005323726844077312 0.0025378838540035913 0.005988011898511933 0.0037557610970201695 0.005695229872307434 0.002152014955179967 0.0020543747257256023 0.004119475888700701 0.006373402839335674 0.0005013175344444273 0.0037104665110835287 0.006550534482824569 0.0016971502555425018 0.03501566166813283 0.007582849782883736 0.002103611230955607 0.007073659103481938 0.0348735747370282 0.0036186175313562934 0.0012859534159035228 0.0016018647156453465 0.0017313109909792915 0.0014689956484180422 0.006381214226112302 0.03407484264052598 0.002494621320967512 0.0025021004553429267 0.002990377446942666 0.00300316101096371 0.005624913231236886 0.033699234618884924 0.0015231506196385358 0.004743777332575853 0.0020404875155691574 0.0020010901724040048 0.001992880033775405 0.004476892789486531 0.0013101726464729221 0.006228379320605201 0.0015866492426364863 0.00125513251757264 0.006150930261174657 0.006411761966846827 0.003732485647758391 0.03387544274607612 0.005447948285296628 0.006678678112596332 0.006678678112596332 0.005798879321033006 0.005973656574463068 0.005219664050414456 0.0016011808529225145 0.006027143632518963 0.002559929886115718 0.003617208359463768 0.006280283493903926 0.0035411127925230497 0.005914302198002472 0.005692907896695978 0.0022679745504267067 0.004041340118658331 0.002327559050519422 0.0011358893459321902 0.0037044757936323114 0.0020873770837185335 0.03357173540934408
13.0 0.03366667333491799 0.03064344426606215 0.027013588699697347 0.028928252936920307 0.026588886313740304 0.03137744853046458 0.03356056761039174 0.026925478957867212 0.02625498124850585 0.030629906808411045 0.05031810673234374 0.026642052428522876 0.0 0.027059244087528227 0.026359377028357826 0.027271358063734357 0.05894932699058014 0.026747051010743247 0.02648292951976792 0.05943647999214122 0.026648616617365162 0.031484028938831385 0.0274228207333263 0.026627273564003337 0.026719117714798575 0.02659823132913758 0.030783038576007928 0.02646435144659564 0.0262229636605664 0.059010650559596305 0.026787000208596742 0.027912537713401565 0.026466096466272234 0.026597183192979715 0.03006035744787389 0.027105077490053264 0.030752358075245935 0.028473109322099305 0.03045752696875675 0.026848985916433126 0.026751505450028253 0.028837986613414607 0.031135954954821892 0.026624289109884007 0.028425290691993985 0.03132083903184858 0.02650506039122417 0.060541172660781406 0.032371687976980715 0.02672981762666011 0.03183258163871103 0.06039397534291544 0.028334897803512466 0.0265016629592186 0.026362022816922608 0.0266756247758106 0.026707378149545782 0.031143829775283686 0.05959972995223287 0.027113267922478104 0.02718270556041125 0.02755976470237919 0.02770471785368599 0.03035928048067215 0.05922151792933565 0.027035066527298 0.029472389124770466 0.026681736672978434 0.026713251544051575 0.026695256591011598 0.02919921921485295 0.027127055680864577 0.030991973836645557 0.026496400097236836 0.02680560291581859 0.03091971588155871 0.031181650980457096 0.023975388684632205 0.05939677782196505 0.030201747364822867 0.031438898737757265 0.031438898737757265 0.03056483120327457 0.030739976465630356 0.029811288256900194 0.027248428146077284 0.030799276702137165 0.0271469954575465 0.028333970140863828 0.03104906242443189 0.028254809659786318 0.03068260244361639 0.030452514597656057 0.026975399394869242 0.028759197533962937 0.027269069082612403 0.026833038458878255 0.028419843818306353 0.026787501480246473 0.05909441936505637
14.0 0.01755906158268052 0.006165769847890093 0.002289830499168484 0.004582349200598707 0.0014223207073518415 0.00690889403706654 0.0087145776526634 0.0025342730206616253 0.002050641316652047 0.006153069388422673 0.026028735724521645 0.0018475860385416785 0.027059244087528227 0.0 0.0019548377202729394 0.0028835616195850844 0.03404392363502726 0.0019522130142845297 0.0013064473078910448 0.034531522024710465 0.0018535814936692409 0.007003450800157109 0.003081332367997125 0.0022286544351766448 0.0017542283150873174 0.0019864680208751956 0.006303818341208137 0.0018873600448174634 0.001721288362659154 0.034105326700912396 0.0023973593425908706 0.0031925268804458493 0.00215215664636325 0.0021627802579326193 0.005621957720141568 0.002856329994000477 0.006278995143165975 0.004059074597915376 0.005986637905542321 0.002462921632058822 0.002366570677800859 0.004422472569298407 0.006664916189045782 0.0018285402145756698 0.0040144330189578505 0.006840063141671297 0.0019881325108510456 0.03563647896350276 0.007864753978290607 0.0024296518169709992 0.007366187718735057 0.03548987498082897 0.003922210370597597 0.0018597992108251651 0.001910883941846797 0.0019489203758481406 0.0010930196428941864 0.006672708470507157 0.03469483940802797 0.0028165320416397195 0.0028166915091087097 0.003307774089419669 0.0033104483605055704 0.005923741011936993 0.03431618645972945 0.0020591843363817752 0.005044118685620342 0.002366835001735363 0.002309720962519808 0.0023047221787734565 0.004778887602733921 0.0023322870539083454 0.0065195710010325925 0.0018274171134016193 0.0018570940023518237 0.006440773168127051 0.0067013509786316774 0.004150174213438813 0.0344922222603877 0.0057416411962589245 0.006970869424526262 0.006970869424526262 0.006089232624651317 0.006264125624772847 0.005535374402255957 0.002360655404638784 0.006315388184839798 0.002876962274003376 0.003920673986782405 0.0065703126619176405 0.0038453747143304823 0.006204050287484129 0.005985048080860447 0.002576115861799899 0.004344520492638542 0.0025461989777828334 0.0019631084260107318 0.004008311284327552 0.0023981345047712904 0.03418818014152497
15.0 0.016859323795770473 0.005242605125327437 0.0017618293008635662 0.003510404219657065 0.0014524497728756573 0.005971584480953973 0.008544027777660904 0.0014702578317432949 0.0013052731884677302 0.005228604930900934 0.02496128826290296 0.001636881452196412 0.026359377028357826 0.0019548377202729394 0.0 0.0018242091001662887 0.03387614363705538 0.001529418604393637 0.0013610337178187326 0.03436367530198059 0.0016434835094810661 0.006084831159693719 0.00200711400778392 0.0011366662785847054 0.0015526013733039717 0.0013095568585025745 0.005383103333218321 0.0011124196104882397 0.0010271710756944198 0.0339371784268891 0.0013166456574236415 0.002658536578872748 0.0010793425573795735 0.0011150668485337308 0.0046376382983529495 0.001771529613995123 0.005349166116230167 0.0030367266354028345 0.005052939212639277 0.0013812255793242724 0.0012743948366307906 0.0034025234111619562 0.005731477205004627 0.0016184412027121509 0.0029872247884776236 0.0059217416473297535 0.001097622900300247 0.035468582084828004 0.0069880809581131555 0.0013429031460149912 0.006425520881765224 0.035319624668497855 0.002897777065181812 0.001521091466525435 0.0008365638653199982 0.001425823585886922 0.0016110541722565083 0.0057393974734258855 0.03452697882557316 0.0017209272348892857 0.00172091681788809 0.0022252450525333534 0.002258689129679744 0.004934967808456876 0.03414801051133662 0.0019902934929795155 0.00404401144840643 0.0012746519419166505 0.0012390879837214513 0.0012097201617194027 0.003766428329019588 0.002127506811601433 0.005588249204184631 0.0012131821101436825 0.0017659968345090336 0.005519624015841287 0.005782306422493243 0.0034709355119286727 0.034322823441690645 0.004791145357186263 0.006032751123133586 0.006032751123133586 0.005162858476138864 0.005338165546390661 0.004456573533048652 0.0022209120956897636 0.005401977044220161 0.0017945841126039697 0.00289719425029078 0.005648870357810368 0.0028159594009242624 0.005282293232806781 0.005046019176435289 0.0015134593770560097 0.0033231604865377115 0.002016739689049217 0.0018104910180092894 0.0029820606441127856 0.0013155639473686961 0.034021228045838764
16.0 0.017786030173107623 0.005007294121220314 0.002628763211674892 0.003379805161040913 0.002376591128701429 0.005686290170614099 0.009480059481708884 0.0012311168527121968 0.0022705865693558695 0.004988594199142084 0.02462744140832084 0.0025751653328569234 0.027271358063734357 0.0028835616195850844 0.0018242091001662887 0.0 0.03468445422460828 0.0024309920176449583 0.0022880453246674724 0.03517279811142006 0.002581741831856693 0.005855165241346362 0.0020039443111813104 0.0016225879511750398 0.0024705700638787756 0.002223619657325232 0.005151528260446521 0.0019839223326651202 0.001986407306158247 0.03474467029879844 0.0015812701194346142 0.0035113439621125564 0.0019715788638656542 0.0016795987826178013 0.004197458460368099 0.0021482058732715456 0.005088797201542865 0.002472979921903151 0.004780800996977145 0.0016379138500061813 0.0017100047751620918 0.002842415658747991 0.005459138864860002 0.00255671152681684 0.00240302270702639 0.005694003674617632 0.0019781179455620745 0.036278141515481574 0.006910000971869678 0.002115871507636726 0.0061291522667235206 0.036124228294010914 0.002326703116058596 0.002463593530210681 0.0018297236007645476 0.0023058045971293996 0.0025410396052708527 0.005467486271403702 0.035336209584307714 0.002368517367268296 0.0022099340919410557 0.002522580300209725 0.0015192740128480153 0.004479958479924429 0.03495540912991274 0.002924805152349854 0.003551712662572877 0.002091380056113725 0.0015064583340724698 0.0016858971538002837 0.0032323195068103827 0.0030653794235874533 0.005323010925176376 0.0020964607681139766 0.0027010836567025534 0.005285880663510635 0.005553470217684119 0.0044169468522686234 0.03512868066853937 0.004463108542331944 0.005744797187513244 0.005744797187513244 0.004915907484247722 0.005090037496843142 0.004591954176802953 0.0031571075865001394 0.0052015011031509885 0.002080565726009769 0.00232876257737406 0.005413034463520764 0.0022239290908089987 0.0050493472459521085 0.004756072740667805 0.0014640429472891174 0.002763635998867992 0.0028799038605325337 0.0027467194987362623 0.002405466295365144 0.0016128010790343074 0.03482987685484672
17.0 0.04945374033729823 0.03722137050210304 0.034278941170536203 0.03642871522381867 0.03370386648533699 0.03798887337964775 0.03969588066236478 0.034367492542607 0.0339664739813105 0.03721036419090051 0.057852067205563795 0.033426141415852664 0.05894932699058014 0.03404392363502726 0.03387614363705538 0.03468445422460828 0.0 0.034003477102335894 0.03357463289957913 0.0018902094990739526 0.03342642225478036 0.03789659477365043 0.034935035707774925 0.03411602812442154 0.03390266534170273 0.033966123630525896 0.03729867616336815 0.03385061617618549 0.03366981152739926 0.0012564781828494423 0.0342690499189967 0.03516772606651877 0.034062858767229406 0.03406180735249516 0.036994431132235814 0.03473404009935903 0.03732833641780167 0.03565101533202268 0.037075575754149215 0.0343339555845182 0.03424964291722501 0.03600030539245108 0.03772968908432804 0.03341383180665045 0.03563423198624928 0.03777383119141771 0.033933200573524114 0.0032298803951090888 0.03903674760849782 0.034332593438865494 0.038466730650499534 0.0029179397904984736 0.03552613028933971 0.03368860395997188 0.033840954845470825 0.03395348685215968 0.03367855341124618 0.03773698641893923 0.0021123149366808064 0.034711514037476875 0.03470261558194172 0.03518040650364154 0.03507075141168489 0.037321653720757415 0.0014844265943756776 0.03348382385255581 0.03650767952175991 0.034272476376041874 0.03418222962873517 0.03419076586184171 0.036313496864938 0.03377449265436247 0.0375770480021029 0.03382033359692653 0.0333249247044604 0.037423248200994186 0.037654525940856956 0.03604567791887495 0.001798916993148117 0.03692118598325783 0.03805603384676387 0.03805603384676387 0.03715009474024785 0.03728674494195612 0.03739758881460973 0.03382656285544153 0.03738299902744961 0.034748941176093534 0.0355190764342407 0.037527640941081006 0.035477897312911524 0.03723188205249934 0.03710148343537437 0.034422235908569326 0.03593087362387892 0.0345296475402651 0.03326875332099878 0.035622711941521626 0.03427205211871718 0.0016031765494742
18.0 0.017246506732382802 0.005651193312138373 0.0014833505701697981 0.0041379248773908694 0.0013722007520158529 0.006401705424100561 0.008659637533594007 0.002083379058625358 0.0017136318553869906 0.0056391944768678474 0.025584075823519 0.001764367075054979 0.026747051010743247 0.0019522130142845297 0.001529418604393637 0.0024309920176449583 0.034003477102335894 0.0 0.001327753720447758 0.03449094033054932 0.0017708241141397747 0.0064899554568339755 0.002638168481525 0.001784122842825142 0.0013512686487130096 0.0014849281297949178 0.005789190145527222 0.0013535852438603252 0.0013512592616954575 0.03406466863959542 0.0019515351500844977 0.002392353461581207 0.0017448358250489564 0.0017062921543510683 0.005135550252287627 0.002425304643947492 0.005768291705991552 0.0035897529222043666 0.005477337626229605 0.00201780015802289 0.0019245260269430547 0.00395207896524645 0.006155893161464043 0.001745610702858301 0.0035472996819821793 0.0063256023428683444 0.001506646670236849 0.03559581839847557 0.007321241806467458 0.002013946022892489 0.006860484337319454 0.03544786910449838 0.00345382696892085 0.0016904977935719469 0.0014705819066407576 0.0011394927615067142 0.001624581469727257 0.006163624880772312 0.034654237140337336 0.0023929955472339684 0.002379283732427847 0.0028745698120264396 0.002854386970082532 0.005439338236989465 0.034275515261680614 0.0020779475415149268 0.0045648049433346174 0.0019520443003076607 0.001860096902095508 0.0018621964883593876 0.0043051281838633985 0.0022538065039681004 0.006009531815158203 0.0011755937175262354 0.0018592363819595926 0.005926668171628589 0.006186773695599508 0.00384338905436391 0.03445075681038401 0.005239998388809744 0.006464034465415335 0.006464034465415335 0.005576365357229517 0.005751820357434073 0.00509864654384469 0.002326948213993551 0.005795022007914086 0.0024430956044577193 0.0034518621384230924 0.006056881772883448 0.0033792335402488653 0.005689265768111837 0.0054782014068415555 0.00212452239635225 0.0038747531236306976 0.0017416825230655852 0.0019206850496705057 0.0035407439590491377 0.0019528543376672314 0.03414834506580565
