0.0 1.0 2.0 3.0 4.0 5.0 6.0 7.0 8.0 9.0
1.0 0.0 0.0011998269078181264 0.001934246548320845 0.0009169606251727742 0.001083342247443917 0.001584030481679956 0.0017081425727384818 0.0009829687573216547 0.0010433456864605418
2.0 0.0011998269078181264 0.0 0.0014129817008114 0.0012061721506471412 0.0013103392246731037 0.001119536106603924 0.0022398456980980714 0.0011459499893711267 0.0015948315548830155
3.0 0.001934246548320845 0.0014129817008114 0.0 0.001941515204486466 0.0020452718275762913 0.001704508936875126 0.0029724166804435516 0.0018619400569048147 0.002326640688245571
4.0 0.0009169606251727742 0.0012061721506471412 0.001941515204486466 0.0 0.0005853471928301331 0.0015234608784533846 0.0018320431450830903 0.00120156516420451 0.0012650510071600886
5.0 0.001083342247443917 0.0013103392246731037 0.0020452718275762913 0.0005853471928301331 0.0 0.0016130681258783334 0.0020040225085766927 0.0013449193351828582 0.0014332796499146963
6.0 0.001584030481679956 0.001119536106603924 0.001704508936875126 0.0015234608784533846 0.0016130681258783334 0.0 0.0026056583570351743 0.0015843048729823133 0.001972988434795183
7.0 0.0017081425727384818 0.0022398456980980714 0.0029724166804435516 0.0018320431450830903 0.0020040225085766927 0.0026056583570351743 0.0 0.002059075118883309 0.001669442139832235
8.0 0.0009829687573216547 0.0011459499893711267 0.0018619400569048147 0.00120156516420451 0.0013449193351828582 0.0015843048729823133 0.002059075118883309 0.0 0.0013620286569012495
9.0 0.0010433456864605418 0.0015948315548830155 0.002326640688245571 0.0012650510071600886 0.0014332796499146963 0.001972988434795183 0.001669442139832235 0.0013620286569012495 0.0
