0.0 1.0 2.0 3.0 4.0 5.0 6.0 7.0 8.0 9.0
1.0 0.0 0.0010149378669207822 0.0016444613677393132 0.0009155489624975968 0.0010023962270605906 0.0012768698027798477 0.0011838796242383733 0.0009408552663270336 0.0009574709001939087
2.0 0.0010149378669207822 0.0 0.0012099713632488184 0.0009643291025965186 0.001020634352277175 0.0008922482187343093 0.001386889250199315 0.0008881081647169268 0.0011899363516021245
3.0 0.0016444613677393132 0.0012099713632488184 0.0 0.001595771417463518 0.0016511840265213131 0.0014199936350864717 0.0020112586067519327 0.0014937015470804775 0.001814059423876432
4.0 0.0009155489624975968 0.0009643291025965186 0.001595771417463518 0.0 0.0005128195201638587 0.0011677746434805535 0.0011688721209578631 0.0010262313945025947 0.00104707020687445
5.0 0.0010023962270605906 0.001020634352277175 0.0016511840265213131 0.0005128195201638587 0.0 0.0012130245356193094 0.0012589304163495192 0.001098712822164999 0.0011348673381799128
6.0 0.0012768698027798477 0.0008922482187343093 0.0014199936350864717 0.0011677746434805535 0.0012130245356193094 0.0 0.0016231334039243446 0.001197946286778894 0.0014429176959478486
7.0 0.0011838796242383733 0.001386889250199315 0.0020112586067519327 0.0011688721209578631 0.0012589304163495192 0.0016231334039243446 0.0 0.0013398842161207421 0.0010118866682016646
8.0 0.0009408552663270336 0.0008881081647169268 0.0014937015470804775 0.0010262313945025947 0.001098712822164999 0.001197946286778894 0.0013398842161207421 0.0 0.0010970947825670496
9.0 0.0009574709001939087 0.0011899363516021245 0.001814059423876432 0.00104707020687445 0.0011348673381799128 0.0014429176959478486 0.0010118866682016646 0.0010970947825670496 0.0
