0.0 1.0 2.0 3.0 4.0 5.0 6.0 7.0 8.0 9.0
1.0 0.0 0.0011711879708286048 0.0019867739912962676 0.0008720486128035562 0.0009788526710295972 0.0014065727587287183 0.0011575078589764554 0.0009537125397218651 0.0009943944487228642
2.0 0.0011711879708286048 0.0 0.0014582259548130386 0.0011105487424485458 0.0011675535427003545 0.0009585659249257482 0.001610768972102247 0.0010540682298359827 0.0014655257839100491
3.0 0.0019867739912962676 0.0014582259548130386 0.0 0.001920802122203737 0.0019764735246636444 0.0016460454929459116 0.002423954330574761 0.0018666941245465123 0.0022794427882874193
4.0 0.0008720486128035562 0.0011105487424485458 0.001920802122203737 0.0 0.00047830432536207857 0.0012813133014176839 0.001205861860388304 0.0010818032625269048 0.0011364092827996495
5.0 0.0009788526710295972 0.0011675535427003545 0.0019764735246636444 0.00047830432536207857 0.0 0.0013261298753184892 0.0013192219513040206 0.0011695179919025528 0.0012454007401621777
6.0 0.0014065727587287183 0.0009585659249257482 0.0016460454929459116 0.0012813133014176839 0.0013261298753184892 0.0 0.0018304968237762677 0.001358142000516991 0.001698659646195461
7.0 0.0011575078589764554 0.001610768972102247 0.002423954330574761 0.001205861860388304 0.0013192219513040206 0.0018304968237762677 0.0 0.0014232734396441744 0.0011031008813877244
8.0 0.0009537125397218651 0.0010540682298359827 0.0018666941245465123 0.0010818032625269048 0.0011695179919025528 0.001358142000516991 0.0014232734396441744 0.0 0.0012275340046647963
9.0 0.0009943944487228642 0.0014655257839100491 0.0022794427882874193 0.0011364092827996495 0.0012454007401621777 0.001698659646195461 0.0011031008813877244 0.0012275340046647963 0.0
