0.0 1.0 2.0 3.0 4.0 5.0 6.0 7.0 8.0 9.0
1.0 0.0 0.0010849648693207884 0.0019682259468103607 0.0008606244713812145 0.0009513993090472046 0.0013228009620196 0.0010353076127563572 0.0009143896804750468 0.0008920829735903259
2.0 0.0010849648693207884 0.0 0.0014711166849334712 0.001041437628751596 0.0010932355544749242 0.0009080773009877399 0.0014222319603906552 0.0009715688728496449 0.0013055055120785764
3.0 0.0019682259468103607 0.0014711166849334712 0.0 0.0019144169865820872 0.0019640348429268715 0.0016499748993596714 0.00230189761994378 0.0018547250424248837 0.0021866809623973618
4.0 0.0008606244713812145 0.001041437628751596 0.0019144169865820872 0.0 0.0004702491049893957 0.001210358654853753 0.001071594399485183 0.001045850833972726 0.0010325030220803672
5.0 0.0009513993090472046 0.0010932355544749242 0.0019640348429268715 0.0004702491049893957 0.0 0.0012505363007736376 0.0011692205735858486 0.001120597192019348 0.0011261660362834056
6.0 0.0013228009620196 0.0009080773009877399 0.0016499748993596714 0.001210358654853753 0.0012505363007736376 0.0 0.0016411045225650613 0.001275596702433374 0.0015381200687819801
7.0 0.0010353076127563572 0.0014222319603906552 0.00230189761994378 0.001071594399485183 0.0011692205735858486 0.0016411045225650613 0.0 0.0012842084450437712 0.0009197761527829726
8.0 0.0009143896804750468 0.0009715688728496449 0.0018547250424248837 0.001045850833972726 0.001120597192019348 0.001275596702433374 0.0012842084450437712 0.0 0.0011204953597118814
9.0 0.0008920829735903259 0.0013055055120785764 0.0021866809623973618 0.0010325030220803672 0.0011261660362834056 0.0015381200687819801 0.0009197761527829726 0.0011204953597118814 0.0
