0.0 1.0 2.0 3.0 4.0 5.0 6.0 7.0 8.0 9.0
1.0 0.0 0.011928809911326456 0.016195877281502978 0.008841390542230203 0.011432171847941302 0.015600345504815379 0.009013479568154162 0.01029498435868434 0.007461270973785992
2.0 0.011928809911326456 0.0 0.008549719249965629 0.011801810005279818 0.013454083736724406 0.008117495700753874 0.015420658806075014 0.010120208368331551 0.013883323240805715
3.0 0.016195877281502978 0.008549719249965629 0.0 0.01613847241315746 0.017803508482373703 0.011532947763417206 0.019685435290307814 0.014199657047412245 0.018137626857644806
4.0 0.008841390542230203 0.011801810005279818 0.01613847241315746 0.0 0.00522785839059382 0.014991354822236853 0.011434233535547495 0.012536066490037683 0.010483269564871767
5.0 0.011432171847941302 0.013454083736724406 0.017803508482373703 0.00522785839059382 0.0 0.01653262426092176 0.014084084808550173 0.014695443400281099 0.013092963118994171
6.0 0.015600345504815379 0.008117495700753874 0.011532947763417206 0.014991354822236853 0.01653262426092176 0.0 0.01901098471027836 0.014313568009619665 0.017530328786887275
7.0 0.009013479568154162 0.015420658806075014 0.019685435290307814 0.011434233535547495 0.014084084808550173 0.01901098471027836 0.0 0.014045987205499957 0.008160650642254987
8.0 0.01029498435868434 0.010120208368331551 0.014199657047412245 0.012536066490037683 0.014695443400281099 0.014313568009619665 0.014045987205499957 0.0 0.012172809966176795
9.0 0.007461270973785992 0.013883323240805715 0.018137626857644806 0.010483269564871767 0.013092963118994171 0.017530328786887275 0.008160650642254987 0.012172809966176795 0.0
