0.0 1.0 2.0 3.0 4.0 5.0 6.0 7.0 8.0 9.0 10.0 11.0 12.0 13.0 14.0 15.0 16.0 17.0 18.0 19.0 20.0 21.0 22.0 23.0 24.0 25.0 26.0 27.0 28.0
1.0 0.0 0.6333895975095207 0.7257490656227903 0.4877618891936508 0.35674911376151164 0.6773721831011186 0.4272860032178683 0.4614240237697408 0.8095361191452157 0.5276204370925909 0.4764873999356184 0.7024969915508485 0.4442123616548667 0.7492975468482308 0.5557930475675847 0.6353996129534694 0.6992810270583893 0.6797405996856895 0.5427842451823592 0.888232381162217 0.5063774179751546 0.46307843786791153 0.8178641251386309 0.3624712260834949 0.6274985951969966 0.4716259051912648 0.7828978652023767 0.8693878272625266
2.0 0.6333895975095207 0.0 0.4623563596801987 0.734538576926872 0.6154441404205483 0.45660740657777876 0.6302721891635117 0.5719756724126618 0.9718041671269015 0.5317187427451829 0.554693926990678 0.8626869951226261 0.6529042338579645 0.7142841637247708 0.7361881823281637 0.40916396512803277 0.4316436497152458 0.8497976484998039 0.5387339492699919 0.9627500614870661 0.6880024166691627 0.6895639218083107 0.7021735133078695 0.5895087825572712 0.5707128718501197 0.6756532276114213 0.5660230829868466 0.6689099656061281
3.0 0.7257490656227903 0.4623563596801987 0.0 0.8259393425829087 0.7064658549850643 0.43867019786589045 0.7200040276115987 0.6701637008809097 1.0577485515323182 0.6072301212260088 0.6470135464098742 0.9484523980624451 0.741838493601291 0.7991177764602153 0.8234889603273838 0.541574386023119 0.37834285947298607 0.9364284775215878 0.6387264363272991 1.041570139263034 0.7754816517406398 0.7793398708475432 0.738754659109059 0.6802467240238003 0.6796273544300989 0.764379190391659 0.5083433847457034 0.7368920128880101
4.0 0.4877618891936508 0.734538576926872 0.8259393425829087 0.0 0.3787283149357513 0.7768677352865356 0.5150096424523853 0.5774395333365249 0.8549519924849622 0.6219252207112523 0.5849252370544168 0.7470905409870134 0.47756641731597577 0.8497895185079567 0.5992383699059476 0.7372131758270888 0.7995522949434892 0.7280869483773845 0.6490498589222453 0.965848860904333 0.5540920880759923 0.4860809506555522 0.9146287955585644 0.46624766675278406 0.7322543929115543 0.5117258944541468 0.8821983944928976 0.9693659622472015
5.0 0.35674911376151164 0.6154441404205483 0.7064658549850643 0.3787283149357513 0.0 0.6570745560207858 0.38094133525529444 0.4607227866875433 0.7418241860070969 0.4998417899290696 0.46155889676826556 0.6352338178159123 0.3551219818349625 0.728570100687082 0.48217226206621944 0.6182358542538577 0.6800817056841346 0.6105441805729911 0.529158078047953 0.8448169641466377 0.4336730668585216 0.35666466880977415 0.7939882882669609 0.32931173498087707 0.614404703634099 0.387191919085627 0.7623691655595363 0.8495436353187955
6.0 0.6773721831011186 0.45660740657777876 0.43867019786589045 0.7768677352865356 0.6570745560207858 0.0 0.6695855361210175 0.6263355270776795 1.0045075638366596 0.5459452509205275 0.5983683171608084 0.8950784195319725 0.6908488291359132 0.7441988344685382 0.7712630862711922 0.5153286120595846 0.41826424960230435 0.8836973589835496 0.5957488815563359 0.982996408878642 0.7233861395602852 0.7289928076573498 0.6505375219709479 0.6305990388870768 0.6439709795008249 0.7132289999284667 0.4363981820021582 0.6671526463528261
7.0 0.4272860032178683 0.6302721891635117 0.7200040276115987 0.5150096424523853 0.38094133525529444 0.6695855361210175 0.0 0.4945699799968072 0.7635628650841311 0.5038797545970383 0.47000321474664764 0.6572103721651343 0.4082943445138459 0.7379671427132695 0.5088691435091359 0.6336875961361819 0.6936651452835325 0.6308525932986654 0.5454777471975827 0.8494266551426246 0.4561085264381135 0.4439518905075573 0.803397433961988 0.31282396455588846 0.6342409112267239 0.4298942231619052 0.774714917643179 0.8621915878083639
8.0 0.4614240237697408 0.5719756724126618 0.6701637008809097 0.5774395333365249 0.4607227866875433 0.6263355270776795 0.4945699799968072 0.0 0.8615328099764452 0.5099853132175175 0.44895538807369595 0.7535779532651745 0.5191712665730235 0.709573668053119 0.6162025904167596 0.5708662270985392 0.6434383869784903 0.7351142149510904 0.4718964257154681 0.9018401407822523 0.5671483082265505 0.5478522482566954 0.781277865233194 0.44296705636857947 0.5410757630721924 0.5440335682172333 0.7326896729385032 0.8173264216362202
9.0 0.8095361191452157 0.9718041671269015 1.0577485515323182 0.8549519924849622 0.7418241860070969 1.0045075638366596 0.7635628650841311 0.8615328099764452 0.0 0.8240792918721501 0.8327083216858989 0.5273885273459722 0.6912950760637262 1.077051421236082 0.6559954113830417 0.9774420035375333 1.031698715420946 0.7294791968259732 0.8999241676483238 1.078197808817388 0.6544010782270302 0.7673891338439884 1.1274580345270946 0.7424681533400751 0.9872609181246387 0.7096658059391603 1.1088737458794689 1.1989386082362037
10.0 0.5276204370925909 0.5317187427451829 0.6072301212260088 0.6219252207112523 0.4998417899290696 0.5459452509205275 0.5038797545970383 0.5099853132175175 0.8240792918721501 0.0 0.45065480110677913 0.7141559838736584 0.5225777480636122 0.612529489969108 0.5955321143596595 0.5435903274254388 0.581719284576385 0.7051409413435555 0.49755323924237715 0.7764030414549923 0.5479442960421912 0.5650572511759187 0.6431868857470802 0.47108749863373134 0.5842425378924733 0.5437789982401329 0.6488645972649202 0.7424910332045069
11.0 0.4764873999356184 0.554693926990678 0.6470135464098742 0.5849252370544168 0.46155889676826556 0.5983683171608084 0.47000321474664764 0.44895538807369595 0.8327083216858989 0.45065480110677913 0.0 0.7244477946704384 0.5026024130432114 0.6542757735861702 0.5913327471024108 0.5561282502605187 0.6203597360045388 0.7073907882432179 0.44913039544127975 0.8549302736975852 0.5419714252709869 0.5373751766341144 0.7406000722556187 0.4268813657556524 0.554056476228222 0.5255885573209886 0.7041816067468915 0.7888052506859062
12.0 0.7024969915508485 0.8626869951226261 0.9484523980624451 0.7470905409870134 0.6352338178159123 0.8950784195319725 0.6572103721651343 0.7535779532651745 0.5273885273459722 0.7141559838736584 0.7244477946704384 0.0 0.5870906031075642 0.9678688133709488 0.5597253073617385 0.8684284615139788 0.9224167235621588 0.6351989511182646 0.7913818326139885 0.963305848239278 0.5543526101651088 0.6618996833849264 1.0175059765396561 0.6358179645877987 0.878668309142015 0.6059928787285063 0.9994070923394703 1.0896021334730632
13.0 0.4442123616548667 0.6529042338579645 0.741838493601291 0.47756641731597577 0.3551219818349625 0.6908488291359132 0.4082943445138459 0.5191712665730235 0.6912950760637262 0.5225777480636122 0.5026024130432114 0.5870906031075642 0.0 0.7615801579222348 0.4101129103981789 0.6568435993854724 0.7155782865973934 0.5527119727235469 0.5720557906852293 0.8405604112749014 0.3647626206312421 0.3376904754674844 0.8221895039032479 0.38079084670611707 0.6589761305189091 0.28076550942688305 0.7957878149104533 0.8839939686004825
14.0 0.7492975468482308 0.7142841637247708 0.7991177764602153 0.8497895185079567 0.728570100687082 0.7441988344685382 0.7379671427132695 0.709573668053119 1.077051421236082 0.612529489969108 0.6542757735861702 0.9678688133709488 0.7615801579222348 0.0 0.8424900001359286 0.720769675852273 0.772177565323797 0.9552774874814188 0.6721284153930183 1.062864740585077 0.7942039054272532 0.7998873586056039 0.8779236306069393 0.6996549217541269 0.7632202335800923 0.7838216983564481 0.8502920638107777 0.928517625947586
15.0 0.5557930475675847 0.7361881823281637 0.8234889603273838 0.5992383699059476 0.48217226206621944 0.7712630862711922 0.5088691435091359 0.6162025904167596 0.6559954113830417 0.5955321143596595 0.5913327471024108 0.5597253073617385 0.4101129103981789 0.8424900001359286 0.0 0.7410488821688941 0.7973381538894624 0.5051855841551623 0.6601100268586559 0.8832713942173209 0.3610492060791741 0.4978600271334444 0.8980933419107595 0.4879522372732811 0.7475247335511362 0.42710110649525046 0.8759005534795651 0.9650551321805538
16.0 0.6353996129534694 0.40916396512803277 0.541574386023119 0.7372131758270888 0.6182358542538577 0.5153286120595846 0.6336875961361819 0.5708662270985392 0.9774420035375333 0.5435903274254388 0.5561282502605187 0.8684284615139788 0.6568435993854724 0.720769675852273 0.7410488821688941 0.0 0.5113421343472484 0.8550378555178718 0.5344568618045347 0.9724810284207566 0.6927562241731069 0.6930374479277019 0.7344927380119399 0.5923570258422041 0.5623892257045785 0.6797049522698759 0.6261239622851401 0.7033126867717163
17.0 0.6992810270583893 0.4316436497152458 0.37834285947298607 0.7995522949434892 0.6800817056841346 0.41826424960230435 0.6936651452835325 0.6434383869784903 1.031698715420946 0.581719284576385 0.6203597360045388 0.9224167235621588 0.7155782865973934 0.772177565323797 0.7973381538894624 0.5113421343472484 0.0 0.9103239556328607 0.6115751433558798 1.0160501782188274 0.7493146675313653 0.7530280264602873 0.7183739484262612 0.6538499054975221 0.6524877919459616 0.7381304521763512 0.5195273004913114 0.7043745850228831
18.0 0.6797405996856895 0.8497976484998039 0.9364284775215878 0.7280869483773845 0.6105441805729911 0.8836973589835496 0.6308525932986654 0.7351142149510904 0.7294791968259732 0.7051409413435555 0.7073907882432179 0.6351989511182646 0.5527119727235469 0.9552774874814188 0.5051855841551623 0.8550378555178718 0.9103239556328607 0.0 0.7757094475975388 0.978827957029085 0.49479768992405293 0.6326560571708548 1.008655880387831 0.6110864117471493 0.8632483295150496 0.5685076050118618 0.9882078097949786 1.0777711782814285
19.0 0.5427842451823592 0.5387339492699919 0.6387264363272991 0.6490498589222453 0.529158078047953 0.5957488815563359 0.5454777471975827 0.4718964257154681 0.8999241676483238 0.49755323924237715 0.44913039544127975 0.7913818326139885 0.5720557906852293 0.6721284153930183 0.6601100268586559 0.5344568618045347 0.6115751433558798 0.7757094475975388 0.0 0.9131137400665166 0.6112792390708499 0.6064462616246549 0.7572444991083507 0.501760859298952 0.5116858487800003 0.5953077468004766 0.7027637678235145 0.7841816484314805
20.0 0.888232381162217 0.9627500614870661 1.041570139263034 0.965848860904333 0.8448169641466377 0.982996408878642 0.8494266551426246 0.9018401407822523 1.078197808817388 0.7764030414549923 0.8549302736975852 0.963305848239278 0.8405604112749014 1.062864740585077 0.8832713942173209 0.9724810284207566 1.0160501782188274 0.978827957029085 0.9131137400665166 0.0 0.8423509453693976 0.8949746809121069 1.0855861875339232 0.8244110594290496 0.9997338440813951 0.85961646836976 1.0859436484599199 1.1807740332631464
21.0 0.5063774179751546 0.6880024166691627 0.7754816517406398 0.5540920880759923 0.4336730668585216 0.7233861395602852 0.4561085264381135 0.5671483082265505 0.6544010782270302 0.5479442960421912 0.5419714252709869 0.5543526101651088 0.3647626206312421 0.7942039054272532 0.3610492060791741 0.6927562241731069 0.7493146675313653 0.49479768992405293 0.6112792390708499 0.8423509453693976 0.0 0.45030089448861205 0.8507606773805909 0.4368653023592429 0.6988561123301654 0.3764667252052958 0.82806460118052 0.9170678651554285
22.0 0.46307843786791153 0.6895639218083107 0.7793398708475432 0.4860809506555522 0.35666466880977415 0.7289928076573498 0.4439518905075573 0.5478522482566954 0.7673891338439884 0.5650572511759187 0.5373751766341144 0.6618996833849264 0.3376904754674844 0.7998873586056039 0.4978600271334444 0.6930374479277019 0.7530280264602873 0.6326560571708548 0.6064462616246549 0.8949746809121069 0.45030089448861205 0.0 0.8625992801171474 0.4081841711951216 0.692813209384909 0.3842932442847691 0.8340779659477439 0.9218501433089215
23.0 0.8178641251386309 0.7021735133078695 0.738754659109059 0.9146287955585644 0.7939882882669609 0.6505375219709479 0.803397433961988 0.781277865233194 1.1274580345270946 0.6431868857470802 0.7406000722556187 1.0175059765396561 0.8221895039032479 0.8779236306069393 0.8980933419107595 0.7344927380119399 0.7183739484262612 1.008655880387831 0.7572444991083507 1.0855861875339232 0.8507606773805909 0.8625992801171474 0.0 0.7670482412219569 0.8233112441005527 0.8440225892536981 0.7397509657915634 0.8918260404937777
24.0 0.3624712260834949 0.5895087825572712 0.6802467240238003 0.46624766675278406 0.32931173498087707 0.6305990388870768 0.31282396455588846 0.44296705636857947 0.7424681533400751 0.47108749863373134 0.4268813657556524 0.6358179645877987 0.38079084670611707 0.6996549217541269 0.4879522372732811 0.5923570258422041 0.6538499054975221 0.6110864117471493 0.501760859298952 0.8244110594290496 0.4368653023592429 0.4081841711951216 0.7670482412219569 0.0 0.5898905711717016 0.40521015320592435 0.7358930658395887 0.8229096205053361
25.0 0.6274985951969966 0.5707128718501197 0.6796273544300989 0.7322543929115543 0.614404703634099 0.6439709795008249 0.6342409112267239 0.5410757630721924 0.9872609181246387 0.5842425378924733 0.554056476228222 0.878668309142015 0.6589761305189091 0.7632202335800923 0.7475247335511362 0.5623892257045785 0.6524877919459616 0.8632483295150496 0.5116858487800003 0.9997338440813951 0.6988561123301654 0.692813209384909 0.8233112441005527 0.5898905711717016 0.0 0.6824437409357378 0.7516176447478308 0.83432423014369
26.0 0.4716259051912648 0.6756532276114213 0.764379190391659 0.5117258944541468 0.387191919085627 0.7132289999284667 0.4298942231619052 0.5440335682172333 0.7096658059391603 0.5437789982401329 0.5255885573209886 0.6059928787285063 0.28076550942688305 0.7838216983564481 0.42710110649525046 0.6797049522698759 0.7381304521763512 0.5685076050118618 0.5953077468004766 0.85961646836976 0.3764667252052958 0.3842932442847691 0.8440225892536981 0.40521015320592435 0.6824437409357378 0.0 0.8181339752809648 0.9064343920968327
27.0 0.7828978652023767 0.5660230829868466 0.5083433847457034 0.8821983944928976 0.7623691655595363 0.4363981820021582 0.774714917643179 0.7326896729385032 1.1088737458794689 0.6488645972649202 0.7041816067468915 0.9994070923394703 0.7957878149104533 0.8502920638107777 0.8759005534795651 0.6261239622851401 0.5195273004913114 0.9882078097949786 0.7027637678235145 1.0859436484599199 0.82806460118052 0.8340779659477439 0.7397509657915634 0.7358930658395887 0.7516176447478308 0.8181339752809648 0.0 0.7884812185820567
28.0 0.8693878272625266 0.6689099656061281 0.7368920128880101 0.9693659622472015 0.8495436353187955 0.6671526463528261 0.8621915878083639 0.8173264216362202 1.1989386082362037 0.7424910332045069 0.7888052506859062 1.0896021334730632 0.8839939686004825 0.928517625947586 0.9650551321805538 0.7033126867717163 0.7043745850228831 1.0777711782814285 0.7841816484314805 1.1807740332631464 0.9170678651554285 0.9218501433089215 0.8918260404937777 0.8229096205053361 0.83432423014369 0.9064343920968327 0.7884812185820567 0.0
