0.0 1.0 2.0 3.0 4.0 5.0 6.0 7.0 8.0 9.0 10.0 11.0 12.0 13.0 14.0 15.0 16.0 17.0 18.0 19.0 20.0 21.0 22.0 23.0 24.0 25.0 26.0 27.0 28.0
1.0 0.0 0.0017722893261804956 0.00211701526854531 0.002251726636101119 0.0011764482873013174 0.002182178664897732 0.0017446774620356888 0.0014276402294456977 0.0024149601244822174 0.0038511649923494125 0.0012421925170292456 0.002980580119574722 0.0015103403192735375 0.001494598597042143 0.001848513170701001 0.0016558341212971378 0.001958880264773076 0.0017378091522495128 0.001383043076173241 0.14987036029108622 0.0015001958413068622 0.0019899560880462094 0.005759121497346484 0.0011799755662405301 0.0014914314201692736 0.0015118585677757618 0.00232732957920079 0.001819526926085388
2.0 0.0017722893261804956 0.0 0.0012903935116940317 0.0029619072507170506 0.0018618730525557558 0.00144373398000767 0.0021910307898632673 0.0015748122099760696 0.0028357256342354006 0.0037978686370420487 0.001360686213043366 0.0034007605542526113 0.002005185073480329 0.0012455494528639107 0.0022800917790062607 0.0010137702991889273 0.001136973590408282 0.002159862648248117 0.0012151265957267808 0.15006838056836538 0.001933399358059654 0.002545936485792645 0.005200945910714794 0.0017056577430632858 0.0011853220194179641 0.00199032157649336 0.001572221654907828 0.0012168456127014382
3.0 0.00211701526854531 0.0012903935116940317 0.0 0.003305384057233719 0.002204668651365898 0.0014240772021477835 0.002531916039500768 0.0019291492990523755 0.0031750626920140413 0.0041090663683922566 0.001703757999560611 0.003740070335226387 0.0023458464115984406 0.0015680593623108845 0.002619710990252599 0.001425077960846087 0.0010313448650040137 0.002499274633265688 0.0015687938580622313 0.15039503814515812 0.0022730862316734397 0.002887376769377008 0.005355229452592878 0.0020479376118316336 0.001561513086485152 0.0023307697418821806 0.0014322556595372199 0.0014438854586167752
4.0 0.002251726636101119 0.0029619072507170506 0.003305384057233719 0.0 0.001970999808584353 0.003369889706698845 0.00283165677684453 0.002663541337546818 0.003447641317819141 0.0050121085502116665 0.0024280221525248644 0.004012020407347957 0.002478035072587399 0.002679256019883237 0.0028756961965727018 0.002846480968684707 0.0031472598724364563 0.0027718459715632203 0.0025787796391541053 0.15098338769460465 0.002528075517569204 0.0028562712667413153 0.006943207557753624 0.002306757071151107 0.00268876149202023 0.002501654897789682 0.003515088040853485 0.0030069741523700714
5.0 0.0011764482873013174 0.0018618730525557558 0.002204668651365898 0.001970999808584353 0.0 0.0022687847222658936 0.0017031406247161756 0.0015683987572748192 0.0023279978633820478 0.0039033165432913125 0.0013211921412094759 0.002893671404876896 0.0013584016337600392 0.0015756171294184478 0.0017542135156784554 0.001746473690400876 0.0020465179193374845 0.0016505540724513676 0.0014772260121368595 0.14986786699863422 0.0014057327889487332 0.0017628638525138073 0.005840822487382028 0.0011770017254578056 0.0015898328566876772 0.0013786234200337502 0.002414048080383149 0.0019054447829589618
6.0 0.002182178664897732 0.00144373398000767 0.0014240772021477835 0.003369889706698845 0.0022687847222658936 0.0 0.002594989533495159 0.0019994637968831887 0.0032372925986646306 0.004155280421542565 0.001768128617693397 0.003802291392699365 0.0024087927789530803 0.0016221024992984917 0.0026820860312146166 0.0015214135633894103 0.001281655959610164 0.002561536492834958 0.0016389024780436288 0.15045025618598082 0.0023354965572128187 0.002950750881928069 0.005303962107066821 0.0021117770276553637 0.001643220036985606 0.0023935986065414016 0.0014530604275153312 0.0014528062413785364
7.0 0.0017446774620356888 0.0021910307898632673 0.002531916039500768 0.00283165677684453 0.0017031406247161756 0.002594989533495159 0.0 0.001944834746008024 0.002633462647436005 0.004198184801237337 0.0016372223933135489 0.003199475984833409 0.0017771327945975733 0.0018955296990077908 0.0020695053219532086 0.0020765248406466067 0.002373736567660868 0.0019556585150656823 0.0018096090809265422 0.1501413731255132 0.0017192830689432643 0.002330197020909533 0.00616252654242193 0.0015006271998496289 0.001927144295451647 0.0017593333271988002 0.002740384070169382 0.002230828472729888
8.0 0.0014276402294456977 0.0015748122099760696 0.0019291492990523755 0.002663541337546818 0.0015683987572748192 0.0019994637968831887 0.001944834746008024 0.0 0.002605863764776913 0.0037988223381353924 0.0011771364724445412 0.0031712600132100294 0.0017549181019651714 0.0013487975720693308 0.0020467206499093257 0.0014539491939915493 0.0017711805737253765 0.0019293177755327238 0.00117945242786333 0.14993569138471977 0.0016993086105440544 0.002281020943125862 0.005596605753479441 0.0014334637426884282 0.0012449302706805817 0.0017439846922860805 0.0021439337238793833 0.0016415566543264775
9.0 0.0024149601244822174 0.0028357256342354006 0.0031750626920140413 0.003447641317819141 0.0023279978633820478 0.0032372925986646306 0.002633462647436005 0.002605863764776913 0.0 0.004806149757212494 0.0022936401144012493 0.001425019712923682 0.0021117007736694768 0.0025375281517689783 0.0018002064283503694 0.0027222265669450264 0.0030169144475056847 0.001474375161515249 0.0024600142220058173 0.15054841474724903 0.001686124920182305 0.0028152907539853392 0.006799454633864837 0.00225286936504 0.002576976709526177 0.002064891473164375 0.0033826660147501676 0.0028731829628081693
10.0 0.0038511649923494125 0.0037978686370420487 0.0041090663683922566 0.0050121085502116665 0.0039033165432913125 0.004155280421542565 0.004198184801237337 0.0037988223381353924 0.004806149757212494 0.0 0.003469347350236746 0.005371414600266286 0.004002745460446308 0.0034535815503771265 0.004255067718087736 0.003702209166594765 0.003951043804718807 0.004130377347467712 0.0035216454378502312 0.1517771609678122 0.003909705421238704 0.004559812728082189 0.007618908315369171 0.003742777744139404 0.003624998979225393 0.003983432758799867 0.004302130367159747 0.003788315598003515
11.0 0.0012421925170292456 0.001360686213043366 0.001703757999560611 0.0024280221525248644 0.0013211921412094759 0.001768128617693397 0.0016372223933135489 0.0011771364724445412 0.0022936401144012493 0.003469347350236746 0.0 0.0028591577685129024 0.0014602410238364204 0.00106129462747377 0.001736601564497934 0.0012441521954769676 0.0015454937437267753 0.001617024144221014 0.000959707363704757 0.14960003384976997 0.0013893771395631107 0.0020017948285190627 0.005346941407818358 0.0011516653350234676 0.0010948513842067168 0.0014451159964539674 0.0019135309513329587 0.0014030344391286825
12.0 0.002980580119574722 0.0034007605542526113 0.003740070335226387 0.004012020407347957 0.002893671404876896 0.003802291392699365 0.003199475984833409 0.0031712600132100294 0.001425019712923682 0.005371414600266286 0.0028591577685129024 0.0 0.00267808206943014 0.0031027775369902155 0.0023688292796952477 0.003287299211039219 0.003581928695516303 0.002043080276566917 0.0030252891621485286 0.15110704280625617 0.002253673413982666 0.003381310523617475 0.0073642865065323745 0.0028186992139097545 0.003142110029964677 0.0026314686165921997 0.003947643610074048 0.003438247079566719
13.0 0.0015103403192735375 0.002005185073480329 0.0023458464115984406 0.002478035072587399 0.0013584016337600392 0.0024087927789530803 0.0017771327945975733 0.0017549181019651714 0.0021117007736694768 0.004002745460446308 0.0014602410238364204 0.00267808206943014 0.0 0.0017105122514061762 0.0015027912318970535 0.001890910471631937 0.0021876822049821157 0.0014331484348720273 0.00162560044352863 0.1498728057331913 0.0011626595723172905 0.0016670163377099536 0.005975075385593755 0.001367206675412959 0.0017416809049867143 0.0009568981075435902 0.0025541682337133767 0.0020447948062316075
14.0 0.001494598597042143 0.0012455494528639107 0.0015680593623108845 0.002679256019883237 0.0015756171294184478 0.0016221024992984917 0.0018955296990077908 0.0013487975720693308 0.0025375281517689783 0.0034535815503771265 0.00106129462747377 0.0031027775369902155 0.0017105122514061762 0.0 0.0019821528200798374 0.0011411830585601386 0.001409014301015366 0.0018614063703999207 0.0009893918088562503 0.14975828604691457 0.0016354923613305574 0.0022542002714053865 0.005192785170986808 0.0014156829943963694 0.001090287674054675 0.0016948253659381908 0.0017696762006787032 0.001236079858286713
15.0 0.001848513170701001 0.0022800917790062607 0.002619710990252599 0.0028756961965727018 0.0017542135156784554 0.0026820860312146166 0.0020695053219532086 0.0020467206499093257 0.0018002064283503694 0.004255067718087736 0.001736601564497934 0.0023688292796952477 0.0015027912318970535 0.0019821528200798374 0.0 0.0021664027304046526 0.002461549576171521 0.0011487213687135078 0.001903385198241632 0.1500389209261643 0.0010764644733158326 0.0022261077284906764 0.006245266284823329 0.001687354353883701 0.002020423277013399 0.0014575740114580633 0.0028274922256437303 0.002317892871424581
16.0 0.0016558341212971378 0.0010137702991889273 0.001425077960846087 0.002846480968684707 0.001746473690400876 0.0015214135633894103 0.0020765248406466067 0.0014539491939915493 0.0027222265669450264 0.003702209166594765 0.0012441521954769676 0.003287299211039219 0.001890910471631937 0.0011411830585601386 0.0021664027304046526 0.0 0.0012667598398682614 0.0020462939765458666 0.0010898226518221278 0.14996258131077225 0.00181966155944851 0.0024312496016785914 0.005201715694586585 0.001590382449742424 0.0010551619604765327 0.0018761564289543112 0.0016622071443563582 0.0012030216189906743
17.0 0.001958880264773076 0.001136973590408282 0.0010313448650040137 0.0031472598724364563 0.0020465179193374845 0.001281655959610164 0.002373736567660868 0.0017711805737253765 0.0030169144475056847 0.003951043804718807 0.0015454937437267753 0.003581928695516303 0.0021876822049821157 0.001409014301015366 0.002461549576171521 0.0012667598398682614 0.0 0.0023411155059652584 0.0014105670901499701 0.15023717734326733 0.0021149219223776687 0.0027292169093943077 0.005204887146872648 0.0018897674121552738 0.0014041121002695105 0.0021726045119941475 0.001372114137809668 0.0012806191694638644
18.0 0.0017378091522495128 0.002159862648248117 0.002499274633265688 0.0027718459715632203 0.0016505540724513676 0.002561536492834958 0.0019556585150656823 0.0019293177755327238 0.001474375161515249 0.004130377347467712 0.001617024144221014 0.002043080276566917 0.0014331484348720273 0.0018614063703999207 0.0011487213687135078 0.0020462939765458666 0.0023411155059652584 0.0 0.0017837605311911324 0.14988885511768243 0.0010005178515583339 0.0021372025886504257 0.006124057568642883 0.0015754001758663406 0.0019009030216353717 0.0013857467979467531 0.0027069433687273124 0.002197326383969589
19.0 0.001383043076173241 0.0012151265957267808 0.0015687938580622313 0.0025787796391541053 0.0014772260121368595 0.0016389024780436288 0.0018096090809265422 0.00117945242786333 0.0024600142220058173 0.0035216454378502312 0.000959707363704757 0.0030252891621485286 0.00162560044352863 0.0009893918088562503 0.001903385198241632 0.0010898226518221278 0.0014105670901499701 0.0017837605311911324 0.0 0.14973086097172936 0.001556418514266639 0.002164458628875974 0.0052442254064265035 0.0013203020336640797 0.000917717559725308 0.001611228224540722 0.0017836565544138818 0.0012779285795033316
20.0 0.14987036029108622 0.15006838056836538 0.15039503814515812 0.15098338769460465 0.14986786699863422 0.15045025618598082 0.1501413731255132 0.14993569138471977 0.15054841474724903 0.1517771609678122 0.14960003384976997 0.15110704280625617 0.1498728057331913 0.14975828604691457 0.1500389209261643 0.14996258131077225 0.15023717734326733 0.14988885511768243 0.14973086097172936 0.0 0.1497079364083932 0.15046971761228323 0.1539641313852847 0.14972825314672297 0.14984430904103146 0.14984364897018237 0.15059524799558247 0.1500877334912349
21.0 0.0015001958413068622 0.001933399358059654 0.0022730862316734397 0.002528075517569204 0.0014057327889487332 0.0023354965572128187 0.0017192830689432643 0.0016993086105440544 0.001686124920182305 0.003909705421238704 0.0013893771395631107 0.002253673413982666 0.0011626595723172905 0.0016354923613305574 0.0010764644733158326 0.00181966155944851 0.0021149219223776687 0.0010005178515583339 0.001556418514266639 0.1497079364083932 0.0 0.001879722707616346 0.005898936076775333 0.0013383199555067787 0.001673512665074464 0.0011106122290382775 0.0024809099621401097 0.001971281663548102
22.0 0.0019899560880462094 0.002545936485792645 0.002887376769377008 0.0028562712667413153 0.0017628638525138073 0.002950750881928069 0.002330197020909533 0.002281020943125862 0.0028152907539853392 0.004559812728082189 0.0020017948285190627 0.003381310523617475 0.0016670163377099536 0.0022542002714053865 0.0022261077284906764 0.0024312496016785914 0.0027292169093943077 0.0021372025886504257 0.002164458628875974 0.15046971761228323 0.001879722707616346 0.0 0.006519178987586386 0.0018809564937216185 0.0022794109922614813 0.0017675560177364464 0.0030960873126918732 0.002586976130950558
23.0 0.005759121497346484 0.005200945910714794 0.005355229452592878 0.006943207557753624 0.005840822487382028 0.005303962107066821 0.00616252654242193 0.005596605753479441 0.006799454633864837 0.007618908315369171 0.005346941407818358 0.0073642865065323745 0.005975075385593755 0.005192785170986808 0.006245266284823329 0.005201715694586585 0.005204887146872648 0.006124057568642883 0.0052442254064265035 0.1539641313852847 0.005898936076775333 0.006519178987586386 0.0 0.005683124568284499 0.005274908283320445 0.005959301616887812 0.005445514607014278 0.00507566422943422
24.0 0.0011799755662405301 0.0017056577430632858 0.0020479376118316336 0.002306757071151107 0.0011770017254578056 0.0021117770276553637 0.0015006271998496289 0.0014334637426884282 0.00225286936504 0.003742777744139404 0.0011516653350234676 0.0028186992139097545 0.001367206675412959 0.0014156829943963694 0.001687354353883701 0.001590382449742424 0.0018897674121552738 0.0015754001758663406 0.0013203020336640797 0.14972825314672297 0.0013383199555067787 0.0018809564937216185 0.005683124568284499 0.0 0.0014361199862075488 0.001360590506934405 0.002257093421198805 0.0017480436597989365
25.0 0.0014914314201692736 0.0011853220194179641 0.001561513086485152 0.00268876149202023 0.0015898328566876772 0.001643220036985606 0.001927144295451647 0.0012449302706805817 0.002576976709526177 0.003624998979225393 0.0010948513842067168 0.003142110029964677 0.0017416809049867143 0.001090287674054675 0.002020423277013399 0.0010551619604765327 0.0014041121002695105 0.0019009030216353717 0.000917717559725308 0.14984430904103146 0.001673512665074464 0.0022794109922614813 0.005274908283320445 0.0014361199862075488 0.0 0.0017276323419936524 0.0017858988446032243 0.0012993577410968223
26.0 0.0015118585677757618 0.00199032157649336 0.0023307697418821806 0.002501654897789682 0.0013786234200337502 0.0023935986065414016 0.0017593333271988002 0.0017439846922860805 0.002064891473164375 0.003983432758799867 0.0014451159964539674 0.0026314686165921997 0.0009568981075435902 0.0016948253659381908 0.0014575740114580633 0.0018761564289543112 0.0021726045119941475 0.0013857467979467531 0.001611228224540722 0.14984364897018237 0.0011106122290382775 0.0017675560177364464 0.005959301616887812 0.001360590506934405 0.0017276323419936524 0.0 0.002538985726166092 0.0020295354267267605
27.0 0.00232732957920079 0.001572221654907828 0.0014322556595372199 0.003515088040853485 0.002414048080383149 0.0014530604275153312 0.002740384070169382 0.0021439337238793833 0.0033826660147501676 0.004302130367159747 0.0019135309513329587 0.003947643610074048 0.0025541682337133767 0.0017696762006787032 0.0028274922256437303 0.0016622071443563582 0.001372114137809668 0.0027069433687273124 0.0017836565544138818 0.15059524799558247 0.0024809099621401097 0.0030960873126918732 0.005445514607014278 0.002257093421198805 0.0017858988446032243 0.002538985726166092 0.0 0.0016132162126379676
28.0 0.001819526926085388 0.0012168456127014382 0.0014438854586167752 0.0030069741523700714 0.0019054447829589618 0.0014528062413785364 0.002230828472729888 0.0016415566543264775 0.0028731829628081693 0.003788315598003515 0.0014030344391286825 0.003438247079566719 0.0020447948062316075 0.001236079858286713 0.002317892871424581 0.0012030216189906743 0.0012806191694638644 0.002197326383969589 0.0012779285795033316 0.1500877334912349 0.001971281663548102 0.002586976130950558 0.00507566422943422 0.0017480436597989365 0.0012993577410968223 0.0020295354267267605 0.0016132162126379676 0.0
