0.0 1.0 2.0 3.0 4.0 5.0 6.0 7.0 8.0 9.0 10.0 11.0 12.0 13.0 14.0 15.0 16.0 17.0 18.0 19.0 20.0 21.0 22.0 23.0 24.0 25.0 26.0 27.0 28.0
1.0 0.0 0.0018583146030806894 0.002178254495619004 0.0019197569149303388 0.0011246822149324105 0.0024085372481495865 0.001184927713588722 0.00130433161373861 0.0023666045152348995 0.0018579296771291448 0.0012353705412581364 0.0030901272987617833 0.0014024534807954296 0.0018304138272859918 0.0018214047093978608 0.001774919574247594 0.0020725744216891187 0.001788490358040267 0.0013788855467029844 0.029501302712558512 0.001502537418534346 0.0013880011572118434 0.00467626667325308 0.00106871341557872 0.0015819413763829677 0.0013967816212615276 0.002370818091438406 0.0021720268104933995
2.0 0.0018583146030806894 0.0 0.0014830307751506856 0.0027650072008217974 0.0019860663978688306 0.0018056971093017146 0.0018618038794446308 0.001692435523708082 0.0030033651129901112 0.00196505778606763 0.0015777602660304404 0.0037237660402824196 0.0021228629419357808 0.001808610878557609 0.0024803789146142 0.0012598373762881022 0.0013786582581237833 0.002432447419776742 0.0014401885476320797 0.02984830108957688 0.0021672181522752283 0.002154848919058836 0.00431482768033206 0.0018029344249545541 0.001488453825007049 0.0021044772639979147 0.0017592591046136758 0.0016940592541429592
3.0 0.002178254495619004 0.0014830307751506856 0.0 0.0030844700094558803 0.002304015102015428 0.0017320033171812025 0.0021772946298246635 0.00202323006176368 0.0033157338941722106 0.0022438648337675888 0.001895188768762442 0.00403601379322996 0.002438101863338695 0.0021011643156949927 0.002793760459440254 0.0016629387817383731 0.001212970265042882 0.002745224586611756 0.001773064223506436 0.03014125587771342 0.002480876971383085 0.0024711169205510622 0.004433917511973341 0.0021198697327864664 0.0018457861098312997 0.002419417550496112 0.0015631645842011277 0.0018940006267701972
4.0 0.0019197569149303388 0.0027650072008217974 0.0030844700094558803 0.0 0.0016526852242916557 0.0033147387088872625 0.002011761176513876 0.0022670079093075383 0.0031116783817439096 0.002753526328787592 0.002155812776261268 0.003831677508298492 0.0020919049794721465 0.0027387783634015795 0.002561876713902528 0.002683458748333426 0.002978936320561527 0.002537492680509218 0.0023007969535566767 0.03034823012356879 0.002244373523150384 0.002006539657142309 0.005580729637415752 0.001933222072085758 0.002499396077697755 0.0021057275912247336 0.003276832480743858 0.0030789728488617293
5.0 0.0011246822149324105 0.0019860663978688306 0.002304015102015428 0.0016526852242916557 0.0 0.002533247041590454 0.0011970563401262654 0.0014795734758881532 0.0023150868320384573 0.001961264483514836 0.001361189793125067 0.003038911161788696 0.0012855742976328314 0.0019505533581856225 0.0017588972427957034 0.00190407754894772 0.002198375806462144 0.0017354307373018798 0.0015147405041339413 0.029550345206550983 0.0014388995057388696 0.0012055479867458718 0.004796230239984638 0.001116383633597205 0.0017197646656885272 0.0012971435597924305 0.002495459026045872 0.002296455231429983
6.0 0.0024085372481495865 0.0018056971093017146 0.0017320033171812025 0.0033147387088872625 0.002533247041590454 0.0 0.002405085052908689 0.0022595069618023987 0.003541989735245283 0.002450790940923748 0.002123940920982225 0.004262248689525577 0.002665822940851528 0.0023162463764073854 0.003020486633397304 0.0019298987338302374 0.0016432128815176647 0.002971630643446645 0.0020102401033748624 0.03035673905015803 0.0027077342431553056 0.002699409160623921 0.004548138407438947 0.0023484639314459415 0.002096594719212295 0.0026469685049178835 0.0017441818692490074 0.002065100532719677
7.0 0.001184927713588722 0.0018618038794446308 0.0021772946298246635 0.002011761176513876 0.0011970563401262654 0.002405085052908689 0.0 0.0013956784341534858 0.002198127446056188 0.0018091623235379417 0.0012215695252595477 0.00292303624150939 0.0012713962895672145 0.001813502144521412 0.0016529788529825225 0.0017806875787455664 0.002071613577310251 0.0016176126541371607 0.0013927877981117927 0.02938908910012722 0.0013308869115817284 0.0013142384351516971 0.004662698125634119 0.0009344931461105761 0.001603972257392239 0.00124926749957245 0.002367359014479264 0.002167311091473347
8.0 0.00130433161373861 0.001692435523708082 0.00202323006176368 0.0022670079093075383 0.0014795734758881532 0.0022595069618023987 0.0013956784341534858 0.0 0.0025673345269397983 0.001807240224834907 0.0011845165458813944 0.003289646736278803 0.0016553744872979028 0.001720791644275035 0.0020343664482118987 0.0016035667502337723 0.0019175764918966443 0.001992382985813007 0.0011985725965920377 0.029556747253009698 0.0017183489175293543 0.0016736194689765643 0.004550616080765114 0.0013146282823450982 0.0013615306886046365 0.001640632748576802 0.002221743308486087 0.002026584634127088
9.0 0.0023666045152348995 0.0030033651129901112 0.0033157338941722106 0.0031116783817439096 0.0023150868320384573 0.003541989735245283 0.002198127446056188 0.0025673345269397983 0.0 0.0029227789230027506 0.0023895907326841903 0.0015781506895578036 0.0021009346492618874 0.0029531368687008624 0.0018307817236513477 0.00292453376765009 0.0032102437611137877 0.0015499462269855926 0.002548095941829027 0.030222461983913707 0.0017698677835339825 0.0022959411038505056 0.0057913067873147876 0.0022170944397430343 0.0027563743317908407 0.0020496225734352187 0.0035037067857512385 0.003305225056486714
10.0 0.0018579296771291448 0.00196505778606763 0.0022438648337675888 0.002753526328787592 0.001961264483514836 0.002450790940923748 0.0018091623235379417 0.001807240224834907 0.0029227789230027506 0.0 0.00157511415084791 0.0036442980129198378 0.0020671241141050536 0.0018386251141848972 0.0024053549309315764 0.0019065620391060876 0.002138509710103234 0.0023515398976461975 0.0016284477369883526 0.029546442628482848 0.0020942137571749843 0.002110756048932616 0.004611934178834109 0.0017682923061525728 0.0018288597872564024 0.0020453278327163507 0.0024130124434426805 0.002206878443008344
11.0 0.0012353705412581364 0.0015777602660304404 0.001895188768762442 0.002155812776261268 0.001361189793125067 0.002123940920982225 0.0012215695252595477 0.0011845165458813944 0.0023895907326841903 0.00157511415084791 0.0 0.003112263916722033 0.001496912627737509 0.0015199615324450917 0.0018600867442041332 0.0014940404626145778 0.001789307743949945 0.0018146297277872032 0.0010817536481213365 0.029337460136065287 0.001544772868441496 0.0015283743678746722 0.004388942017775137 0.0011613550974437828 0.0013177764556729543 0.0014783623867394469 0.002086558795103904 0.001884793954298137
12.0 0.0030901272987617833 0.0037237660402824196 0.00403601379322996 0.003831677508298492 0.003038911161788696 0.004262248689525577 0.00292303624150939 0.003289646736278803 0.0015781506895578036 0.0036442980129198378 0.003112263916722033 0.0 0.002827737480921485 0.003674602417169429 0.002565710434651497 0.0036451202231547585 0.0039305584350941124 0.0022869332098919845 0.0032697372475648744 0.030936695988338106 0.0025014451605264087 0.003021306758097821 0.006511196942966122 0.0029414177953636885 0.0034773552045657802 0.0027771255171856074 0.004223866531171627 0.004025762518922768
13.0 0.0014024534807954296 0.0021228629419357808 0.002438101863338695 0.0020919049794721465 0.0012855742976328314 0.002665822940851528 0.0012713962895672145 0.0016553744872979028 0.0021009346492618874 0.0020671241141050536 0.001496912627737509 0.002827737480921485 0.0 0.002077139162855163 0.0015029166526727357 0.0020422353431937754 0.0023324809785144353 0.00151486301805665 0.0016579316203251021 0.02956164254101397 0.0011885289578829807 0.0011218730429891995 0.0049224131894099864 0.0012696196314325174 0.001866290294833073 0.0009135025511167899 0.0026279572117266846 0.0024285183482758285
14.0 0.0018304138272859918 0.001808610878557609 0.0021011643156949927 0.0027387783634015795 0.0019505533581856225 0.0023162463764073854 0.001813502144521412 0.001720791644275035 0.0029531368687008624 0.0018386251141848972 0.0015199615324450917 0.003674602417169429 0.002077139162855163 0.0 0.00243000071952004 0.0017393241603877753 0.00199454024254108 0.0023808821602511977 0.0014749415033268906 0.029767769388151004 0.002116840169276417 0.0021127580155366494 0.0045478828567975665 0.0017604523345283864 0.0016785024374960412 0.0020575838191708895 0.002280436162968425 0.0020578921364632873
15.0 0.0018214047093978608 0.0024803789146142 0.002793760459440254 0.002561876713902528 0.0017588972427957034 0.003020486633397304 0.0016529788529825225 0.0020343664482118987 0.0018307817236513477 0.0024053549309315764 0.0018600867442041332 0.002565710434651497 0.0015029166526727357 0.00243000071952004 0.0 0.002400812535176605 0.00268818885344814 0.0012647620659771795 0.002020982162312505 0.029781894118070446 0.0011613724730279388 0.0017207418717547997 0.0052724662618220276 0.0016716006350187486 0.0022300988346384168 0.0014510155256348203 0.0029824610878804374 0.0027831943499738556
16.0 0.001774919574247594 0.0012598373762881022 0.0016629387817383731 0.002683458748333426 0.00190407754894772 0.0019298987338302374 0.0017806875787455664 0.0016035667502337723 0.00292453376765009 0.0019065620391060876 0.0014940404626145778 0.0036451202231547585 0.0020422353431937754 0.0017393241603877753 0.002400812535176605 0.0 0.0015545584554525868 0.0023532310662507513 0.0013432650935484148 0.029780663637054526 0.002087441235176863 0.0020736964260505385 0.004349912246802985 0.0017210119458125513 0.0013868774467593538 0.002023981858385286 0.0018926243963084369 0.0017274176252095258
17.0 0.0020725744216891187 0.0013786582581237833 0.001212970265042882 0.002978936320561527 0.002198375806462144 0.0016432128815176647 0.002071613577310251 0.0019175764918966443 0.0032102437611137877 0.002138509710103234 0.001789307743949945 0.0039305584350941124 0.0023324809785144353 0.00199454024254108 0.00268818885344814 0.0015545584554525868 0.0 0.002639673399624087 0.001666940257170319 0.030036204061230184 0.00237528478472873 0.002365486016486182 0.004340066954269358 0.002014180016326184 0.0017404837699864788 0.0023137968023474193 0.0015593022361999717 0.001779291473383451
18.0 0.001788490358040267 0.002432447419776742 0.002745224586611756 0.002537492680509218 0.0017354307373018798 0.002971630643446645 0.0016176126541371607 0.001992382985813007 0.0015499462269855926 0.0023515398976461975 0.0018146297277872032 0.0022869332098919845 0.00151486301805665 0.0023808821602511977 0.0012647620659771795 0.0023532310662507513 0.002639673399624087 0.0 0.0019748797864144177 0.029678568648723265 0.0011664390543603175 0.0017128595597117066 0.00522207788794472 0.0016376437420339749 0.002184084635868314 0.0014618141092743735 0.002933537961712899 0.002734390290980585
19.0 0.0013788855467029844 0.0014401885476320797 0.001773064223506436 0.0023007969535566767 0.0015147405041339413 0.0020102401033748624 0.0013927877981117927 0.0011985725965920377 0.002548095941829027 0.0016284477369883526 0.0010817536481213365 0.0032697372475648744 0.0016579316203251021 0.0014749415033268906 0.002020982162312505 0.0013432650935484148 0.001666940257170319 0.0019748797864144177 0.0 0.02945208000120214 0.0017065787463177396 0.0016873936060849656 0.0043126716129472525 0.0013295535444717223 0.0011318139982516144 0.0016401048742140838 0.00197302766843506 0.0017743425559155809
20.0 0.029501302712558512 0.02984830108957688 0.03014125587771342 0.03034823012356879 0.029550345206550983 0.03035673905015803 0.02938908910012722 0.029556747253009698 0.030222461983913707 0.029546442628482848 0.029337460136065287 0.030936695988338106 0.02956164254101397 0.029767769388151004 0.029781894118070446 0.029780663637054526 0.030036204061230184 0.029678568648723265 0.02945208000120214 0.0 0.029500035470347394 0.029647125925074395 0.032552494706466 0.02937911523813986 0.029658395340223177 0.02952979130120352 0.030317262609113996 0.030120119893760528
21.0 0.001502537418534346 0.0021672181522752283 0.002480876971383085 0.002244373523150384 0.0014388995057388696 0.0027077342431553056 0.0013308869115817284 0.0017183489175293543 0.0017698677835339825 0.0020942137571749843 0.001544772868441496 0.0025014451605264087 0.0011885289578829807 0.002116840169276417 0.0011613724730279388 0.002087441235176863 0.00237528478472873 0.0011664390543603175 0.0017065787463177396 0.029500035470347394 0.0 0.0014011655656077308 0.00496045828583485 0.001351189738682662 0.0019159769821277435 0.0011286362033899166 0.0026697703230591885 0.0024703169861679756
22.0 0.0013880011572118434 0.002154848919058836 0.0024711169205510622 0.002006539657142309 0.0012055479867458718 0.002699409160623921 0.0013142384351516971 0.0016736194689765643 0.0022959411038505056 0.002110756048932616 0.0015283743678746722 0.003021306758097821 0.0011218730429891995 0.0021127580155366494 0.0017207418717547997 0.0020736964260505385 0.002365486016486182 0.0017128595597117066 0.0016873936060849656 0.029647125925074395 0.0014011655656077308 0.0 0.004958454436552712 0.0012855841113196312 0.001894674093913785 0.0011945814626171188 0.0026615825661707895 0.002462266746407011
23.0 0.00467626667325308 0.00431482768033206 0.004433917511973341 0.005580729637415752 0.004796230239984638 0.004548138407438947 0.004662698125634119 0.004550616080765114 0.0057913067873147876 0.004611934178834109 0.004388942017775137 0.006511196942966122 0.0049224131894099864 0.0045478828567975665 0.0052724662618220276 0.004349912246802985 0.004340066954269358 0.00522207788794472 0.0043126716129472525 0.032552494706466 0.00496045828583485 0.004958454436552712 0.0 0.004609488901987941 0.004438228052588655 0.00490285896410954 0.004486032453443912 0.004454383570535474
24.0 0.00106871341557872 0.0018029344249545541 0.0021198697327864664 0.001933222072085758 0.001116383633597205 0.0023484639314459415 0.0009344931461105761 0.0013146282823450982 0.0022170944397430343 0.0017682923061525728 0.0011613550974437828 0.0029414177953636885 0.0012696196314325174 0.0017604523345283864 0.0016716006350187486 0.0017210119458125513 0.002014180016326184 0.0016376437420339749 0.0013295535444717223 0.02937911523813986 0.001351189738682662 0.0012855841113196312 0.004609488901987941 0.0 0.0015393479861553756 0.0012556972228927334 0.0023107564394460093 0.0021110137371156993
25.0 0.0015819413763829677 0.001488453825007049 0.0018457861098312997 0.002499396077697755 0.0017197646656885272 0.002096594719212295 0.001603972257392239 0.0013615306886046365 0.0027563743317908407 0.0018288597872564024 0.0013177764556729543 0.0034773552045657802 0.001866290294833073 0.0016785024374960412 0.0022300988346384168 0.0013868774467593538 0.0017404837699864788 0.002184084635868314 0.0011318139982516144 0.029658395340223177 0.0019159769821277435 0.001894674093913785 0.004438228052588655 0.0015393479861553756 0.0 0.0018488712463242542 0.002058212434449583 0.0018758099329861727
26.0 0.0013967816212615276 0.0021044772639979147 0.002419417550496112 0.0021057275912247336 0.0012971435597924305 0.0026469685049178835 0.00124926749957245 0.001640632748576802 0.0020496225734352187 0.0020453278327163507 0.0014783623867394469 0.0027771255171856074 0.0009135025511167899 0.0020575838191708895 0.0014510155256348203 0.002023981858385286 0.0023137968023474193 0.0014618141092743735 0.0016401048742140838 0.02952979130120352 0.0011286362033899166 0.0011945814626171188 0.00490285896410954 0.0012556972228927334 0.0018488712463242542 0.0 0.002609097686671591 0.0024095959253281193
27.0 0.002370818091438406 0.0017592591046136758 0.0015631645842011277 0.003276832480743858 0.002495459026045872 0.0017441818692490074 0.002367359014479264 0.002221743308486087 0.0035037067857512385 0.0024130124434426805 0.002086558795103904 0.004223866531171627 0.0026279572117266846 0.002280436162968425 0.0029824610878804374 0.0018926243963084369 0.0015593022361999717 0.002933537961712899 0.00197302766843506 0.030317262609113996 0.0026697703230591885 0.0026615825661707895 0.004486032453443912 0.0023107564394460093 0.002058212434449583 0.002609097686671591 0.0 0.0020500136938492357
28.0 0.0021720268104933995 0.0016940592541429592 0.0018940006267701972 0.0030789728488617293 0.002296455231429983 0.002065100532719677 0.002167311091473347 0.002026584634127088 0.003305225056486714 0.002206878443008344 0.001884793954298137 0.004025762518922768 0.0024285183482758285 0.0020578921364632873 0.0027831943499738556 0.0017274176252095258 0.001779291473383451 0.002734390290980585 0.0017743425559155809 0.030120119893760528 0.0024703169861679756 0.002462266746407011 0.004454383570535474 0.0021110137371156993 0.0018758099329861727 0.0024095959253281193 0.0020500136938492357 0.0
