0.0 1.0 2.0 3.0 4.0 5.0 6.0 7.0 8.0 9.0 10.0 11.0 12.0 13.0 14.0 15.0 16.0 17.0 18.0 19.0 20.0 21.0 22.0 23.0 24.0 25.0 26.0 27.0 28.0
1.0 0.0 0.001964507392642062 0.002371252791492675 0.002377760859607026 0.0012965316748237432 0.002566812492247106 0.001438245410162738 0.0014780230976618623 0.002672511052194636 0.002207938682635162 0.0014329769236404285 0.0031695756727637076 0.0016093510510514454 0.002691310066561324 0.0019362417010431354 0.0018921904334875594 0.002230794107844121 0.001925660873637325 0.0015348836250485124 0.18091506507109464 0.0016309588602222117 0.0019295198242296318 0.004903280132357941 0.001229919711287151 0.0016391338943179956 0.0015105681444748866 0.0027105948236654056 0.0021811047669766845
2.0 0.001964507392642062 0.0 0.001359830655091091 0.0032181541764161963 0.002132371152104469 0.0016474527265295073 0.002055012103655978 0.0016502420403913184 0.0032600846668592114 0.0021180144487207577 0.0015748978837421895 0.003756149653899329 0.002273564294528612 0.0024161988197965644 0.0025397187396893786 0.0011034205757055075 0.0012235022504950934 0.0025158431524342955 0.0013393746492126068 0.1811273482240652 0.0022389732739724728 0.002649398794356054 0.004207744568785196 0.0019168610625407267 0.001269317530442657 0.0021633376527812297 0.0017681740511184137 0.0013874336411146848
3.0 0.002371252791492675 0.001359830655091091 0.0 0.0036236300839665356 0.0025372962646728154 0.001630786695592747 0.0024582553758680783 0.0020668222714042774 0.003661157862125328 0.002477899423569623 0.0019804453636456222 0.004157174025866033 0.0026763384776918977 0.002795924672120317 0.002941280596017905 0.0015690936525089433 0.0011207599550828833 0.0029170563078647063 0.0017563147655725642 0.18150453808690672 0.0026406978077701047 0.003052994674449319 0.004389330491800176 0.002321339039416716 0.0017053924030958779 0.0025659407718771864 0.0016004898997290843 0.0016525370850214447
4.0 0.002377760859607026 0.0032181541764161963 0.0036236300839665356 0.0 0.002045453431937104 0.0038183838407499938 0.002568073214253187 0.002777780301365586 0.003718698230272086 0.0034300589434734497 0.0026842793741793146 0.004214535158781909 0.002591865386983195 0.0039394712969292285 0.002975166491840414 0.00314700641857383 0.0034832066059706096 0.0029731046987131055 0.0027955321291266775 0.18207683333658362 0.0026695155703587163 0.0028082173486921854 0.006150389120705149 0.0024013833232584872 0.0029007394919579373 0.002511168131853308 0.003962265030488707 0.0034325846814642195
5.0 0.0012965316748237432 0.002132371152104469 0.0025372962646728154 0.002045453431937104 0.0 0.0027316550972942477 0.0014560680251559978 0.001692600252756085 0.002618384886025059 0.002336320543053569 0.0015907215410178902 0.003115542763683879 0.001492175446056876 0.002849499526203834 0.0018729126325461106 0.0020611347123586244 0.002396849560699579 0.0018709369090577153 0.0017071498638115993 0.1809787331988734 0.0015663411545753041 0.0017321025114860134 0.0050622877622397465 0.0012868674823570507 0.0018151453574614682 0.0014083650214233156 0.002875627885798059 0.0023455030422323306
6.0 0.002566812492247106 0.0016474527265295073 0.001630786695592747 0.0038183838407499938 0.0027316550972942477 0.0 0.002651489465052858 0.0022688444601943634 0.003852986268548298 0.002641626261706508 0.002175290861319115 0.004348982191664862 0.002869266989121229 0.0029743864934447008 0.003133409961152873 0.0017971836245028162 0.0015141652493261088 0.0031089570087078668 0.001958703196907118 0.18168080297836484 0.0028329305127829103 0.0032464696141469313 0.004424727873084541 0.002515396838460364 0.0019198994305986107 0.0027587549577134203 0.0017352546464093452 0.0017648896166043795
7.0 0.001438245410162738 0.002055012103655978 0.0024582553758680783 0.002568073214253187 0.0014560680251559978 0.002651489465052858 0.0 0.001657934129364596 0.0025411310685147614 0.0022254164968103494 0.0014970950545537727 0.0030386060239171557 0.0015227116185962276 0.0027614731497454413 0.0018074535665172126 0.001984551657314154 0.002317800165158766 0.0017934655258947999 0.0016315214458477844 0.1808544569917022 0.0015001482629083754 0.0019114953932067398 0.004977075424832423 0.0011688736859344975 0.0017446828179422781 0.0014097872543083407 0.0027956710694747844 0.002264736014948075
8.0 0.0014780230976618623 0.0016502420403913184 0.0020668222714042774 0.002777780301365586 0.001692600252756085 0.0022688444601943634 0.001657934129364596 0.0 0.0028841903937576554 0.0020696942587551284 0.0012831289418196027 0.00338081408531236 0.0018744084888002595 0.0024471504560152546 0.0021582146371728977 0.001573251255398337 0.0019264151911410942 0.002138678347986875 0.0012191838172283804 0.18092443034620667 0.001855670968152205 0.0022361076434410775 0.004633282804137862 0.0014974907230564864 0.0012748816848648236 0.001767069703578605 0.0024114418207898023 0.001886967648293577
9.0 0.002672511052194636 0.0032600846668592114 0.003661157862125328 0.003718698230272086 0.002618384886025059 0.003852986268548298 0.0025411310685147614 0.0028841903937576554 0.0 0.0033812378888469718 0.0027176005906988307 0.0014603620382395797 0.0023205095465282143 0.003961802623933481 0.001917788428707086 0.0031910664051881055 0.003520768095498259 0.0016477580179686143 0.002844645573064995 0.18170714917903955 0.00188511378203755 0.002901569415353602 0.006170760477773017 0.0025019910058431127 0.0029568659484052427 0.002177780386934043 0.003997237947260403 0.0034663187756946595
10.0 0.002207938682635162 0.0021180144487207577 0.002477899423569623 0.0034300589434734497 0.002336320543053569 0.002641626261706508 0.0022254164968103494 0.0020696942587551284 0.0033812378888469718 0.0 0.0018501484510513825 0.0038774951364023624 0.0024301740234722773 0.002733669999647123 0.0026692438734943493 0.002075644374640739 0.0023380474649129157 0.0026376501137869626 0.0018482047096203273 0.180777956641789 0.002371844941237835 0.0028243312162648856 0.004805635283266558 0.002115473163889205 0.0019408017617247148 0.002316132490378403 0.002790533299595974 0.002250384285943137
11.0 0.0014329769236404285 0.0015748978837421895 0.0019804453636456222 0.0026842793741793146 0.0015907215410178902 0.002175290861319115 0.0014970950545537727 0.0012831289418196027 0.0027176005906988307 0.0018501484510513825 0.0 0.0032143267663693863 0.001726794314785545 0.002266936220626831 0.0019949341950641123 0.0015019543422647129 0.0018398455448501074 0.0019721803622845474 0.001124935468314684 0.1807154613863576 0.0016932640522192397 0.002103478215028638 0.0045131088300161435 0.0013603134635277515 0.0012652411005622905 0.0016163278267300374 0.0023193799172354624 0.0017873297732497024
12.0 0.0031695756727637076 0.003756149653899329 0.004157174025866033 0.004214535158781909 0.003115542763683879 0.004348982191664862 0.0030386060239171557 0.00338081408531236 0.0014603620382395797 0.0038774951364023624 0.0032143267663693863 0.0 0.002818640259709731 0.0044581532678889795 0.0024183295154043276 0.0036871846163546987 0.004016793532009896 0.0021482374334018204 0.0033410610196058055 0.18219044134557802 0.002384514998904156 0.003399212685615373 0.006666570171783802 0.002999291514678621 0.0034531021275056575 0.0026760860324407908 0.004493207062838034 0.003962389272939501
13.0 0.0016093510510514454 0.002273564294528612 0.0026763384776918977 0.002591865386983195 0.001492175446056876 0.002869266989121229 0.0015227116185962276 0.0018744084888002595 0.0023205095465282143 0.0024301740234722773 0.001726794314785545 0.002818640259709731 0.0 0.002980474200523368 0.0015379197499064256 0.002203506847024999 0.00253590651226097 0.0015711547586937994 0.0018530618558978344 0.1809591250639839 0.0012367349019286526 0.0016220516240474303 0.005192890513412435 0.001454057955193292 0.0019645017823350006 0.0009248254713375432 0.00301345598267128 0.002482635396512903
14.0 0.002691310066561324 0.0024161988197965644 0.002795924672120317 0.0039394712969292285 0.002849499526203834 0.0029743864934447008 0.0027614731497454413 0.0024471504560152546 0.003961802623933481 0.002733669999647123 0.002266936220626831 0.0044581532678889795 0.002980474200523368 0.0 0.0032421972714266763 0.002359424342805349 0.0026547565109616934 0.003217245797615075 0.002134489608770067 0.18179802665395559 0.0029417611837509734 0.0033599769343399455 0.0052700655840362915 0.0026292852683494844 0.002235484381710396 0.0028694552370389665 0.003122380212749271 0.00256529586027991
15.0 0.0019362417010431354 0.0025397187396893786 0.002941280596017905 0.002975166491840414 0.0018729126325461106 0.003133409961152873 0.0018074535665172126 0.0021582146371728977 0.001917788428707086 0.0026692438734943493 0.0019949341950641123 0.0024183295154043276 0.0015379197499064256 0.0032421972714266763 0.0 0.002470377582353523 0.0028008680947387834 0.0012015723809777501 0.002122587619154749 0.1810781445884361 0.0011015228034168996 0.002139785766452607 0.005452905331558035 0.0017661494824183464 0.0022349244313717704 0.0013953805127885582 0.0032776876302469996 0.0027466389341430073
16.0 0.0018921904334875594 0.0011034205757055075 0.0015690936525089433 0.00314700641857383 0.0020611347123586244 0.0017971836245028162 0.001984551657314154 0.001573251255398337 0.0031910664051881055 0.002075644374640739 0.0015019543422647129 0.0036871846163546987 0.002203506847024999 0.002359424342805349 0.002470377582353523 0.0 0.0014273146076428907 0.0024467111926853562 0.0012571356350823044 0.18107309545271436 0.0021695227813665727 0.0025788842879665257 0.004272811513199518 0.0018456928638586048 0.0011839070440092213 0.0020933717786395844 0.0019350067118662456 0.0014423935759306679
17.0 0.002230794107844121 0.0012235022504950934 0.0011207599550828833 0.0034832066059706096 0.002396849560699579 0.0015141652493261088 0.002317800165158766 0.0019264151911410942 0.003520768095498259 0.0023380474649129157 0.0018398455448501074 0.004016793532009896 0.00253590651226097 0.0026547565109616934 0.0028008680947387834 0.0014273146076428907 0.0 0.0027766508134802106 0.0016155922199405036 0.18136493885869034 0.00250027900623523 0.002912555702667739 0.004260012059045284 0.0021808769399847315 0.0015653126780884926 0.0024255096994913366 0.0015810163225478328 0.0015051299800673047
18.0 0.001925660873637325 0.0025158431524342955 0.0029170563078647063 0.0029731046987131055 0.0018709369090577153 0.0031089570087078668 0.0017934655258947999 0.002138678347986875 0.0016477580179686143 0.0026376501137869626 0.0019721803622845474 0.0021482374334018204 0.0015711547586937994 0.003217245797615075 0.0012015723809777501 0.0024467111926853562 0.0027766508134802106 0.0 0.002099741613486838 0.18099836497423408 0.0011274164045580333 0.002153006533848619 0.005427240881136371 0.0017546880591996234 0.0022122118964376337 0.0014277899758511857 0.003253253911610942 0.0027221656014522074
19.0 0.0015348836250485124 0.0013393746492126068 0.0017563147655725642 0.0027955321291266775 0.0017071498638115993 0.001958703196907118 0.0016315214458477844 0.0012191838172283804 0.002844645573064995 0.0018482047096203273 0.001124935468314684 0.0033410610196058055 0.0018530618558978344 0.002134489608770067 0.002122587619154749 0.0012571356350823044 0.0016155922199405036 0.002099741613486838 0.0 0.1807861904864527 0.0018212559951407878 0.002226967373674107 0.004333284557432705 0.0014901739123443702 0.0009966025985368538 0.0017432055976974112 0.0021015251315252667 0.0015736942597924827
20.0 0.18091506507109464 0.1811273482240652 0.18150453808690672 0.18207683333658362 0.1809787331988734 0.18168080297836484 0.1808544569917022 0.18092443034620667 0.18170714917903955 0.180777956641789 0.1807154613863576 0.18219044134557802 0.1809591250639839 0.18179802665395559 0.1810781445884361 0.18107309545271436 0.18136493885869034 0.18099836497423408 0.1807861904864527 0.0 0.18081144184935827 0.18140385501452877 0.18390807721584265 0.18078270653530112 0.18088986274584987 0.18083587320488967 0.18182541470089814 0.18129678978345676
21.0 0.0016309588602222117 0.0022389732739724728 0.0026406978077701047 0.0026695155703587163 0.0015663411545753041 0.0028329305127829103 0.0015001482629083754 0.001855670968152205 0.00188511378203755 0.002371844941237835 0.0016932640522192397 0.002384514998904156 0.0012367349019286526 0.0029417611837509734 0.0011015228034168996 0.0021695227813665727 0.00250027900623523 0.0011274164045580333 0.0018212559951407878 0.18081144184935827 0.0 0.0018335794719295966 0.005153007909442029 0.001459938225665109 0.0019336437524771453 0.0010886381731348095 0.0029772081579879993 0.0024461416716747533
22.0 0.0019295198242296318 0.002649398794356054 0.003052994674449319 0.0028082173486921854 0.0017321025114860134 0.0032464696141469313 0.0019114953932067398 0.0022361076434410775 0.002901569415353602 0.0028243312162648856 0.002103478215028638 0.003399212685615373 0.0016220516240474303 0.0033599769343399455 0.002139785766452607 0.0025788842879665257 0.002912555702667739 0.002153006533848619 0.002226967373674107 0.18140385501452877 0.0018335794719295966 0.0 0.005572804761565253 0.001806835141729648 0.0023373096605930005 0.0016021656672534077 0.0033905794302636493 0.002860002540159556
23.0 0.004903280132357941 0.004207744568785196 0.004389330491800176 0.006150389120705149 0.0050622877622397465 0.004424727873084541 0.004977075424832423 0.004633282804137862 0.006170760477773017 0.004805635283266558 0.0045131088300161435 0.006666570171783802 0.005192890513412435 0.0052700655840362915 0.005452905331558035 0.004272811513199518 0.004260012059045284 0.005427240881136371 0.004333284557432705 0.18390807721584265 0.005153007909442029 0.005572804761565253 0.0 0.0048450403565218235 0.004330335602242624 0.005081817545376882 0.004577337828601502 0.004186958612535591
24.0 0.001229919711287151 0.0019168610625407267 0.002321339039416716 0.0024013833232584872 0.0012868674823570507 0.002515396838460364 0.0011688736859344975 0.0014974907230564864 0.0025019910058431127 0.002115473163889205 0.0013603134635277515 0.002999291514678621 0.001454057955193292 0.0026292852683494844 0.0017661494824183464 0.0018456928638586048 0.0021808769399847315 0.0017546880591996234 0.0014901739123443702 0.18078270653530112 0.001459938225665109 0.001806835141729648 0.0048450403565218235 0.0 0.0016016963867584813 0.0013491842867532466 0.002659445351996414 0.002128930508924877
25.0 0.0016391338943179956 0.001269317530442657 0.0017053924030958779 0.0029007394919579373 0.0018151453574614682 0.0019198994305986107 0.0017446828179422781 0.0012748816848648236 0.0029568659484052427 0.0019408017617247148 0.0012652411005622905 0.0034531021275056575 0.0019645017823350006 0.002235484381710396 0.0022349244313717704 0.0011839070440092213 0.0015653126780884926 0.0022122118964376337 0.0009966025985368538 0.18088986274584987 0.0019336437524771453 0.0023373096605930005 0.004330335602242624 0.0016016963867584813 0.0 0.001854893897363401 0.0020599171611661578 0.001548853491141664
26.0 0.0015105681444748866 0.0021633376527812297 0.0025659407718771864 0.002511168131853308 0.0014083650214233156 0.0027587549577134203 0.0014097872543083407 0.001767069703578605 0.002177780386934043 0.002316132490378403 0.0016163278267300374 0.0026760860324407908 0.0009248254713375432 0.0028694552370389665 0.0013953805127885582 0.0020933717786395844 0.0024255096994913366 0.0014277899758511857 0.0017432055976974112 0.18083587320488967 0.0010886381731348095 0.0016021656672534077 0.005081817545376882 0.0013491842867532466 0.001854893897363401 0.0 0.0029029616958559773 0.0023720854675355813
27.0 0.0027105948236654056 0.0017681740511184137 0.0016004898997290843 0.003962265030488707 0.002875627885798059 0.0017352546464093452 0.0027956710694747844 0.0024114418207898023 0.003997237947260403 0.002790533299595974 0.0023193799172354624 0.004493207062838034 0.00301345598267128 0.003122380212749271 0.0032776876302469996 0.0019350067118662456 0.0015810163225478328 0.003253253911610942 0.0021015251315252667 0.18182541470089814 0.0029772081579879993 0.0033905794302636493 0.004577337828601502 0.002659445351996414 0.0020599171611661578 0.0029029616958559773 0.0 0.0019388764870738669
28.0 0.0021811047669766845 0.0013874336411146848 0.0016525370850214447 0.0034325846814642195 0.0023455030422323306 0.0017648896166043795 0.002264736014948075 0.001886967648293577 0.0034663187756946595 0.002250384285943137 0.0017873297732497024 0.003962389272939501 0.002482635396512903 0.00256529586027991 0.0027466389341430073 0.0014423935759306679 0.0015051299800673047 0.0027221656014522074 0.0015736942597924827 0.18129678978345676 0.0024461416716747533 0.002860002540159556 0.004186958612535591 0.002128930508924877 0.001548853491141664 0.0023720854675355813 0.0019388764870738669 0.0
