0.0 1.0 2.0 3.0 4.0 5.0 6.0 7.0 8.0 9.0 10.0 11.0 12.0 13.0 14.0 15.0 16.0 17.0 18.0 19.0 20.0 21.0 22.0 23.0 24.0 25.0 26.0 27.0 28.0
1.0 0.0 0.0019085944527884972 0.0023075835395702416 0.001715084379643659 0.0010401495859804727 0.011238884811212884 0.0012194190035799161 0.0012580512983358318 0.0025381109247360734 0.0016459952949673213 0.0012938578951357006 0.004570724878601089 0.0013313965490010077 0.0018053689066529562 0.001823135210869434 0.0017510070519593172 0.0023642148129634907 0.0019170000626764464 0.0014145081819269614 0.02016060954573879 0.0015224663763546455 0.0012629957357042617 0.002407068510719288 0.0010371188134222944 0.0015264666600853147 0.0013530572040507081 0.0024584563571685833 0.0021034560126275076
2.0 0.0019085944527884972 0.0 0.001726618327224982 0.0026589054248908678 0.002003271223167088 0.010766809556188776 0.001995215273226621 0.0017434288580708947 0.0032629280586037542 0.0017994611679728648 0.0017018187918000152 0.005290157969143684 0.002157330290181327 0.0018555851093477976 0.0025789106622343804 0.0013280469339254863 0.0017822244769008866 0.0026550219965553418 0.0015548662806464603 0.020567633947762225 0.0022843021663079503 0.002135717906583203 0.0021961023992373273 0.0018770674187246158 0.0015122728883737308 0.002166349943640836 0.0019879278693081042 0.001752594197526056
3.0 0.0023075835395702416 0.001726618327224982 0.0 0.003057416786041347 0.0023996203449135407 0.010735179666458783 0.0023876811343477144 0.002157093039455524 0.003650791874196676 0.0021431450112758396 0.002096606282998583 0.005677917376804306 0.0025497205067876766 0.0022188090185672293 0.002968384464131734 0.0018275051644507144 0.001608935850416624 0.0030435515260290743 0.001971645439352759 0.020928976791671335 0.002674141948519842 0.002529633039643057 0.0023952180860545872 0.002271834057262331 0.0019602850464889208 0.002558295064169055 0.0017913215428303798 0.0020312468857168796
4.0 0.001715084379643659 0.0026589054248908678 0.003057416786041347 0.0 0.001445416703626926 0.011988792298938974 0.0018989521132966002 0.002066536893525086 0.003134469514410088 0.002388857672990953 0.002062259159146829 0.005164570550203097 0.0018721629679317692 0.002558506341587916 0.0024125521836887215 0.0025032857569564416 0.0031142354790855264 0.0025153768871940944 0.0021816955366371297 0.02085393630019037 0.0021136196780328085 0.0017452978314601965 0.003155323599005097 0.0017539379719427794 0.0022877227934113013 0.0019101750815720539 0.0032080572092825672 0.00285421058483047
5.0 0.0010401495859804727 0.002003271223167088 0.0023996203449135407 0.001445416703626926 0.0 0.011329652791668166 0.0012038397339598664 0.001401536976374107 0.0024541156108194733 0.001719311577803102 0.001390129473393619 0.004487728070228786 0.0011798259835273657 0.001892841051172091 0.0017256643157587711 0.0018472909649805574 0.002456342880092644 0.0018296481049738561 0.0015187617462489398 0.020176698125984993 0.0014245460273203353 0.0010538811259225237 0.002492500771719487 0.001057077088005212 0.0016319631604108024 0.0012166999553151064 0.00254889641249251 0.0021940525205434895
6.0 0.011238884811212884 0.010766809556188776 0.010735179666458783 0.011988792298938974 0.011329652791668166 0.0 0.011315617329884859 0.011095875922746634 0.012576732080701305 0.01104574629685701 0.011025452797205418 0.014603878222255683 0.011477740279549759 0.011130972308052227 0.01189498610733005 0.010801396716525948 0.01079900994552458 0.011969699522696076 0.010911522687672802 0.02984137104937247 0.011600891774764146 0.011458422782128622 0.011229894904776784 0.011200946215453738 0.010916633440279856 0.011486083725026302 0.010734141168617106 0.010897321371647381
7.0 0.0012194190035799161 0.001995215273226621 0.0023876811343477144 0.0018989521132966002 0.0012038397339598664 0.011315617329884859 0.0 0.0014407943498306566 0.002451330203416303 0.0016809794105777068 0.0013660353374462877 0.0044857134010770384 0.0012925932490155658 0.0018695689348071209 0.0017377297593729277 0.00184044805547867 0.0024443994104009215 0.001826943537329756 0.0015142109802095973 0.02012721125431096 0.0014326584428573652 0.0012830002396560618 0.0024712485955597514 0.0009796828856659828 0.0016346710934416913 0.001297145469304658 0.002534628101830129 0.0021789444587585064
8.0 0.0012580512983358318 0.0017434288580708947 0.002157093039455524 0.002066536893525086 0.001401536976374107 0.011095875922746634 0.0014407943498306566 0.0 0.002747327797066884 0.001588637416776386 0.001237667731004291 0.004777605217965242 0.0015996127649613506 0.0016972462811402078 0.00204854209872649 0.001579433152425033 0.002213545140640885 0.002132287048033091 0.0012302598395557635 0.02021676325957237 0.0017505747332399635 0.0015620570002117294 0.002291082634140292 0.001295619735319227 0.0013028789978989036 0.001612802753841442 0.0023166066833008193 0.001963727845985368
9.0 0.0025381109247360734 0.0032629280586037542 0.003650791874196676 0.003134469514410088 0.0024541156108194733 0.012576732080701305 0.002451330203416303 0.002747327797066884 0.0 0.0029235542709225423 0.0026687658767535847 0.00317083250741851 0.0022496592537497337 0.0031358860275738742 0.0020392847253302856 0.003111089969562104 0.0037078364261786774 0.0018974871439219171 0.0028003203597773245 0.02104662490430778 0.00199467760509293 0.00239458157756139 0.0037223179381249537 0.002414155751034857 0.0029161779142929238 0.002224691997700987 0.0037945473255658144 0.003441340066722187
10.0 0.0016459952949673213 0.0017994611679728648 0.0021431450112758396 0.002388857672990953 0.001719311577803102 0.01104574629685701 0.0016809794105777068 0.001588637416776386 0.0029235542709225423 0.0 0.0014267976522608205 0.0049521181513607244 0.001843644444639552 0.001582440433098979 0.0022456645168681295 0.001669090057781542 0.0022008567803289457 0.002315901566407251 0.0014615602277295433 0.020040902812469653 0.0019525262747323536 0.0018333164531492427 0.002096217084682833 0.0015817573330567537 0.0015725986637060998 0.0018493178508077832 0.0022602925488748047 0.0019036417128328242
11.0 0.0012938578951357006 0.0017018187918000152 0.002096606282998583 0.002062259159146829 0.001390129473393619 0.011025452797205418 0.0013660353374462877 0.001237667731004291 0.0026687658767535847 0.0014267976522608205 0.0 0.004699251505404421 0.001545670016168532 0.0015610866945860095 0.0019752141062113716 0.0015440049749428524 0.0021529951172104414 0.002054507653166306 0.001186956475952964 0.02008269735287844 0.0016778403977094126 0.0015224816127020159 0.002189054334001364 0.0012451779287881 0.0013398687725645615 0.0015547361622157254 0.0022453063559256673 0.0018867578700552086
12.0 0.004570724878601089 0.005290157969143684 0.005677917376804306 0.005164570550203097 0.004487728070228786 0.014603878222255683 0.0044857134010770384 0.004777605217965242 0.00317083250741851 0.0049521181513607244 0.004699251505404421 0.0 0.004287889569036588 0.005164486582778708 0.00409043524716116 0.005138547456928419 0.0057350081295014 0.003949765296821521 0.004829308765096864 0.023066852854496105 0.0040396507189012455 0.0044305678804930325 0.005749199997024619 0.004447759816999538 0.004944166642364009 0.004263738720334128 0.00582155270090481 0.005468793735668671
13.0 0.0013313965490010077 0.002157330290181327 0.0025497205067876766 0.0018721629679317692 0.0011798259835273657 0.011477740279549759 0.0012925932490155658 0.0015996127649613506 0.0022496592537497337 0.001843644444639552 0.001545670016168532 0.004287889569036588 0.0 0.0020358442875187993 0.0014734097466415075 0.0020030664533583543 0.0026065251319647735 0.0016143671452740417 0.0016811464116188767 0.020197499431072678 0.001180053458165884 0.000982600416166492 0.002632734204604803 0.0012273161020449905 0.0017976443375130914 0.0008450292132679534 0.002696532121815718 0.0023416907593277183
14.0 0.0018053689066529562 0.0018555851093477976 0.0022188090185672293 0.002558506341587916 0.001892841051172091 0.011130972308052227 0.0018695689348071209 0.0016972462811402078 0.0031358860275738742 0.001582440433098979 0.0015610866945860095 0.005164486582778708 0.0020358442875187993 0.0 0.002451804734363106 0.0017128052824174197 0.002274580001866468 0.0025264415217269623 0.0015103075706452453 0.020403593999245156 0.002157036636656113 0.0020182208941171677 0.0022584794792993926 0.0017584075831469904 0.001627087018062133 0.0020435610832073765 0.002351099861741897 0.0019722032480909892
15.0 0.001823135210869434 0.0025789106622343804 0.002968384464131734 0.0024125521836887215 0.0017256643157587711 0.01189498610733005 0.0017377297593729277 0.00204854209872649 0.0020392847253302856 0.0022456645168681295 0.0019752141062113716 0.00409043524716116 0.0014734097466415075 0.002451804734363106 0.0 0.0024260569016907687 0.0030252953468540315 0.0014204208654532758 0.0021102393978378537 0.020466611312578577 0.0012055071113022402 0.001644010276131467 0.003043988135993001 0.0016992309374823976 0.0022274562954188093 0.0014470127705170019 0.003113303372697887 0.002758984602652095
16.0 0.0017510070519593172 0.0013280469339254863 0.0018275051644507144 0.0025032857569564416 0.0018472909649805574 0.010801396716525948 0.00184044805547867 0.001579433152425033 0.003111089969562104 0.001669090057781542 0.0015440049749428524 0.005138547456928419 0.0020030664533583543 0.0017128052824174197 0.0024260569016907687 0.0 0.0018795596870789877 0.002502624876874243 0.0013819637991219378 0.020428303322273016 0.002131197692669417 0.001980781164993707 0.0021359628869368702 0.0017212299187040953 0.0013339400987590479 0.002012256652165525 0.0020294854042296933 0.0016946664765723094
17.0 0.0023642148129634907 0.0017822244769008866 0.001608935850416624 0.0031142354790855264 0.002456342880092644 0.01079900994552458 0.0024443994104009215 0.002213545140640885 0.0037078364261786774 0.0022008567803289457 0.0021529951172104414 0.0057350081295014 0.0026065251319647735 0.002274580001866468 0.0030252953468540315 0.0018795596870789877 0.0 0.003100501116842315 0.0020274505844215945 0.020986767025037725 0.002731020275090071 0.00258640203766348 0.0024656934926062385 0.0023285102096972632 0.0020166684776316353 0.00261510641087061 0.001981764412573225 0.0020768649176943037
18.0 0.0019170000626764464 0.0026550219965553418 0.0030435515260290743 0.0025153768871940944 0.0018296481049738561 0.011969699522696076 0.001826943537329756 0.002132287048033091 0.0018974871439219171 0.002315901566407251 0.002054507653166306 0.003949765296821521 0.0016143671452740417 0.0025264415217269623 0.0014204208654532758 0.002502624876874243 0.003100501116842315 0.0 0.002188777766524369 0.020481378058123167 0.0013334775568063992 0.0017644238849122864 0.003116732775828512 0.001791263543477777 0.0023060724716231734 0.001587174003106184 0.003187844718991365 0.002833760593371663
19.0 0.0014145081819269614 0.0015548662806464603 0.001971645439352759 0.0021816955366371297 0.0015187617462489398 0.010911522687672802 0.0015142109802095973 0.0012302598395557635 0.0028003203597773245 0.0014615602277295433 0.001186956475952964 0.004829308765096864 0.0016811464116188767 0.0015103075706452453 0.0021102393978378537 0.0013819637991219378 0.0020274505844215945 0.002188777766524369 0.0 0.020171486726201983 0.0018140625401358293 0.0016561895924569808 0.0021194860956623273 0.0013902783899868419 0.0011340360207495828 0.0016909128784024876 0.0021335143557487278 0.001775943371406634
20.0 0.02016060954573879 0.020567633947762225 0.020928976791671335 0.02085393630019037 0.020176698125984993 0.02984137104937247 0.02012721125431096 0.02021676325957237 0.02104662490430778 0.020040902812469653 0.02008269735287844 0.023066852854496105 0.020197499431072678 0.020403593999245156 0.020466611312578577 0.020428303322273016 0.020986767025037725 0.020481378058123167 0.020171486726201983 0.0 0.02020569091115491 0.020233279648513583 0.020926538141358586 0.0200626802679119 0.020286313465564317 0.020192169646266852 0.021055819691997345 0.020705656183700242
21.0 0.0015224663763546455 0.0022843021663079503 0.002674141948519842 0.0021136196780328085 0.0014245460273203353 0.011600891774764146 0.0014326584428573652 0.0017505747332399635 0.00199467760509293 0.0019525262747323536 0.0016778403977094126 0.0040396507189012455 0.001180053458165884 0.002157036636656113 0.0012055071113022402 0.002131197692669417 0.002731020275090071 0.0013334775568063992 0.0018140625401358293 0.02020569091115491 0.0 0.0013443844140287806 0.002750702365922602 0.0013965417812870462 0.0019317311081464739 0.0011459516443385774 0.002819324580063942 0.0024647375255182164
22.0 0.0012629957357042617 0.002135717906583203 0.002529633039643057 0.0017452978314601965 0.0010538811259225237 0.011458422782128622 0.0012830002396560618 0.0015620570002117294 0.00239458157756139 0.0018333164531492427 0.0015224816127020159 0.0044305678804930325 0.000982600416166492 0.0020182208941171677 0.001644010276131467 0.001980781164993707 0.00258640203766348 0.0017644238849122864 0.0016561895924569808 0.020233279648513583 0.0013443844140287806 0.0 0.002616467932012166 0.0011890498276109994 0.001771632706053555 0.0010714393384316043 0.0026774016793324413 0.0023225101997053858
23.0 0.002407068510719288 0.0021961023992373273 0.0023952180860545872 0.003155323599005097 0.002492500771719487 0.011229894904776784 0.0024712485955597514 0.002291082634140292 0.0037223179381249537 0.002096217084682833 0.002189054334001364 0.005749199997024619 0.002632734204604803 0.0022584794792993926 0.003043988135993001 0.0021359628869368702 0.0024656934926062385 0.003116732775828512 0.0021194860956623273 0.020926538141358586 0.002750702365922602 0.002616467932012166 0.0 0.002361144071843765 0.0021687624340294026 0.002640201470461904 0.002398730555274945 0.0022055176158952347
24.0 0.0010371188134222944 0.0018770674187246158 0.002271834057262331 0.0017539379719427794 0.001057077088005212 0.011200946215453738 0.0009796828856659828 0.001295619735319227 0.002414155751034857 0.0015817573330567537 0.0012451779287881 0.004447759816999538 0.0012273161020449905 0.0017584075831469904 0.0016992309374823976 0.0017212299187040953 0.0023285102096972632 0.001791263543477777 0.0013902783899868419 0.0200626802679119 0.0013965417812870462 0.0011890498276109994 0.002361144071843765 0.0 0.0015091852767271938 0.001240669351266886 0.0024201814618612415 0.002064612914602042
25.0 0.0015264666600853147 0.0015122728883737308 0.0019602850464889208 0.0022877227934113013 0.0016319631604108024 0.010916633440279856 0.0016346710934416913 0.0013028789978989036 0.0029161779142929238 0.0015725986637060998 0.0013398687725645615 0.004944166642364009 0.0017976443375130914 0.001627087018062133 0.0022274562954188093 0.0013339400987590479 0.0020166684776316353 0.0023060724716231734 0.0011340360207495828 0.020286313465564317 0.0019317311081464739 0.001771632706053555 0.0021687624340294026 0.0015091852767271938 0.0 0.0018078454506138932 0.0021392097084731885 0.0017957416736266514
26.0 0.0013530572040507081 0.002166349943640836 0.002558295064169055 0.0019101750815720539 0.0012166999553151064 0.011486083725026302 0.001297145469304658 0.001612802753841442 0.002224691997700987 0.0018493178508077832 0.0015547361622157254 0.004263738720334128 0.0008450292132679534 0.0020435610832073765 0.0014470127705170019 0.002012256652165525 0.00261510641087061 0.001587174003106184 0.0016909128784024876 0.020192169646266852 0.0011459516443385774 0.0010714393384316043 0.002640201470461904 0.001240669351266886 0.0018078454506138932 0.0 0.0027048292818831208 0.002349969764906295
27.0 0.0024584563571685833 0.0019879278693081042 0.0017913215428303798 0.0032080572092825672 0.00254889641249251 0.010734141168617106 0.002534628101830129 0.0023166066833008193 0.0037945473255658144 0.0022602925488748047 0.0022453063559256673 0.00582155270090481 0.002696532121815718 0.002351099861741897 0.003113303372697887 0.0020294854042296933 0.001981764412573225 0.003187844718991365 0.0021335143557487278 0.021055819691997345 0.002819324580063942 0.0026774016793324413 0.002398730555274945 0.0024201814618612415 0.0021392097084731885 0.0027048292818831208 0.0 0.002149040524980374
28.0 0.0021034560126275076 0.001752594197526056 0.0020312468857168796 0.00285421058483047 0.0021940525205434895 0.010897321371647381 0.0021789444587585064 0.001963727845985368 0.003441340066722187 0.0019036417128328242 0.0018867578700552086 0.005468793735668671 0.0023416907593277183 0.0019722032480909892 0.002758984602652095 0.0016946664765723094 0.0020768649176943037 0.002833760593371663 0.001775943371406634 0.020705656183700242 0.0024647375255182164 0.0023225101997053858 0.0022055176158952347 0.002064612914602042 0.0017957416736266514 0.002349969764906295 0.002149040524980374 0.0
