0.0 1.0 2.0 3.0 4.0 5.0 6.0 7.0 8.0 9.0 10.0 11.0 12.0 13.0 14.0 15.0 16.0 17.0 18.0 19.0 20.0 21.0 22.0 23.0 24.0 25.0 26.0 27.0 28.0
1.0 0.0 0.001940879733885942 0.002265311275841491 0.00181030023902032 0.001093995665096136 0.00210538468663474 0.0012663282389983044 0.0014211882783790103 0.002809314744551857 0.0017247126744439239 0.001413003240508897 0.0028362719467963046 0.001402849224236916 0.002180313347093451 0.001860562685038925 0.0018951626075918854 0.0021332474028629687 0.002081532433499425 0.0016106067871056744 0.005709611602353516 0.0015989770013069547 0.001418303829092525 0.0024620595013502234 0.0010860615870647713 0.001825907755351362 0.0014572697324690884 0.002407163015245367 0.002506841638837444
2.0 0.001940879733885942 0.0 0.0014189594233025848 0.0026761209890298916 0.001967525963430872 0.0013773546146898653 0.0019513496857304097 0.0017568680569640671 0.0033899205068157207 0.0016589007205982094 0.0016365655119630357 0.0034106206344667986 0.002125884849814394 0.0019948827915899463 0.0024967420634360005 0.0011755461156902876 0.001274510123773222 0.0026916733853089713 0.0015416869335367837 0.005893994726909281 0.0022476758204764283 0.002192623318348551 0.0020096167856159296 0.001836755538853458 0.0015758474307730136 0.002166730308689041 0.0016930933112743055 0.0018358721380021398
3.0 0.002265311275841491 0.0014189594233025848 0.0 0.0029986225140536844 0.0022885051698581693 0.0013438376572194005 0.0022689550213071657 0.0020984757794900513 0.003696649173739527 0.0019205336504656506 0.0019595549622483657 0.003716950778417959 0.002441780425857601 0.0022857850373604206 0.002807804798016559 0.0016100630551989735 0.0011306741958948233 0.0030009074048697386 0.0018886421464407645 0.006161372742596918 0.0025598170090984306 0.0025105324721031684 0.0021368359467887846 0.002156911150332198 0.0019542320781827834 0.0024820987512510434 0.0015419748370689825 0.002067022633172831
4.0 0.00181030023902032 0.0026761209890298916 0.0029986225140536844 0.0 0.0014408338929337468 0.0028376763619812916 0.0019127244701458313 0.002215776036469906 0.003382702574106949 0.0024448721270802515 0.002162618998045283 0.003409943184786876 0.001910114484785436 0.002915070205794526 0.002419150207531223 0.0026323628019029035 0.0028668420462056514 0.0026501740091343057 0.0023611887717840934 0.006370840951830475 0.0021568826661137225 0.0018631836527247525 0.0031895452991925876 0.001774313905455038 0.002573184510156639 0.0019808415027416457 0.003138873537200774 0.00324055597931248
5.0 0.001093995665096136 0.001967525963430872 0.0022885051698581693 0.0014408338929337468 0.0 0.002126540728799371 0.001172104922532721 0.0015033491721657159 0.0026512376412813855 0.001726185495522502 0.0014429746363357264 0.0026797047727372433 0.0011720761595321462 0.0021997284321887862 0.0016840397611833833 0.0019238444853874178 0.002156797303067746 0.001915981159201155 0.0016480804301809919 0.005646283642349738 0.0014204536887426366 0.0011287714464991584 0.0024755812765746505 0.0010333064012364296 0.0018649610631917115 0.0012417102372332346 0.002427556476542884 0.002529402323016036
6.0 0.00210538468663474 0.0013773546146898653 0.0013438376572194005 0.0028376763619812916 0.002126540728799371 0.0 0.002104900098477685 0.0019489298545377629 0.003526299730433168 0.001722306055592666 0.0017985350273612482 0.003546381905457916 0.002276775588280126 0.0021048452465204474 0.0026399580403156362 0.0015075685150358498 0.0012417127261338565 0.0028319906207030037 0.0017419852421834633 0.005967840576984847 0.002392590911419176 0.002346727441139713 0.0018588562801985075 0.00199439016038116 0.0018268271493674989 0.002316776893552518 0.0013236440513925514 0.0018488785620882674
7.0 0.0012663282389983044 0.0019513496857304097 0.0022689550213071657 0.0019127244701458313 0.001172104922532721 0.002104900098477685 0.0 0.0015393407906944363 0.0026359741283293273 0.0016820642697556447 0.001412912618051594 0.002664039644642393 0.0012702354000481122 0.0021709655102988955 0.0016853856126840907 0.0019091355058310777 0.0021375068191719806 0.0019034312238727208 0.00163589049810784 0.005604154627935131 0.0014190294919267312 0.0013447146591993961 0.002447108679739847 0.0009454912108383415 0.0018591548571561924 0.001307756612168058 0.002405389241632653 0.002508347222126457
8.0 0.0014211882783790103 0.0017568680569640671 0.0020984757794900513 0.002215776036469906 0.0015033491721657159 0.0019489298545377629 0.0015393407906944363 0.0 0.003048034850092052 0.0016655931395698532 0.0013488697117991018 0.00307218428427999 0.0017160195191282819 0.0020581468701678044 0.002125742536586052 0.0017024798826426545 0.0019649664348853576 0.002333481422041615 0.0014055825776261392 0.005775635530160703 0.001869651245476852 0.0017630142629676173 0.00234042939222352 0.0013950482234030605 0.0015744605241231995 0.0017619444938839926 0.0022536746083407265 0.002346586939224955
9.0 0.002809314744551857 0.0033899205068157207 0.003696649173739527 0.003382702574106949 0.0026512376412813855 0.003526299730433168 0.0026359741283293273 0.003048034850092052 0.0 0.0030723864443550977 0.002909493379236955 0.0016882831011154355 0.0024529029204798996 0.003606666285076823 0.0022106734108789795 0.0033537991000612425 0.003566523974125582 0.0021835796371300277 0.0031086463858026638 0.006451381550578736 0.002194669897292829 0.0026816311830390035 0.003842918889772561 0.0026066986801276306 0.0033256607426840447 0.0024600390237692806 0.003823609884776062 0.003936504918746907
10.0 0.0017247126744439239 0.0016589007205982094 0.0019205336504656506 0.0024448721270802515 0.001726185495522502 0.001722306055592666 0.0016820642697556447 0.0016655931395698532 0.0030723864443550977 0.0 0.0014204940673318575 0.0030920595870465345 0.0018508356975440565 0.001783802012126164 0.0021960216899729605 0.0016477728335682535 0.0017944093804246335 0.0023823722396370483 0.0015219210621136771 0.005405642714993388 0.0019509568216486543 0.0019304103378013236 0.0019364104994150626 0.0015876806242654526 0.0017263820576108608 0.001888133491813775 0.0020123766300126217 0.0021453109467479596
11.0 0.001413003240508897 0.0016365655119630357 0.0019595549622483657 0.002162618998045283 0.0014429746363357264 0.0017985350273612482 0.001412912618051594 0.0013488697117991018 0.002909493379236955 0.0014204940673318575 0.0 0.0029329921195171116 0.0016090829416493325 0.0018362916402319268 0.00199687696805809 0.0015901712867371358 0.0018272366206982939 0.0021989796478350068 0.001276074508383832 0.005580876835201188 0.001742534555023169 0.0016714132985116124 0.002156410781143447 0.0012933596852847072 0.0015385121113336338 0.001650747272605364 0.0021010184427238615 0.0021964808635057597
12.0 0.0028362719467963046 0.0034106206344667986 0.003716950778417959 0.003409943184786876 0.0026797047727372433 0.003546381905457916 0.002664039644642393 0.00307218428427999 0.0016882831011154355 0.0030920595870465345 0.0029329921195171116 0.0 0.0024857004457298137 0.0036277426949844083 0.002256044467686759 0.003374763234112817 0.0035868823059122027 0.00222715483684684 0.003131048285304575 0.006445206110858226 0.002232933646623625 0.0027123399457013265 0.003862029400433076 0.0026342705451057134 0.003347549934223807 0.002493321457388768 0.0038435503158751353 0.003956910514241156
13.0 0.001402849224236916 0.002125884849814394 0.002441780425857601 0.001910114484785436 0.0011720761595321462 0.002276775588280126 0.0012702354000481122 0.0017160195191282819 0.0024529029204798996 0.0018508356975440565 0.0016090829416493325 0.0024857004457298137 0.0 0.0023484138574843497 0.0014305649674638435 0.002084810777355733 0.002310584160102491 0.001699742436460146 0.0018186073188007402 0.005647442317452081 0.001171289899508768 0.0010595411833232693 0.002614591644458343 0.001215908593113901 0.00203790183756647 0.0008734126939930365 0.002576646902951416 0.002681709866507712
14.0 0.002180313347093451 0.0019948827915899463 0.0022857850373604206 0.002915070205794526 0.0021997284321887862 0.0021048452465204474 0.0021709655102988955 0.0020581468701678044 0.003606666285076823 0.001783802012126164 0.0018362916402319268 0.0036277426949844083 0.0023484138574843497 0.0 0.0027144856623830013 0.001968148323144119 0.002154631547179602 0.0029081903014867828 0.0018421483604440533 0.006096282867119569 0.0024654866279240598 0.002418523869505907 0.002423137659126307 0.0020623628786147884 0.0020535260998553826 0.0023882168522113565 0.002406538957608813 0.0024895901538044326
15.0 0.001860562685038925 0.0024967420634360005 0.002807804798016559 0.002419150207531223 0.0016840397611833833 0.0026399580403156362 0.0016853856126840907 0.002125742536586052 0.0022106734108789795 0.0021960216899729605 0.00199687696805809 0.002256044467686759 0.0014305649674638435 0.0027144856623830013 0.0 0.0024582399544860883 0.0026771495818269874 0.0014590230309179451 0.0022026591903415065 0.0058017761704801055 0.001150847665619628 0.0016878741826765245 0.002966719761343919 0.0016562627632236311 0.0024215674524296097 0.0014360404230750869 0.002938560828650727 0.0030474309909411315
16.0 0.0018951626075918854 0.0011755461156902876 0.0016100630551989735 0.0026323628019029035 0.0019238444853874178 0.0015075685150358498 0.0019091355058310777 0.0017024798826426545 0.0033537991000612425 0.0016477728335682535 0.0015901712867371358 0.003374763234112817 0.002084810777355733 0.001968148323144119 0.0024582399544860883 0.0 0.0014667228781230072 0.002654143106154298 0.0014789654701473176 0.005878622686953348 0.002208571314672756 0.002150506241126818 0.0020655641057551405 0.0017931797591082125 0.001501397371167685 0.0021259164049876973 0.001826633613973918 0.0018957353551589187
17.0 0.0021332474028629687 0.001274510123773222 0.0011306741958948233 0.0028668420462056514 0.002156797303067746 0.0012417127261338565 0.0021375068191719806 0.0019649664348853576 0.003566523974125582 0.0017944093804246335 0.0018272366206982939 0.0035868823059122027 0.002310584160102491 0.002154631547179602 0.0026771495818269874 0.0014667228781230072 0.0 0.0028704637062854986 0.0017540343395991873 0.00603581284571416 0.0024290275351975615 0.0023791280063899956 0.0020307210869797932 0.0020252178981335443 0.0018180682338143428 0.0023509543332010377 0.0015287588115903711 0.0019232295792657814
18.0 0.002081532433499425 0.0026916733853089713 0.0030009074048697386 0.0026501740091343057 0.001915981159201155 0.0028319906207030037 0.0019034312238727208 0.002333481422041615 0.0021835796371300277 0.0023823722396370483 0.0021989796478350068 0.00222715483684684 0.001699742436460146 0.0029081903014867828 0.0014590230309179451 0.002654143106154298 0.0028704637062854986 0.0 0.0024026106377829006 0.00590384948463497 0.0014097840501636964 0.0019368755688044463 0.003154522548134044 0.0018763776281613155 0.0026211206195907557 0.0017045557814473992 0.0031300887333741527 0.0032404984342825696
19.0 0.0016106067871056744 0.0015416869335367837 0.0018886421464407645 0.0023611887717840934 0.0016480804301809919 0.0017419852421834633 0.00163589049810784 0.0014055825776261392 0.0031086463858026638 0.0015219210621136771 0.001276074508383832 0.003131048285304575 0.0018186073188007402 0.0018421483604440533 0.0022026591903415065 0.0014789654701473176 0.0017540343395991873 0.0024026106377829006 0.0 0.005719602425864077 0.001950276238158279 0.0018803208544147527 0.0021512700329268542 0.0015143817593257548 0.0013749559678759233 0.0018606221395981355 0.0020488885330141654 0.0021327992731651297
20.0 0.005709611602353516 0.005893994726909281 0.006161372742596918 0.006370840951830475 0.005646283642349738 0.005967840576984847 0.005604154627935131 0.005775635530160703 0.006451381550578736 0.005405642714993388 0.005580876835201188 0.006445206110858226 0.005647442317452081 0.006096282867119569 0.0058017761704801055 0.005878622686953348 0.00603581284571416 0.00590384948463497 0.005719602425864077 0.0 0.005616952908626268 0.005782768493687594 0.006190019294944184 0.0055416381775075015 0.005923149409223268 0.005672544756744032 0.0062544055443676085 0.006400961535558965
21.0 0.0015989770013069547 0.0022476758204764283 0.0025598170090984306 0.0021568826661137225 0.0014204536887426366 0.002392590911419176 0.0014190294919267312 0.001869651245476852 0.002194669897292829 0.0019509568216486543 0.001742534555023169 0.002232933646623625 0.001171289899508768 0.0024654866279240598 0.001150847665619628 0.002208571314672756 0.0024290275351975615 0.0014097840501636964 0.001950276238158279 0.005616952908626268 0.0 0.0014241843337241082 0.002721899322370808 0.0013924389828238986 0.0021697817966061283 0.001169675528641048 0.00269152111858205 0.0027993609566749882
22.0 0.001418303829092525 0.002192623318348551 0.0025105324721031684 0.0018631836527247525 0.0011287714464991584 0.002346727441139713 0.0013447146591993961 0.0017630142629676173 0.0026816311830390035 0.0019304103378013236 0.0016714132985116124 0.0027123399457013265 0.0010595411833232693 0.002418523869505907 0.0016878741826765245 0.002150506241126818 0.0023791280063899956 0.0019368755688044463 0.0018803208544147527 0.005782768493687594 0.0014241843337241082 0.0 0.0026890325430391927 0.0012614492116747552 0.0020989954841832926 0.0011830050047712812 0.002647069706634258 0.002750783986048784
23.0 0.0024620595013502234 0.0020096167856159296 0.0021368359467887846 0.0031895452991925876 0.0024755812765746505 0.0018588562801985075 0.002447108679739847 0.00234042939222352 0.003842918889772561 0.0019364104994150626 0.002156410781143447 0.003862029400433076 0.002614591644458343 0.002423137659126307 0.002966719761343919 0.0020655641057551405 0.0020307210869797932 0.003154522548134044 0.0021512700329268542 0.006190019294944184 0.002721899322370808 0.0026890325430391927 0.0 0.002342171938219095 0.002286358955804867 0.0026534337715537135 0.002101809565690724 0.002428229900092768
24.0 0.0010860615870647713 0.001836755538853458 0.002156911150332198 0.001774313905455038 0.0010333064012364296 0.00199439016038116 0.0009454912108383415 0.0013950482234030605 0.0026066986801276306 0.0015876806242654526 0.0012933596852847072 0.0026342705451057134 0.001215908593113901 0.0020623628786147884 0.0016562627632236311 0.0017931797591082125 0.0020252178981335443 0.0018763776281613155 0.0015143817593257548 0.0055416381775075015 0.0013924389828238986 0.0012614492116747552 0.002342171938219095 0.0 0.0017365589355943251 0.0012622300267249168 0.002295400503497964 0.0023969376335210525
25.0 0.001825907755351362 0.0015758474307730136 0.0019542320781827834 0.002573184510156639 0.0018649610631917115 0.0018268271493674989 0.0018591548571561924 0.0015744605241231995 0.0033256607426840447 0.0017263820576108608 0.0015385121113336338 0.003347549934223807 0.00203790183756647 0.0020535260998553826 0.0024215674524296097 0.001501397371167685 0.0018180682338143428 0.0026211206195907557 0.0013749559678759233 0.005923149409223268 0.0021697817966061283 0.0020989954841832926 0.002286358955804867 0.0017365589355943251 0.0 0.002080187362484949 0.002136692811569357 0.002221565180496885
26.0 0.0014572697324690884 0.002166730308689041 0.0024820987512510434 0.0019808415027416457 0.0012417102372332346 0.002316776893552518 0.001307756612168058 0.0017619444938839926 0.0024600390237692806 0.001888133491813775 0.001650747272605364 0.002493321457388768 0.0008734126939930365 0.0023882168522113565 0.0014360404230750869 0.0021259164049876973 0.0023509543332010377 0.0017045557814473992 0.0018606221395981355 0.005672544756744032 0.001169675528641048 0.0011830050047712812 0.0026534337715537135 0.0012622300267249168 0.002080187362484949 0.0 0.002616531836905734 0.0027219178503992605
27.0 0.002407163015245367 0.0016930933112743055 0.0015419748370689825 0.003138873537200774 0.002427556476542884 0.0013236440513925514 0.002405389241632653 0.0022536746083407265 0.003823609884776062 0.0020123766300126217 0.0021010184427238615 0.0038435503158751353 0.002576646902951416 0.002406538957608813 0.002938560828650727 0.001826633613973918 0.0015287588115903711 0.0031300887333741527 0.0020488885330141654 0.0062544055443676085 0.00269152111858205 0.002647069706634258 0.002101809565690724 0.002295400503497964 0.002136692811569357 0.002616531836905734 0.0 0.002197356528788056
28.0 0.002506841638837444 0.0018358721380021398 0.002067022633172831 0.00324055597931248 0.002529402323016036 0.0018488785620882674 0.002508347222126457 0.002346586939224955 0.003936504918746907 0.0021453109467479596 0.0021964808635057597 0.003956910514241156 0.002681709866507712 0.0024895901538044326 0.0030474309909411315 0.0018957353551589187 0.0019232295792657814 0.0032404984342825696 0.0021327992731651297 0.006400961535558965 0.0027993609566749882 0.002750783986048784 0.002428229900092768 0.0023969376335210525 0.002221565180496885 0.0027219178503992605 0.002197356528788056 0.0
