0.0 1.0 2.0 3.0 4.0 5.0 6.0 7.0 8.0 9.0 10.0 11.0 12.0 13.0
1.0 0.0 0.001789476173465888 0.0015166331623948964 0.004689584630734856 0.0032385539255275347 0.004436184599719256 0.003397080908144999 0.0032504323315647944 0.003122288144313887 0.0038436725406330845 0.0039781582452672664 0.0036086586108697834 0.0030748575217960155
2.0 0.001789476173465888 0.0 0.0015119042822770048 0.004597431430770666 0.003144644944106126 0.004344023399110525 0.0033032719442895454 0.003156222060168854 0.003027816459217963 0.0037503123552470544 0.0038897303645656954 0.0035162412010339593 0.0029797587787835592
3.0 0.0015166331623948964 0.0015119042822770048 0.0 0.004159308586004085 0.0027065840334625623 0.0039059004327319357 0.002865274076317392 0.0027182308034032674 0.0025897839390445513 0.0033122404271419374 0.003451366020746885 0.003078032795826787 0.0025419748796668426
4.0 0.004689584630734856 0.004597431430770666 0.004159308586004085 0.0 0.0024360632068702696 0.001016466845252426 0.002485385366061013 0.0025552401224424788 0.0025621635969281763 0.0026609565962187488 0.0031801777339681 0.002417619219969548 0.0027191493059022494
5.0 0.0032385539255275347 0.003144644944106126 0.0027065840334625623 0.0024360632068702696 0.0 0.0021825483702429364 0.0010295488553034439 0.0009193048741824657 0.0009784983692843396 0.0015036950576971268 0.0020101455276653633 0.0014332807782628408 0.0011857953178952794
6.0 0.004436184599719256 0.004344023399110525 0.0039059004327319357 0.001016466845252426 0.0021825483702429364 0.0 0.0022319118690461615 0.00230174496072138 0.0023086695941835532 0.0024074128774717075 0.002926930631649014 0.002164095899829125 0.002465668603248523
7.0 0.003397080908144999 0.0033032719442895454 0.002865274076317392 0.002485385366061013 0.0010295488553034439 0.0022319118690461615 0.0 0.001056430331508327 0.0011720437835252388 0.0014421836450494597 0.0021581676993828744 0.0015534523161223205 0.001324893457295315
8.0 0.0032504323315647944 0.003156222060168854 0.0027182308034032674 0.0025552401224424788 0.0009193048741824657 0.00230174496072138 0.001056430331508327 0.0 0.0009460363179927701 0.0016123036506721696 0.002105014317270789 0.0015523850152981255 0.0011359556845804445
9.0 0.003122288144313887 0.003027816459217963 0.0025897839390445513 0.0025621635969281763 0.0009784983692843396 0.0023086695941835532 0.0011720437835252388 0.0009460363179927701 0.0 0.0016614643415640892 0.0020397180619239437 0.0015249587183869253 0.0010214353506171371
10.0 0.0038436725406330845 0.0037503123552470544 0.0033122404271419374 0.0026609565962187488 0.0015036950576971268 0.0024074128774717075 0.0014421836450494597 0.0016123036506721696 0.0016614643415640892 0.0 0.002492769728513951 0.0018215638740044912 0.0018243676048265026
11.0 0.0039781582452672664 0.0038897303645656954 0.003451366020746885 0.0031801777339681 0.0020101455276653633 0.002926930631649014 0.0021581676993828744 0.002105014317270789 0.0020397180619239437 0.002492769728513951 0.0 0.001930849044971576 0.00215761036037987
12.0 0.0036086586108697834 0.0035162412010339593 0.003078032795826787 0.002417619219969548 0.0014332807782628408 0.002164095899829125 0.0015534523161223205 0.0015523850152981255 0.0015249587183869253 0.0018215638740044912 0.001930849044971576 0.0 0.0016736481319065185
13.0 0.0030748575217960155 0.0029797587787835592 0.0025419748796668426 0.0027191493059022494 0.0011857953178952794 0.002465668603248523 0.001324893457295315 0.0011359556845804445 0.0010214353506171371 0.0018243676048265026 0.00215761036037987 0.0016736481319065185 0.0
