0.0 1.0 2.0 3.0 4.0 5.0 6.0 7.0 8.0 9.0 10.0 11.0 12.0 13.0
1.0 0.0 0.002044011540727172 0.0023682837718586535 0.006243585220411621 0.0034605737658973254 0.005969523860179735 0.003659632019662051 0.0034445228871298745 0.0033476081379816137 0.004382111003904709 0.00435465733726678 0.004289238193276956 0.003271350048191215
2.0 0.002044011540727172 0.0 0.0015714810167947427 0.005351144658201908 0.0025672404859446935 0.005077078030211982 0.0027663041394967117 0.002551086136445334 0.0024541115260652024 0.0034889190297473904 0.0034637045215796924 0.0033967532434753655 0.0023775780552819344
3.0 0.0023682837718586535 0.0015714810167947427 0.0 0.0054639239076534375 0.002680120097510034 0.0051898571382929 0.0028792174457279007 0.002664010141916071 0.0025670154772872004 0.0036017890524696703 0.003576269482498685 0.0035094806339916133 0.0024906670134125916
4.0 0.006243585220411621 0.005351144658201908 0.0054639239076534375 0.0 0.003681982648668364 0.0016835295550742188 0.003817122934913505 0.0037710493268682996 0.0037851678589374527 0.0043039634527320455 0.0043923458275215 0.0036412625087978833 0.003924736018545627
5.0 0.0034605737658973254 0.0025672404859446935 0.002680120097510034 0.003681982648668364 0.0 0.0034077844834814143 0.0009703737596795884 0.0008110839477988596 0.0008850599432909654 0.0016883031052725402 0.0020503509244004653 0.0018002933361935597 0.0010714502223026137
6.0 0.005969523860179735 0.005077078030211982 0.0051898571382929 0.0016835295550742188 0.0034077844834814143 0.0 0.0035428889253376434 0.00349686324581357 0.003511012697574961 0.00402961526792886 0.00411865191394243 0.003367573241465893 0.0036505987922704113
7.0 0.003659632019662051 0.0027663041394967117 0.0028792174457279007 0.003817122934913505 0.0009703737596795884 0.0035428889253376434 0.0 0.0009727896454671532 0.0011100258652277932 0.001680374600430988 0.0022507741336261784 0.0019773413138266336 0.0012493404852534614
8.0 0.0034445228871298745 0.002551086136445334 0.002664010141916071 0.0037710493268682996 0.0008110839477988596 0.00349686324581357 0.0009727896454671532 0.0 0.0008467483752650881 0.0017708670258639548 0.0021065504247756127 0.0018835541230419143 0.0010132871778489672
9.0 0.0033476081379816137 0.0024541115260652024 0.0025670154772872004 0.0037851678589374527 0.0008850599432909654 0.003511012697574961 0.0011100258652277932 0.0008467483752650881 0.0 0.0018512726093648764 0.0020544861257302703 0.0018705114296906841 0.0009392981961021942
10.0 0.004382111003904709 0.0034889190297473904 0.0036017890524696703 0.0043039634527320455 0.0016883031052725402 0.00402961526792886 0.001680374600430988 0.0017708670258639548 0.0018512726093648764 0.0 0.002879227117194289 0.002533880934250266 0.002004127298460688
11.0 0.00435465733726678 0.0034637045215796924 0.003576269482498685 0.0043923458275215 0.0020503509244004653 0.00411865191394243 0.0022507741336261784 0.0021065504247756127 0.0020544861257302703 0.002879227117194289 0.0 0.002203788256252474 0.0021476184358976734
12.0 0.004289238193276956 0.0033967532434753655 0.0035094806339916133 0.0036412625087978833 0.0018002933361935597 0.003367573241465893 0.0019773413138266336 0.0018835541230419143 0.0018705114296906841 0.002533880934250266 0.002203788256252474 0.0 0.0019993282782729766
13.0 0.003271350048191215 0.0023775780552819344 0.0024906670134125916 0.003924736018545627 0.0010714502223026137 0.0036505987922704113 0.0012493404852534614 0.0010132871778489672 0.0009392981961021942 0.002004127298460688 0.0021476184358976734 0.0019993282782729766 0.0
