0.0 1.0 2.0 3.0 4.0 5.0 6.0 7.0 8.0 9.0 10.0 11.0 12.0 13.0
1.0 0.0 0.0012765860680817984 0.0014066651037176036 0.008837666443781844 0.0025628102046382903 0.009184916676559778 0.0027375348295861452 0.0025439141950183613 0.002455401222732078 0.0033013106184000777 0.004147261651468665 0.0052259339017109805 0.0024066929362979235
2.0 0.0012765860680817984 0.0 0.0010128334623385753 0.008356985242022877 0.0020791303315954987 0.008704226880365293 0.002253848950489144 0.0020601028061402694 0.001971550215442766 0.002817781194514494 0.003669615259937007 0.004744872958308008 0.001922517460872498
3.0 0.0014066651037176036 0.0010128334623385753 0.0 0.008363582639942005 0.0020859108470579644 0.00871082456974626 0.0022606700271286745 0.0020669252342994217 0.001978336993408999 0.002824566953090902 0.003675840957424398 0.00475139633378543 0.0019294638769420552
4.0 0.008837666443781844 0.008356985242022877 0.008363582639942005 0.0 0.007193760822301976 0.002638088152834419 0.0073266178175946635 0.007275481483423523 0.007262583031077613 0.0077003062194495875 0.007998097631430964 0.007728827936452838 0.007403280666867702
5.0 0.0025628102046382903 0.0020791303315954987 0.0020859108470579644 0.007193760822301976 0.0 0.00754081905932151 0.0009213841993215071 0.0007966578705574118 0.0008365631804129695 0.0014594114558024182 0.0027859587685554353 0.0036434206581602967 0.0010279340659558977
6.0 0.009184916676559778 0.008704226880365293 0.00871082456974626 0.002638088152834419 0.00754081905932151 0.0 0.007673643405389567 0.007622560444764912 0.007609694342386502 0.008047215519813404 0.008346341588388697 0.008076488679526856 0.007750420414752164
7.0 0.0027375348295861452 0.002253848950489144 0.0022606700271286745 0.0073266178175946635 0.0009213841993215071 0.007673643405389567 0.0 0.0009295359450823661 0.0010381708260166966 0.0014425164471343153 0.002966198485565997 0.003808016873026088 0.0011823769820647266
8.0 0.0025439141950183613 0.0020601028061402694 0.0020669252342994217 0.007275481483423523 0.0007966578705574118 0.007622560444764912 0.0009295359450823661 0.0 0.0008183210751841457 0.0015447289016854802 0.0028284282494056385 0.003718668150153868 0.0009721041147300814
9.0 0.002455401222732078 0.001971550215442766 0.001978336993408999 0.007262583031077613 0.0008365631804129695 0.007609694342386502 0.0010381708260166966 0.0008183210751841457 0.0 0.001606233939842121 0.0027619249780078915 0.003685227794159694 0.0009148138458897922
10.0 0.0033013106184000777 0.002817781194514494 0.002824566953090902 0.0077003062194495875 0.0014594114558024182 0.008047215519813404 0.0014425164471343153 0.0015447289016854802 0.001606233939842121 0.0 0.003457027370389643 0.004231975734513673 0.0017689181691274741
11.0 0.004147261651468665 0.003669615259937007 0.003675840957424398 0.007998097631430964 0.0027859587685554353 0.008346341588388697 0.002966198485565997 0.0028284282494056385 0.0027619249780078915 0.003457027370389643 0.0 0.004067944095965996 0.0028501325281688173
12.0 0.0052259339017109805 0.004744872958308008 0.00475139633378543 0.007728827936452838 0.0036434206581602967 0.008076488679526856 0.003808016873026088 0.003718668150153868 0.003685227794159694 0.004231975734513673 0.004067944095965996 0.0 0.003816739054464636
13.0 0.0024066929362979235 0.001922517460872498 0.0019294638769420552 0.007403280666867702 0.0010279340659558977 0.007750420414752164 0.0011823769820647266 0.0009721041147300814 0.0009148138458897922 0.0017689181691274741 0.0028501325281688173 0.003816739054464636 0.0
