0.0 1.0 2.0 3.0 4.0 5.0 6.0 7.0 8.0 9.0 10.0 11.0 12.0 13.0
1.0 0.0 0.04295531796844515 0.024620920179305048 0.10493686880272285 0.053811801826285456 0.07711464450002681 0.056920933276680234 0.05451598651093541 0.050639769590885564 0.0707189095567848 0.08408397182082242 0.06233273776318218 0.05076368866896666
2.0 0.04295531796844515 0.0 0.03684959118657741 0.11583555905742737 0.06469944291844251 0.08801333815606466 0.06781057526987705 0.06540242636500812 0.061523410809929416 0.08161007444893677 0.09504499623190257 0.07322724241128006 0.06164613522839836
3.0 0.024620920179305048 0.03684959118657741 0.0 0.09557027123704848 0.044436673653381074 0.0677480512070403 0.04754841995460111 0.04514024565904931 0.04126139906506557 0.06134705616493645 0.07476236342575551 0.05296200875363871 0.041385932487075505
4.0 0.10493686880272285 0.11583555905742737 0.09557027123704848 0.0 0.06402874890311164 0.03698750626132974 0.06414384387521502 0.06649094327125356 0.06617573715940854 0.07372242754883011 0.09861948975008264 0.06585617210592531 0.06888839228133839
5.0 0.053811801826285456 0.06469944291844251 0.044436673653381074 0.06402874890311164 0.0 0.03620725122586772 0.013958337304595829 0.011791220055424212 0.012856729902993094 0.028429902804620738 0.05238847427453738 0.02250638443090118 0.016391798353053433
6.0 0.07711464450002681 0.08801333815606466 0.0677480512070403 0.03698750626132974 0.03620725122586772 0.0 0.03632468232462462 0.03866967914464718 0.038354001177806074 0.045904898818754855 0.0707954966882702 0.03803035707767766 0.04106657724116118
7.0 0.056920933276680234 0.06781057526987705 0.04754841995460111 0.06414384387521502 0.013958337304595829 0.03632468232462462 0.0 0.015235865623656461 0.01647003034432877 0.02469877267970967 0.0550362439315753 0.024485210826474563 0.019376749760440737
8.0 0.05451598651093541 0.06540242636500812 0.04514024565904931 0.06649094327125356 0.011791220055424212 0.03866967914464718 0.015235865623656461 0.0 0.012373215951916025 0.030501670536743394 0.05403797159167631 0.02505282609286741 0.016262246068272035
9.0 0.050639769590885564 0.061523410809929416 0.04126139906506557 0.06617573715940854 0.012856729902993094 0.038354001177806074 0.01647003034432877 0.012373215951916025 0.0 0.030972310107595685 0.051617296615867975 0.02417926910733534 0.011850930034489629
10.0 0.0707189095567848 0.08161007444893677 0.06134705616493645 0.07372242754883011 0.028429902804620738 0.045904898818754855 0.02469877267970967 0.030501670536743394 0.030972310107595685 0.0 0.06767551148464415 0.03583416914177828 0.03383525893822044
11.0 0.08408397182082242 0.09504499623190257 0.07476236342575551 0.09861948975008264 0.05238847427453738 0.0707954966882702 0.0550362439315753 0.05403797159167631 0.051617296615867975 0.06767551148464415 0.0 0.05541305947888758 0.05313599284322759
12.0 0.06233273776318218 0.07322724241128006 0.05296200875363871 0.06585617210592531 0.02250638443090118 0.03803035707767766 0.024485210826474563 0.02505282609286741 0.02417926910733534 0.03583416914177828 0.05541305947888758 0.0 0.026750208968233782
13.0 0.05076368866896666 0.06164613522839836 0.041385932487075505 0.06888839228133839 0.016391798353053433 0.04106657724116118 0.019376749760440737 0.016262246068272035 0.011850930034489629 0.03383525893822044 0.05313599284322759 0.026750208968233782 0.0
