0.0 1.0 2.0 3.0 4.0 5.0 6.0 7.0 8.0 9.0 10.0 11.0 12.0 13.0
1.0 0.0 0.0013064361925223718 0.0013788436572774354 0.00563185586845039 0.0025621470727348523 0.005301390206035509 0.0026820491475041705 0.002514510461018492 0.0024502111835134023 0.0030158957567369997 0.0033313657745900824 0.0036219790021743354 0.0023863441489807282
2.0 0.0013064361925223718 0.0 0.0010529144849668955 0.005215322563517394 0.0021436526279162145 0.004884850706436591 0.002263558509532909 0.0020958627056274527 0.0020315222772723076 0.0025976020124669876 0.002916749621294629 0.003205363798200727 0.0019672775308134573
3.0 0.0013788436572774354 0.0010529144849668955 0.0 0.005115023529547843 0.0020433855575177243 0.004784551437439768 0.0021633368520060157 0.0019956395923790273 0.0019312541386127336 0.002497347715712168 0.002816318276369552 0.003104980005006484 0.0018671778737497221
4.0 0.00563185586845039 0.005215322563517394 0.005115023529547843 0.0 0.004004251702458762 0.0013480487655096862 0.004068641842282852 0.004045824406614916 0.004050498926722607 0.004207789082526455 0.004387943985288467 0.0039825745647604485 0.004162071102278916
5.0 0.0025621470727348523 0.0021436526279162145 0.0020433855575177243 0.004004251702458762 0.0 0.003673644580745889 0.0009144222018355867 0.0008003128655440245 0.0008476704650142467 0.0012312235343770106 0.0019172864400305752 0.002064469693678922 0.0010099907256279745
6.0 0.005301390206035509 0.004884850706436591 0.004784551437439768 0.0013480487655096862 0.003673644580745889 0.0 0.0037379954385356865 0.0037152311459211183 0.0037199356184048626 0.0038770369024164362 0.004057917129154339 0.0036525096058020266 0.0038315264491744485
7.0 0.0026820491475041705 0.002263558509532909 0.0021633368520060157 0.004068641842282852 0.0009144222018355867 0.0037379954385356865 0.0 0.0008897167286920928 0.0010008390957147177 0.0011640381924797752 0.0020383089670388604 0.00216651335433122 0.0011113854980079733
8.0 0.002514510461018492 0.0020958627056274527 0.0019956395923790273 0.004045824406614916 0.0008003128655440245 0.0037152311459211183 0.0008897167286920928 0.0 0.0008013900618622331 0.0012736908121494537 0.0019306460847958711 0.0020993101518659556 0.00092601001989903
9.0 0.0024502111835134023 0.0020315222772723076 0.0019312541386127336 0.004050498926722607 0.0008476704650142467 0.0037199356184048626 0.0010008390957147177 0.0008013900618622331 0.0 0.0013419321378023985 0.0018859048391457432 0.00208035694629899 0.0008893540453522352
10.0 0.0030158957567369997 0.0025976020124669876 0.002497347715712168 0.004207789082526455 0.0012312235343770106 0.0038770369024164362 0.0011640381924797752 0.0012736908121494537 0.0013419321378023985 0.0 0.002294443067789833 0.0023681649603169777 0.00146954130831099
11.0 0.0033313657745900824 0.002916749621294629 0.002816318276369552 0.004387943985288467 0.0019172864400305752 0.004057917129154339 0.0020383089670388604 0.0019306460847958711 0.0018859048391457432 0.002294443067789833 0.0 0.0021236208231518337 0.001960296570954885
12.0 0.0036219790021743354 0.003205363798200727 0.003104980005006484 0.0039825745647604485 0.002064469693678922 0.0036525096058020266 0.00216651335433122 0.0020993101518659556 0.00208035694629899 0.0023681649603169777 0.0021236208231518337 0.0 0.0021819587300674183
13.0 0.0023863441489807282 0.0019672775308134573 0.0018671778737497221 0.004162071102278916 0.0010099907256279745 0.0038315264491744485 0.0011113854980079733 0.00092601001989903 0.0008893540453522352 0.00146954130831099 0.001960296570954885 0.0021819587300674183 0.0
