0.0 1.0 2.0 3.0 4.0 5.0 6.0 7.0 8.0 9.0 10.0 11.0 12.0 13.0 14.0
1.0 0.0 0.0029792597146953105 0.002044406860640138 0.002171621013488516 0.0021649997013104168 0.0019059019593462047 0.0020475278202020334 0.0020997840604232297 0.0021369798966683175 0.00207882914644058 0.002088428101642054 0.0019134535793362262 0.0020460128779285418 0.0019019148940628795
2.0 0.0029792597146953105 0.0 0.0033135644952395535 0.0035247774209498425 0.00351872636496749 0.0031821477857481096 0.0033207615959844044 0.003459071611536356 0.003490914587158097 0.003440979790215762 0.00330249318156948 0.0031899469977705623 0.0033136543763579913 0.00317949694143188
3.0 0.002044406860640138 0.0033135644952395535 0.0 0.0012370804952565439 0.0012327851943476076 0.0009692203443000522 0.0005193490708923676 0.0011882878595810549 0.0012039545815736435 0.0011792697127485114 0.001317653154360371 0.0009604048582287441 0.0003689424236162247 0.0009748812475113017
4.0 0.002171621013488516 0.0035247774209498425 0.0012370804952565439 0.0 0.0002843691637072982 0.0012926127191934945 0.0012224023258272055 0.0007364047693293268 0.0006154035055465409 0.0007240779790055538 0.0016409477133852881 0.0012881908436557681 0.0012444712937262994 0.0012936239243491882
5.0 0.0021649997013104168 0.00351872636496749 0.0012327851943476076 0.0002843691637072982 0.0 0.0012873651978761121 0.0012181890915581185 0.0007229589101135458 0.0005991811661025153 0.0007099986282730971 0.001635581809452908 0.0012829713341760594 0.0012401524434831187 0.001288355387520907
6.0 0.0019059019593462047 0.0031821477857481096 0.0009692203443000522 0.0012926127191934945 0.0012873651978761121 0.0 0.0009793172027586072 0.001232253381062645 0.0012573209620778307 0.0012196539532269611 0.0010573299090548835 0.0003401398214136571 0.0009688751674004066 0.00029221518855874
7.0 0.0020475278202020334 0.0033207615959844044 0.0005193490708923676 0.0012224023258272055 0.0012181890915581185 0.0009793172027586072 0.0 0.0011746065660682265 0.0011894559628538174 0.0011658896607140662 0.0013300883899610067 0.0009706311664455724 0.0005633517438091121 0.0009846567199767757
8.0 0.0020997840604232297 0.003459071611536356 0.0011882878595810549 0.0007364047693293268 0.0007229589101135458 0.001232253381062645 0.0011746065660682265 0.0 0.0006428800186791483 0.0004677260721438776 0.0015801043242846396 0.0012280986201583402 0.0011954007350518056 0.0012330318162887344
9.0 0.0021369798966683175 0.003490914587158097 0.0012039545815736435 0.0006154035055465409 0.0005991811661025153 0.0012573209620778307 0.0011894559628538174 0.0006428800186791483 0.0 0.0006529722749964114 0.001606105238562949 0.0012529059676252396 0.001211301411274878 0.00125830264985773
10.0 0.00207882914644058 0.003440979790215762 0.0011792697127485114 0.0007240779790055538 0.0007099986282730971 0.0012196539532269611 0.0011658896607140662 0.0004677260721438776 0.0006529722749964114 0.0 0.0015664748848141954 0.0012156546779474831 0.001186289653437447 0.0012203355438273698
11.0 0.002088428101642054 0.00330249318156948 0.001317653154360371 0.0016409477133852881 0.001635581809452908 0.0010573299090548835 0.0013300883899610067 0.0015801043242846396 0.001606105238562949 0.0015664748848141954 0.0 0.0010728931039912318 0.0013161298960952263 0.0010554190883098023
12.0 0.0019134535793362262 0.0031899469977705623 0.0009604048582287441 0.0012881908436557681 0.0012829713341760594 0.0003401398214136571 0.0009706311664455724 0.0012280986201583402 0.0012529059676252396 0.0012156546779474831 0.0010728931039912318 0.0 0.0009600417698891958 0.0004153091471803673
13.0 0.0020460128779285418 0.0033136543763579913 0.0003689424236162247 0.0012444712937262994 0.0012401524434831187 0.0009688751674004066 0.0005633517438091121 0.0011954007350518056 0.001211301411274878 0.001186289653437447 0.0013161298960952263 0.0009600417698891958 0.0 0.0009746412011209949
14.0 0.0019019148940628795 0.00317949694143188 0.0009748812475113017 0.0012936239243491882 0.001288355387520907 0.00029221518855874 0.0009846567199767757 0.0012330318162887344 0.00125830264985773 0.0012203355438273698 0.0010554190883098023 0.0004153091471803673 0.0009746412011209949 0.0
