0.0 1.0 2.0 3.0 4.0 5.0 6.0 7.0 8.0 9.0 10.0 11.0 12.0 13.0 14.0
1.0 0.0 0.002771585647091832 0.00238699156471533 0.0025132167345241186 0.0025068408653331404 0.0022157467618172315 0.0023972898528140333 0.0024267823815718736 0.002463385717543238 0.0024142824529686507 0.0024576643859295574 0.002224071223691028 0.002386588903742526 0.002213525225678077
2.0 0.002771585647091832 0.0 0.0030125952154530615 0.0032469701108082225 0.003241224213345328 0.0028427046483722935 0.003028226955747601 0.003167740456342422 0.0031980958299156806 0.0031590251677805718 0.0029939797002025217 0.0028518500510786083 0.003010264358725361 0.0028418694077825555
3.0 0.00238699156471533 0.0030125952154530615 0.0 0.0013170381671776866 0.0013129032167048722 0.0010327044530999223 0.0005443302278477224 0.0012557689642170716 0.0012700307808344749 0.0012564647424927254 0.0014768060271109842 0.0010235412219697449 0.0003757933719018493 0.0010407694634709972
4.0 0.0025132167345241186 0.0032469701108082225 0.0013170381671776866 0.0 0.0002926574373589585 0.0013656617866498306 0.0013072262390322912 0.0007370543340586276 0.0006079506060981499 0.0007355118439091118 0.0018107035034552622 0.001361244124901918 0.0013230026782164203 0.001368599324069289
5.0 0.0025068408653331404 0.003241224213345328 0.0013129032167048722 0.0002926574373589585 0.0 0.0013605787465288898 0.0013031711289178457 0.0007242414105963772 0.0005930105972988477 0.0007218484745525307 0.001805511533586321 0.0013561868739287854 0.0013188456033422198 0.0013634963713842242
6.0 0.0022157467618172315 0.0028427046483722935 0.0010327044530999223 0.0013656617866498306 0.0013605787465288898 0.0 0.0010503318610891156 0.001291812446399504 0.0013160281312909346 0.0012884060413299063 0.0011665842758984283 0.0003375618351473186 0.001030367342602596 0.00029068533487078144
7.0 0.0023972898528140333 0.003028226955747601 0.0005443302278477224 0.0013072262390322912 0.0013031711289178457 0.0010503318610891156 0.0 0.0012470246265563513 0.0012604386960126464 0.001248053045619125 0.001496972200562001 0.0010413270585248832 0.0005902659556542311 0.0010580401454769782
8.0 0.0024267823815718736 0.003167740456342422 0.0012557689642170716 0.0007370543340586276 0.0007242414105963772 0.001291812446399504 0.0012470246265563513 0.0 0.0006328287009151816 0.00047363472399780627 0.0017362154199671723 0.0012876777815866397 0.001261444437794764 0.0012945044751162668
9.0 0.002463385717543238 0.0031980958299156806 0.0012700307808344749 0.0006079506060981499 0.0005930105972988477 0.0013160281312909346 0.0012604386960126464 0.0006328287009151816 0.0 0.0006515703078391398 0.0017613909083251415 0.0013116349457185992 0.0012759409584350016 0.0013189260971101843
10.0 0.0024142824529686507 0.0031590251677805718 0.0012564647424927254 0.0007355118439091118 0.0007218484745525307 0.0012884060413299063 0.001248053045619125 0.00047363472399780627 0.0006515703078391398 0.0 0.0017317183813670197 0.0012844335213515758 0.0012620412506965067 0.0012909932886660397
11.0 0.0024576643859295574 0.0029939797002025217 0.0014768060271109842 0.0018107035034552622 0.001805511533586321 0.0011665842758984283 0.001496972200562001 0.0017362154199671723 0.0017613909083251415 0.0017317183813670197 0.0 0.0011830640201198465 0.0014732107301851185 0.0011671006729207598
12.0 0.002224071223691028 0.0028518500510786083 0.0010235412219697449 0.001361244124901918 0.0013561868739287854 0.0003375618351473186 0.0010413270585248832 0.0012876777815866397 0.0013116349457185992 0.0012844335213515758 0.0011830640201198465 0.0 0.0010211774892635527 0.0004138000411735318
13.0 0.002386588903742526 0.003010264358725361 0.0003757933719018493 0.0013230026782164203 0.0013188456033422198 0.001030367342602596 0.0005902659556542311 0.001261444437794764 0.0012759409584350016 0.0012620412506965067 0.0014732107301851185 0.0010211774892635527 0.0 0.001038546828510921
14.0 0.002213525225678077 0.0028418694077825555 0.0010407694634709972 0.001368599324069289 0.0013634963713842242 0.00029068533487078144 0.0010580401454769782 0.0012945044751162668 0.0013189260971101843 0.0012909932886660397 0.0011671006729207598 0.0004138000411735318 0.001038546828510921 0.0
