0.0 1.0 2.0 3.0 4.0 5.0 6.0 7.0 8.0 9.0 10.0 11.0 12.0 13.0 14.0
1.0 0.0 0.0009613044146794605 0.002426698456723569 0.0025462591991160244 0.002544375408249691 0.0022590261120585676 0.002428097248020057 0.002468817215012414 0.002500362639241594 0.0024716226687729985 0.0022749722690855005 0.002261561536811317 0.0024239322566377347 0.002265005162696245
2.0 0.0009613044146794605 0.0 0.0026805722340096064 0.0028347792563768884 0.002833076290189446 0.0025046328159106647 0.0026836192613008936 0.0027592914411646964 0.0027890777392444526 0.0027633999984919945 0.0025085132501023273 0.0025075895038416565 0.00267723484190742 0.0025105986812709365
3.0 0.002426698456723569 0.0026805722340096064 0.0 0.0014082805514503928 0.0014091061219040405 0.0010387935581595378 0.0005402639634826934 0.0013606305106623703 0.0013655270064546034 0.0013823490761375404 0.001295825737660075 0.0010229785683400854 0.0003747442139956131 0.0010548241534867574
4.0 0.0025462591991160244 0.0028347792563768884 0.0014082805514503928 0.0 0.0002854638095698644 0.0015461030947290628 0.0013767590649634716 0.0006863004565040237 0.0005654865835211585 0.0007003997957694364 0.0017911795977317811 0.0015329975769618593 0.001416557113709871 0.0015588650319264328
5.0 0.002544375408249691 0.002833076290189446 0.0014091061219040405 0.0002854638095698644 0.0 0.0015463290503913772 0.0013776505320344814 0.000678115635049588 0.0005549806278425723 0.0006912887833315008 0.0017912506580688436 0.0015332409674199093 0.0014173622217332781 0.0015590791034194975
6.0 0.0022590261120585676 0.0025046328159106647 0.0010387935581595378 0.0015461030947290628 0.0015463290503913772 0.0 0.0010559374453549702 0.0014905097284043777 0.0015017243334421505 0.001509200418993266 0.0009092626298647225 0.0003150031047159038 0.001031084703591023 0.0002836109336154251
7.0 0.002428097248020057 0.0026836192613008936 0.0005402639634826934 0.0013767590649634716 0.0013776505320344814 0.0010559374453549702 0.0 0.0013299996224005487 0.0013341945404646617 0.0013520332680465536 0.0013148270933471306 0.0010400961740298503 0.00059159075820551 0.001071746208304409
8.0 0.002468817215012414 0.0027592914411646964 0.0013606305106623703 0.0006863004565040237 0.000678115635049588 0.0014905097284043777 0.0013299996224005487 0.0 0.0005857519498226123 0.0004523495190356325 0.0017341577936886357 0.0014775934221641614 0.0013686355544532498 0.0015031259998094246
9.0 0.002500362639241594 0.0027890777392444526 0.0013655270064546034 0.0005654865835211585 0.0005549806278425723 0.0015017243334421505 0.0013341945404646617 0.0005857519498226123 0.0 0.0006173333648377701 0.0017468180587324094 0.0014886354099430603 0.0013737492611492859 0.001514463470341466
10.0 0.0024716226687729985 0.0027633999984919945 0.0013823490761375404 0.0007003997957694364 0.0006912887833315008 0.001509200418993266 0.0013520332680465536 0.0004523495190356325 0.0006173333648377701 0.0 0.001751521705400578 0.001496411596166731 0.001390250601097342 0.0015217444094003827
11.0 0.0022749722690855005 0.0025085132501023273 0.001295825737660075 0.0017911795977317811 0.0017912506580688436 0.0009092626298647225 0.0013148270933471306 0.0017341577936886357 0.0017468180587324094 0.001751521705400578 0.0 0.0009227588639094558 0.001287186157462206 0.0009136554266818723
12.0 0.002261561536811317 0.0025075895038416565 0.0010229785683400854 0.0015329975769618593 0.0015332409674199093 0.0003150031047159038 0.0010400961740298503 0.0014775934221641614 0.0014886354099430603 0.001496411596166731 0.0009227588639094558 0.0 0.0010153038729368378 0.00038778675204825114
13.0 0.0024239322566377347 0.00267723484190742 0.0003747442139956131 0.001416557113709871 0.0014173622217332781 0.001031084703591023 0.00059159075820551 0.0013686355544532498 0.0013737492611492859 0.001390250601097342 0.001287186157462206 0.0010153038729368378 0.0 0.00104718805210997
14.0 0.002265005162696245 0.0025105986812709365 0.0010548241534867574 0.0015588650319264328 0.0015590791034194975 0.0002836109336154251 0.001071746208304409 0.0015031259998094246 0.001514463470341466 0.0015217444094003827 0.0009136554266818723 0.00038778675204825114 0.00104718805210997 0.0
