0.0 1.0 2.0 3.0 4.0 5.0 6.0 7.0 8.0 9.0 10.0 11.0 12.0 13.0 14.0
1.0 0.0 0.0010107927426790892 0.0016285091123600022 0.0017652934636209414 0.0017667004144321756 0.0014703536033991525 0.0016367843020912633 0.0017012356974812248 0.0017289423132635794 0.0017056454903556896 0.0014290716535490407 0.0014753933907430735 0.0016242358966820046 0.0014707868003891924
2.0 0.0010107927426790892 0.0 0.001830944976352623 0.001997927788447743 0.0019994955885873364 0.0016701866293723187 0.0018408582010078685 0.0019353155879480877 0.001961586521076342 0.0019409072019816675 0.0016175063502551804 0.001675411727843995 0.0018261008085504096 0.001670897817847376
3.0 0.0016285091123600022 0.001830944976352623 0.0 0.0011374322266967775 0.001140347672749782 0.000886054265983397 0.0005261397631705249 0.0010878973667096392 0.0011016356933977556 0.0011026723794156225 0.0009988200486322053 0.0008759613812345584 0.00037043986240668184 0.0008947689698343732
4.0 0.0017652934636209414 0.001997927788447743 0.0011374322266967775 0.0 0.00028874945352819984 0.0011903522328633375 0.001121203224977374 0.0006670277520870009 0.00056040277616572 0.0006767726144326892 0.001302635479214135 0.0011826953782441015 0.0011412065077083555 0.0011957952687150827
5.0 0.0017667004144321756 0.0019994955885873364 0.001140347672749782 0.00028874945352819984 0.0 0.001192677655156979 0.0011241798346439999 0.0006621792741740773 0.0005521102109275816 0.0006713312037181464 0.0013048990414666788 0.0011850361683617512 0.0011441045676382627 0.0011981075314010064
6.0 0.0014703536033991525 0.0016701866293723187 0.000886054265983397 0.0011903522328633375 0.001192677655156979 0.0 0.0009010400848928483 0.0011329780728144443 0.0011529084842206113 0.0011451541589416274 0.0007228028197842991 0.00031353464988342905 0.0008799026218891731 0.0002831146387070214
7.0 0.0016367843020912633 0.0018408582010078685 0.0005261397631705249 0.001121203224977374 0.0011241798346439999 0.0009010400848928483 0.0 0.0010724788564541467 0.0010855650010492069 0.0010875295562788405 0.0010159379014343412 0.0008909140995490492 0.0005694694936813935 0.0009095103044367346
8.0 0.0017012356974812248 0.0019353155879480877 0.0010878973667096392 0.0006670277520870009 0.0006621792741740773 0.0011329780728144443 0.0010724788564541467 0.0 0.0005758676051797404 0.00044618740190284197 0.0012452374827461624 0.001125459509350014 0.001091450647083928 0.0011382618671931222
9.0 0.0017289423132635794 0.001961586521076342 0.0011016356933977556 0.00056040277616572 0.0005521102109275816 0.0011529084842206113 0.0010855650010492069 0.0005758676051797404 0.0 0.0006038842155950365 0.0012655695979007164 0.0011452457126477859 0.0011053733296063307 0.001158327682768967
10.0 0.0017056454903556896 0.0019409072019816675 0.0011026723794156225 0.0006767726144326892 0.0006713312037181464 0.0011451541589416274 0.0010875295562788405 0.00044618740190284197 0.0006038842155950365 0.0 0.0012565763059999102 0.0011377555348932736 0.0011061383367910386 0.0011503647468165557
11.0 0.0014290716535490407 0.0016175063502551804 0.0009988200486322053 0.001302635479214135 0.0013048990414666788 0.0007228028197842991 0.0010159379014343412 0.0012452374827461624 0.0012655695979007164 0.0012565763059999102 0.0 0.0007348647963700853 0.0009916717399710406 0.0007235861035427968
12.0 0.0014753933907430735 0.001675411727843995 0.0008759613812345584 0.0011826953782441015 0.0011850361683617512 0.00031353464988342905 0.0008909140995490492 0.001125459509350014 0.0011452457126477859 0.0011377555348932736 0.0007348647963700853 0.0 0.0008698497407147615 0.00038206284152567625
13.0 0.0016242358966820046 0.0018261008085504096 0.00037043986240668184 0.0011412065077083555 0.0011441045676382627 0.0008799026218891731 0.0005694694936813935 0.001091450647083928 0.0011053733296063307 0.0011061383367910386 0.0009916717399710406 0.0008698497407147615 0.0 0.0008886952496935112
14.0 0.0014707868003891924 0.001670897817847376 0.0008947689698343732 0.0011957952687150827 0.0011981075314010064 0.0002831146387070214 0.0009095103044367346 0.0011382618671931222 0.001158327682768967 0.0011503647468165557 0.0007235861035427968 0.00038206284152567625 0.0008886952496935112 0.0
