0.0 1.0 2.0 3.0 4.0 5.0 6.0 7.0 8.0 9.0 10.0 11.0 12.0 13.0 14.0
1.0 0.0 0.0008090204326004736 0.0023331264533014706 0.002417135314107758 0.0024255514381751873 0.002191634556945496 0.002338240642046292 0.002380322920471832 0.0023879981525536374 0.0023894583242144492 0.002135420118102702 0.002197363202918876 0.002329103326512265 0.002194952995678186
2.0 0.0008090204326004736 0.0 0.002492392400692084 0.002601553849689728 0.002610068304161745 0.0023443214801009706 0.002498658670480482 0.0025654850702261952 0.0025722222230621246 0.002575599108232727 0.002281403152208255 0.002350375318539039 0.0024879793258711586 0.002347585427926168
3.0 0.0023331264533014706 0.002492392400692084 0.0 0.0013208736897673042 0.0013311992051227503 0.000983148538636847 0.0005301253722491146 0.0012985324028314481 0.0012876439401487039 0.0013265759426429428 0.0011238249354812405 0.0009712761287336722 0.00036973802287897355 0.0009960099047558743
4.0 0.002417135314107758 0.002601553849689728 0.0013208736897673042 0.0 0.000288395454160401 0.0014772670003923242 0.001294904307438961 0.000679182466437504 0.0005612543407252373 0.0006973433604058272 0.0016048362063791908 0.001467566264789365 0.0013270281589317446 0.0014876093447717341
5.0 0.0024255514381751873 0.002610068304161745 0.0013311992051227503 0.000288395454160401 0.0 0.001487195884899753 0.0013052710008900556 0.0006799590502502605 0.0005583070178714349 0.0006975585958979434 0.0016146805076062889 0.0014775057686871708 0.001337341956794899 0.0014975305691116037
6.0 0.002191634556945496 0.0023443214801009706 0.000983148538636847 0.0014772670003923242 0.001487195884899753 0.0 0.0010048726193684979 0.0014500473626623592 0.0014434708532366728 0.0014756930262095668 0.0007656677620385328 0.0003131953057982145 0.0009740665664467341 0.0002825332490725852
7.0 0.002338240642046292 0.002498658670480482 0.0005301253722491146 0.001294904307438961 0.0013052710008900556 0.0010048726193684979 0.0 0.0012730747353129849 0.001261725473022278 0.001301372242829119 0.001147208132811074 0.0009929065117872098 0.0005776015376322769 0.0010175684898421473
8.0 0.002380322920471832 0.0025654850702261952 0.0012985324028314481 0.000679182466437504 0.0006799590502502605 0.0014500473626623592 0.0012730747353129849 0.0 0.0005812581032861074 0.00046134910219368256 0.001577346573662694 0.0014404216072031496 0.0013045507838362939 0.001460308432844511
9.0 0.0023879981525536374 0.0025722222230621246 0.0012876439401487039 0.0005612543407252373 0.0005583070178714349 0.0014434708532366728 0.001261725473022278 0.0005812581032861074 0.0 0.0006179201636603076 0.001571517305787808 0.001433739927638753 0.0012937936993503174 0.001453813594833494
10.0 0.0023894583242144492 0.002575599108232727 0.0013265759426429428 0.0006973433604058272 0.0006975585958979434 0.0014756930262095668 0.001301372242829119 0.00046134910219368256 0.0006179201636603076 0.0 0.0016018318150410882 0.001466182026462327 0.0013325112098556179 0.001485894550421201
11.0 0.002135420118102702 0.002281403152208255 0.0011238249354812405 0.0016048362063791908 0.0016146805076062889 0.0007656677620385328 0.001147208132811074 0.001577346573662694 0.001571517305787808 0.0016018318150410882 0.0 0.0007824015531922354 0.0011138839207575075 0.0007667783602073089
12.0 0.002197363202918876 0.002350375318539039 0.0009712761287336722 0.001467566264789365 0.0014775057686871708 0.0003131953057982145 0.0009929065117872098 0.0014404216072031496 0.001433739927638753 0.001466182026462327 0.0007824015531922354 0.0 0.0009622575283124027 0.0003830955506276281
13.0 0.002329103326512265 0.0024879793258711586 0.00036973802287897355 0.0013270281589317446 0.001337341956794899 0.0009740665664467341 0.0005776015376322769 0.0013045507838362939 0.0012937936993503174 0.0013325112098556179 0.0011138839207575075 0.0009622575283124027 0.0 0.0009869785142218382
14.0 0.002194952995678186 0.002347585427926168 0.0009960099047558743 0.0014876093447717341 0.0014975305691116037 0.0002825332490725852 0.0010175684898421473 0.001460308432844511 0.001453813594833494 0.001485894550421201 0.0007667783602073089 0.0003830955506276281 0.0009869785142218382 0.0
