0.0 1.0 2.0 3.0 4.0 5.0 6.0 7.0 8.0 9.0 10.0 11.0 12.0 13.0 14.0
1.0 0.0 0.0010444241958658257 0.0015757003053290695 0.0016726639391953057 0.0016718742851695866 0.0014391604049195524 0.0015802385280319028 0.001606175364901622 0.0016369633747027954 0.0016086112362082158 0.0014281836675202422 0.0014444314731001436 0.0015739314151096292 0.0014399680990662726
2.0 0.0010444241958658257 0.0 0.0018211552537209818 0.0019515627095177636 0.0019509581133137534 0.0016828475104645369 0.0018275407259008346 0.0018868407590070793 0.0019159425472120722 0.0018905423626762116 0.001657123528549151 0.0016884194969553107 0.0018187309790268706 0.0016839789975138465
3.0 0.0015757003053290695 0.0018211552537209818 0.0 0.001133400330547206 0.0011343549710185665 0.0008960806225284113 0.0005251127803110973 0.0010841187540720138 0.0010986091418363193 0.0010979377786545757 0.0010225816683783733 0.0008876715550248217 0.00037270821667196403 0.000904554760653753
4.0 0.0016726639391953057 0.0019515627095177636 0.001133400330547206 0.0 0.0002904342440892497 0.001170045144697495 0.0011177973573852956 0.0006846694028398753 0.0005701495865212721 0.0006953522602753234 0.001298215717211945 0.0011643620189854516 0.0011382939408395515 0.0011748064212758387
5.0 0.0016718742851695866 0.0019509581133137534 0.0011343549710185665 0.0002904342440892497 0.0 0.0011702872811788756 0.0011188255651064867 0.0006781324478370271 0.0005606683199506797 0.000688092267526002 0.0012983890536533045 0.0011646221639116509 0.0011392270966878856 0.0011750332827727484
6.0 0.0014391604049195524 0.0016828475104645369 0.0008960806225284113 0.001170045144697495 0.0011702872811788756 0.0 0.0009078801525714349 0.001111285355771143 0.001133331789044972 0.0011219840871249094 0.0007513734622109029 0.00032004905727228087 0.000892195030404724 0.0002874436763186331
7.0 0.0015802385280319028 0.0018275407259008346 0.0005251127803110973 0.0011177973573852956 0.0011188255651064867 0.0009078801525714349 0.0 0.0010695004291127325 0.0010832030241038828 0.0010836363794567798 0.0010367252371828342 0.0008994669195318225 0.000568123758228485 0.0009160707847153057
8.0 0.001606175364901622 0.0018868407590070793 0.0010841187540720138 0.0006846694028398753 0.0006781324478370271 0.001111285355771143 0.0010695004291127325 0.0 0.000594759954392706 0.0004634406623648137 0.0012394198783115267 0.00110576589720541 0.0010887339361299298 0.001115863216607584
9.0 0.0016369633747027954 0.0019159425472120722 0.0010986091418363193 0.0005701495865212721 0.0005606683199506797 0.001133331789044972 0.0010832030241038828 0.000594759954392706 0.0 0.0006240866883662226 0.0012618899053844987 0.0011276451680502187 0.0011034523704621887 0.0011380667279966832
10.0 0.0016086112362082158 0.0018905423626762116 0.0010979377786545757 0.0006953522602753234 0.000688092267526002 0.0011219840871249094 0.0010836363794567798 0.0004634406623648137 0.0006240866883662226 0.0 0.001249248702229058 0.0011165980533994861 0.0011024531340119437 0.0011264784903277107
11.0 0.0014281836675202422 0.001657123528549151 0.0010225816683783733 0.001298215717211945 0.0012983890536533045 0.0007513734622109029 0.0010367252371828342 0.0012394198783115267 0.0012618899053844987 0.001249248702229058 0.0 0.0007655769784699483 0.0010176300680078622 0.0007523817822175638
12.0 0.0014444314731001436 0.0016884194969553107 0.0008876715550248217 0.0011643620189854516 0.0011646221639116509 0.00032004905727228087 0.0008994669195318225 0.00110576589720541 0.0011276451680502187 0.0011165980533994861 0.0007655769784699483 0.0 0.0008838138235956025 0.0003913970009881882
13.0 0.0015739314151096292 0.0018187309790268706 0.00037270821667196403 0.0011382939408395515 0.0011392270966878856 0.000892195030404724 0.000568123758228485 0.0010887339361299298 0.0011034523704621887 0.0011024531340119437 0.0010176300680078622 0.0008838138235956025 0.0 0.0009007622735559401
14.0 0.0014399680990662726 0.0016839789975138465 0.000904554760653753 0.0011748064212758387 0.0011750332827727484 0.0002874436763186331 0.0009160707847153057 0.001115863216607584 0.0011380667279966832 0.0011264784903277107 0.0007523817822175638 0.0003913970009881882 0.0009007622735559401 0.0
