"","1","2","3","4","5","6","7","8","9"
"1",0,3.47155077193146,0.950938464038298,2.59514912330303,1.96131321914932,2.44968704768165,1.05220465393336,0.509774455914566,1.79285103855182
"2",3.47155077193146,0,2.71287436429309,1.3212397748851,5.29283414835582,2.23722087827599,3.5375932960287,3.31702067513832,2.01904313312735
"3",0.950938464038298,2.71287436429309,0,1.68274778276035,2.90992475832036,1.51326581786175,0.896714438627214,0.618274021747884,0.853160486559516
"4",2.59514912330303,1.3212397748851,1.68274778276035,0,4.54501811570247,0.928014308489076,2.37043424963862,2.29576857929989,0.844725687210264
"5",1.96131321914932,5.29283414835582,2.90992475832036,4.54501811570247,0,4.38409925518344,2.67481944439233,2.36912142800343,3.7539665707356
"6",2.44968704768165,2.23722087827599,1.51326581786175,0.928014308489076,4.38409925518344,0,1.86150420700969,2.01585738618211,0.830249678437093
"7",1.05220465393336,3.5375932960287,0.896714438627214,2.37043424963862,2.67481944439233,1.86150420700969,0,0.582392034061296,1.5413312195891
"8",0.509774455914566,3.31702067513832,0.618274021747884,2.29576857929989,2.36912142800343,2.01585738618211,0.582392034061296,0,1.45685449433086
"9",1.79285103855182,2.01904313312735,0.853160486559516,0.844725687210264,3.7539665707356,0.830249678437093,1.5413312195891,1.45685449433086,0
