"","1","2","3","4","5","6"
"1",0,31.4303070519557,45.7169650774874,75.2967484729028,17.9147921768636,77.3680236622056
"2",31.4303070519557,0,15.9015188348549,44.6905927915526,16.3023733914227,45.9406182303196
"3",45.7169650774874,15.9015188348549,0,29.5841031392806,32.1377095639601,33.2954464963138
"4",75.2967484729028,44.6905927915526,29.5841031392806,0,60.8951775510746,12.7763438899057
"5",17.9147921768636,16.3023733914227,32.1377095639601,60.8951775510746,0,61.2398771324466
"6",77.3680236622056,45.9406182303196,33.2954464963138,12.7763438899057,61.2398771324466,0
