0.0 1.0 2.0 3.0 4.0 5.0 6.0
1.0 0.0 0.0021398346863012504 0.0021437117227705795 0.0012294928946854492 0.0023779511704985897 0.001726169942328073
2.0 0.0021398346863012504 0.0 0.0007212353929528467 0.0017598192845737716 0.0010214561985819794 0.0012382908582211952
3.0 0.0021437117227705795 0.0007212353929528467 0.0 0.0017649020113462983 0.0009426485511719925 0.0012575956100729982
4.0 0.0012294928946854492 0.0017598192845737716 0.0017649020113462983 0.0 0.0020001406479663118 0.0013312070841309121
5.0 0.0023779511704985897 0.0010214561985819794 0.0009426485511719925 0.0020001406479663118 0.0 0.001504636141509862
6.0 0.001726169942328073 0.0012382908582211952 0.0012575956100729982 0.0013312070841309121 0.001504636141509862 0.0
