0.0 1.0 2.0 3.0 4.0 5.0 6.0
1.0 0.0 0.0030449927530821572 0.003075120942189373 0.0016876772007140186 0.0033053009529491945 0.002463336264855636
2.0 0.0030449927530821572 0.0 0.0007146099866566996 0.002216739204066758 0.00099009948025269 0.0013342769483898546
3.0 0.003075120942189373 0.0007146099866566996 0.0 0.0022478068015748054 0.0009135282848809485 0.0013755306238646121
4.0 0.0016876772007140186 0.002216739204066758 0.0022478068015748054 0.0 0.0024788286929606092 0.0016228950552993776
5.0 0.0033053009529491945 0.00099009948025269 0.0009135282848809485 0.0024788286929606092 0.0 0.0016165922506541255
6.0 0.002463336264855636 0.0013342769483898546 0.0013755306238646121 0.0016228950552993776 0.0016165922506541255 0.0
