0.0 1.0 2.0 3.0 4.0 5.0 6.0
1.0 0.0 0.0025916247474082705 0.0026050116602229396 0.0014075460381852353 0.002858162498579181 0.002035566244557327
2.0 0.0025916247474082705 0.0 0.0007448137005208249 0.00207019963694756 0.0010718333448851525 0.001416247316006427
3.0 0.0026050116602229396 0.0007448137005208249 0.0 0.0020856109399415425 0.0009768575729807581 0.0014499370071474238
4.0 0.0014075460381852353 0.00207019963694756 0.0020856109399415425 0.0 0.0023406446972146877 0.0014924525678636012
5.0 0.002858162498579181 0.0010718333448851525 0.0009768575729807581 0.0023406446972146877 0.0 0.0017220025477536474
6.0 0.002035566244557327 0.001416247316006427 0.0014499370071474238 0.0014924525678636012 0.0017220025477536474 0.0
