0.0 1.0 2.0 3.0 4.0 5.0 6.0
1.0 0.0 0.0020009561837945455 0.0019760971320891404 0.0013708302637186949 0.002213045827441967 0.0017621674072705214
2.0 0.0020009561837945455 0.0 0.0008643364091676601 0.0017432638383594596 0.00126151900343063 0.0014208068079562563
3.0 0.0019760971320891404 0.0008643364091676601 0.0 0.0017245775668823038 0.0011671917798139718 0.0014295009368830436
4.0 0.0013708302637186949 0.0017432638383594596 0.0017245775668823038 0.0 0.0019681937328106395 0.001452918024598069
5.0 0.002213045827441967 0.00126151900343063 0.0011671917798139718 0.0019681937328106395 0.0 0.0017064080233395017
6.0 0.0017621674072705214 0.0014208068079562563 0.0014295009368830436 0.001452918024598069 0.0017064080233395017 0.0
