0.0 1.0 2.0 3.0 4.0 5.0 6.0
1.0 0.0 0.002131405656230189 0.0020935477963568362 0.0013319536951862153 0.002449925388589018 0.0017689638109625557
2.0 0.002131405656230189 0.0 0.0007838492610057228 0.0017967169582407743 0.0012769868952931607 0.0013939802170452938
3.0 0.0020935477963568362 0.0007838492610057228 0.0 0.0017644431788009646 0.0011690348451681401 0.0013917791637284703
4.0 0.0013319536951862153 0.0017967169582407743 0.0017644431788009646 0.0 0.002125081461288406 0.0013879141796103972
5.0 0.002449925388589018 0.0012769868952931607 0.0011690348451681401 0.002125081461288406 0.0 0.0017800301177676259
6.0 0.0017689638109625557 0.0013939802170452938 0.0013917791637284703 0.0013879141796103972 0.0017800301177676259 0.0
