0.0 1.0 2.0 3.0 4.0 5.0 6.0 7.0 8.0 9.0 10.0 11.0 12.0 13.0 14.0 15.0 16.0 17.0 18.0 19.0 20.0 21.0 22.0 23.0 24.0 25.0 26.0 27.0 28.0 29.0 30.0
1.0 0.0 0.0007012399402937142 0.001202406733355699 0.0012834616275140649 0.0011518071603997641 0.0006518188891930261 0.0013568320669785044 0.0009529771911188923 0.0007452884335695015 0.0012186237754137135 0.0012485628352579274 0.0007739472498583186 0.0010952143700193985 0.0007951354941972302 0.0010654643907941003 0.0013482279749004811 0.0012106750087177078 0.0013368216275417581 0.001017638336058042 0.001348295502840429 0.0012800773589199906 0.0010500362332311242 0.0007594428447668816 0.001186770904488935 0.001007728568774169 0.0009706201825150876 0.0007430291135799857 0.0010056630274656538 0.0011946716420165413 0.00128661977804255
2.0 0.0007012399402937142 0.0 0.0011680499565198644 0.0012582236414232664 0.001069333889346137 0.0007648895175016861 0.0013321465106448291 0.0008754795085178356 0.0005222299491980081 0.001182723939092128 0.001204706656588885 0.0008495827464323389 0.0010308893739213775 0.0007446069406376247 0.0010303258014306824 0.0012986149565984723 0.001140089504974074 0.001313038807160984 0.0010601357689751425 0.0013217651737328646 0.0012510905892692274 0.0010198520208707176 0.0006381857170914753 0.0011462798955611715 0.0009790306879088667 0.0009562115728736461 0.0007680378728638929 0.000909500478584944 0.0011573758114089723 0.0012573200205083063
3.0 0.001202406733355699 0.0011680499565198644 0.0 0.0008850956734929953 0.0013275279496772676 0.0011851993224613138 0.00097351820744807 0.0013702306943289078 0.001157487881686301 0.0014573803719482633 0.001359160650673315 0.0012099438510290513 0.001024647166420639 0.0011358030215366278 0.0008288350378995093 0.0010726050903281858 0.0012150029281632507 0.0009607426742818377 0.0015265520626019402 0.0009423119162182876 0.0008197489834409865 0.0008807040340597968 0.001212334523445269 0.0007597254765814535 0.0009544421525471943 0.0010584341093057986 0.0011309974053167271 0.0012019156035769436 0.0006217290196888928 0.0008357208447439238
4.0 0.0012834616275140649 0.0012582236414232664 0.0008850956734929953 0.0 0.001444979879459905 0.0012610198216454205 0.0006839474565823204 0.0014648917709195628 0.0012500863781490107 0.0015464794163931833 0.0014619710056944586 0.0012793196401404616 0.0011688449217045604 0.0012229707676375099 0.0009826913172742383 0.0012311849828685146 0.0013507444761775495 0.0006273281311725877 0.0016093233909164426 0.0006949753096944752 0.0006790710790240549 0.0010068696151836157 0.0013001837372826044 0.000991311375384 0.0010668401429354472 0.0011442849109054006 0.0012075899300636834 0.0013138047324060664 0.0009234165937344202 0.0006922393879207494
5.0 0.0011518071603997641 0.001069333889346137 0.0013275279496772676 0.001444979879459905 0.0 0.0011775137603022325 0.001519619810079508 0.001157841080684032 0.0010595003401722128 0.0015129713335957167 0.0014693863797745777 0.0012340427041098935 0.0010095516566379459 0.001134864840854732 0.001211545100845596 0.0013757549523263548 0.0010180442370526387 0.0015051741639694205 0.0014226702062225816 0.0015029276329055618 0.0014251375442730133 0.0012264729905316935 0.0011541325007970722 0.0012812694904651676 0.001210439172534689 0.001238791764943129 0.001158012377758524 0.0010583688984153578 0.0013038338043855691 0.0014294678216020841
6.0 0.0006518188891930261 0.0007648895175016861 0.0011851993224613138 0.0012610198216454205 0.0011775137603022325 0.0 0.001334152471856402 0.0010114699733416244 0.0007897057793100229 0.0011952338813123985 0.0012316573337518362 0.0006713580857226971 0.0010995156728342815 0.0007819195668965014 0.0010474310732268486 0.0013416692112617032 0.001220945180327904 0.0013134740488597604 0.0010674847263052764 0.0013267093765732066 0.0012598657603877482 0.001028286594099668 0.0007951799313720472 0.0011734893238554347 0.0009838892873406764 0.0009364294738738483 0.0006755411393972209 0.0010228853752311372 0.0011794053947799816 0.0012666466673711839
7.0 0.0013568320669785044 0.0013321465106448291 0.00097351820744807 0.0006839474565823204 0.001519619810079508 0.001334152471856402 0.0 0.0015388085495966564 0.0013241869319392055 0.0016212709768683251 0.001538276216394486 0.0013520232079737905 0.001243814750394907 0.0012971581247972382 0.001065139298510285 0.0013032287087648927 0.0014256181144874623 0.0008142450276424119 0.0016825906063534773 0.0005579768511704641 0.0007786740145900211 0.001088636285303277 0.001374100501536579 0.0010707860326358849 0.0011458427191862615 0.0012202764645878404 0.0012810698515224833 0.0013887840327614985 0.0010040456189349429 0.0007502469229792952
8.0 0.0009529771911188923 0.0008754795085178356 0.0013702306943289078 0.0014648917709195628 0.001157841080684032 0.0010114699733416244 0.0015388085495966564 0.0 0.0009021155407205154 0.0014369460610935683 0.0014386044625547966 0.0010828914879596483 0.0011957837290305284 0.0010262191274395338 0.0012385801286107251 0.0014838871053384538 0.0012875214573581809 0.0015207080458142948 0.0011619003970416374 0.0015273191211176978 0.0014555243877996146 0.0012339504331331313 0.0009964489860589747 0.0013436814215366693 0.0011998933387782486 0.001188482536802795 0.0010287550963733946 0.0011000244019557241 0.0013569501891615768 0.0014613377150188083
9.0 0.0007452884335695015 0.0005222299491980081 0.001157487881686301 0.0012500863781490107 0.0010595003401722128 0.0007897057793100229 0.0013241869319392055 0.0009021155407205154 0.0 0.00116682536855694 0.0011865448729047562 0.0008679545220672265 0.0010154500950279124 0.0007256608928054497 0.001018743761428891 0.0012852239167406802 0.0011252299048787673 0.0013052540103072254 0.0010949691100170765 0.0013133424680774532 0.0012420074192135062 0.001009286914082614 0.0006446091256999225 0.0011342858805729057 0.000968222627095333 0.0009492926379175075 0.0007748731498053869 0.0008770133327468575 0.0011461716862025152 0.0012481858501978947
10.0 0.0012186237754137135 0.001182723939092128 0.0014573803719482633 0.0015464794163931833 0.0015129713335957167 0.0011952338813123985 0.0016212709768683251 0.0014369460610935683 0.00116682536855694 0.0 0.0013538046894923943 0.001236254494771826 0.0013856265059593617 0.001024895430609352 0.0012981275271254933 0.0016180325730478758 0.0015192238884614883 0.0016002273971979207 0.0015731174964524718 0.0016116993308842216 0.0015409637835571916 0.0012710876552608226 0.0011979627304086855 0.0014428574189852136 0.0012031524247549945 0.001154277252903408 0.0010975460814400327 0.001310282995735618 0.001451012189113697 0.0015480753400419643
11.0 0.0012485628352579274 0.001204706656588885 0.001359160650673315 0.0014619710056944586 0.0014693863797745777 0.0012316573337518362 0.001538276216394486 0.0014386044625547966 0.0011865448729047562 0.0013538046894923943 0.0 0.0012678918701774303 0.0013025680669537989 0.0011190032152485296 0.0011753667257261337 0.001524211073137635 0.0014472383239492344 0.0015171573351093189 0.001589237891603651 0.0015265715995015875 0.0014519783062118675 0.0011441487677174742 0.0012352953165718093 0.001341376216133525 0.0010462645945529545 0.0010825000219890203 0.001157284415366681 0.001263630657980914 0.0013520538513909538 0.0014593840134006955
12.0 0.0007739472498583186 0.0008495827464323389 0.0012099438510290513 0.0012793196401404616 0.0012340427041098935 0.0006713580857226971 0.0013520232079737905 0.0010828914879596483 0.0008679545220672265 0.001236254494771826 0.0012678918701774303 0.0 0.0011425803065645847 0.0008430022410240285 0.0010739033354874629 0.00137579307507968 0.0012680467142447578 0.001330783633072271 0.0011288911444732536 0.0013458527158458522 0.0012807574484496411 0.0010523475199678272 0.000882123038833711 0.0012021973096619598 0.0010085614780857692 0.0009543588448952928 0.0007269408308588086 0.0010798296833089706 0.0012060131574546213 0.001287717958149101
13.0 0.0010952143700193985 0.0010308893739213775 0.001024647166420639 0.0011688449217045604 0.0010095516566379459 0.0010995156728342815 0.001243814750394907 0.0011957837290305284 0.0010154500950279124 0.0013856265059593617 0.0013025680669537989 0.0011425803065645847 0.0 0.0010386200136673904 0.0009434681426689357 0.0009647395374102977 0.0007303560737356646 0.001234903284360419 0.0014009936137016664 0.0012203367368183503 0.0011354858019571607 0.000983033619176923 0.0010921958109592989 0.0009520500089638384 0.00099470939193826 0.0010645818321737366 0.001058797519205133 0.0009853673800148924 0.0009859007287228016 0.001137385363297924
14.0 0.0007951354941972302 0.0007446069406376247 0.0011358030215366278 0.0012229707676375099 0.001134864840854732 0.0007819195668965014 0.0012971581247972382 0.0010262191274395338 0.0007256608928054497 0.001024895430609352 0.0011190032152485296 0.0008430022410240285 0.0010386200136673904 0.0 0.000988498931697831 0.0012847926960367576 0.0011632507487847543 0.0012768771286646625 0.0011634860786043032 0.001287660986471628 0.0012176283064294128 0.0009695995406642135 0.0007333439767455963 0.0011189930227540363 0.0009172056840450623 0.0008769388343881693 0.0006859203947057914 0.0009343646227185367 0.0011279157338278118 0.0012243570104484445
15.0 0.0010654643907941003 0.0010303258014306824 0.0008288350378995093 0.0009826913172742383 0.001211545100845596 0.0010474310732268486 0.001065139298510285 0.0012385801286107251 0.001018743761428891 0.0012981275271254933 0.0011753667257261337 0.0010739033354874629 0.0009434681426689357 0.000988498931697831 0.0 0.00107779574939666 0.0011220950907082064 0.00104164453936187 0.0013933292266273497 0.001047715262072575 0.0009596095922229822 0.0006040568981855665 0.0010718785747820534 0.0008151678894243559 0.0007089739578727719 0.0008733112262542656 0.0009877164786574939 0.0010676094839714894 0.0008281967155651067 0.0009697681070453621
16.0 0.0013482279749004811 0.0012986149565984723 0.0010726050903281858 0.0012311849828685146 0.0013757549523263548 0.0013416692112617032 0.0013032287087648927 0.0014838871053384538 0.0012852239167406802 0.0016180325730478758 0.001524211073137635 0.00137579307507968 0.0009647395374102977 0.0012847926960367576 0.00107779574939666 0.0 0.0011873589718793107 0.0013065161167160964 0.00166393423706595 0.0012694724016866666 0.001179186341681205 0.0011303248224948366 0.0013508806711707824 0.000991593182862474 0.0011694674052903213 0.0012590203090879673 0.0012936274265310096 0.0012908761879432207 0.0010131312958605095 0.001174311627785327
17.0 0.0012106750087177078 0.001140089504974074 0.0012150029281632507 0.0013507444761775495 0.0010180442370526387 0.001220945180327904 0.0014256181144874623 0.0012875214573581809 0.0011252299048787673 0.0015192238884614883 0.0014472383239492344 0.0012680467142447578 0.0007303560737356646 0.0011632507487847543 0.0011220950907082064 0.0011873589718793107 0.0 0.0014149557346304043 0.0015083500183843503 0.0014042703483370964 0.0013216374623441834 0.0011537741268667098 0.00120764298154799 0.0011510939437166742 0.001156319485307149 0.0012136436882531213 0.0011856955554291012 0.00109135060236069 0.0011811176916090938 0.0013243038324417921
18.0 0.0013368216275417581 0.001313038807160984 0.0009607426742818377 0.0006273281311725877 0.0015051741639694205 0.0013134740488597604 0.0008142450276424119 0.0015207080458142948 0.0013052540103072254 0.0016002273971979207 0.0015171573351093189 0.001330783633072271 0.001234903284360419 0.0012768771286646625 0.00104164453936187 0.0013065161167160964 0.0014149557346304043 0.0 0.001663150124792779 0.0008336177378758462 0.0008070011329407234 0.001062056685621689 0.0013544973272279091 0.001063778818788366 0.0011215429141154388 0.0011963164101335192 0.0012599004442433162 0.0013722939681428902 0.0010007055820434572 0.0008248397797019815
19.0 0.001017638336058042 0.0010601357689751425 0.0015265520626019402 0.0016093233909164426 0.0014226702062225816 0.0010674847263052764 0.0016825906063534773 0.0011619003970416374 0.0010949691100170765 0.0015731174964524718 0.001589237891603651 0.0011288911444732536 0.0014009936137016664 0.0011634860786043032 0.0013933292266273497 0.00166393423706595 0.0015083500183843503 0.001663150124792779 0.0 0.001673595818992963 0.0016050003684164914 0.0013813789428220758 0.0011459933491877437 0.0015085919065721276 0.001343264547001365 0.001314326898677719 0.001124587687489981 0.0013179520894458984 0.00151752436510719 0.0016113156134501554
20.0 0.001348295502840429 0.0013217651737328646 0.0009423119162182876 0.0006949753096944752 0.0015029276329055618 0.0013267093765732066 0.0005579768511704641 0.0015273191211176978 0.0013133424680774532 0.0016116993308842216 0.0015265715995015875 0.0013458527158458522 0.0012203367368183503 0.001287660986471628 0.001047715262072575 0.0012694724016866666 0.0014042703483370964 0.0008336177378758462 0.001673595818992963 0.0 0.0007289763458908981 0.0010749778246536372 0.0013642737073218311 0.0010405094219769061 0.0011336764667236846 0.0012120335501906887 0.001273610581449802 0.0013739130500506685 0.0009698118540609924 0.0006776214343043785
21.0 0.0012800773589199906 0.0012510905892692274 0.0008197489834409865 0.0006790710790240549 0.0014251375442730133 0.0012598657603877482 0.0007786740145900211 0.0014555243877996146 0.0012420074192135062 0.0015409637835571916 0.0014519783062118675 0.0012807574484496411 0.0011354858019571607 0.0012176283064294128 0.0009596095922229822 0.001179186341681205 0.0013216374623441834 0.0008070011329407234 0.0016050003684164914 0.0007289763458908981 0.0 0.0009924627133776058 0.0012941756982984777 0.0009398510950319324 0.0010557049268291136 0.001141520757213867 0.0012064251890898702 0.0012975212745307708 0.0008592675850743251 0.0005153909029250116
22.0 0.0010500362332311242 0.0010198520208707176 0.0008807040340597968 0.0010068696151836157 0.0012264729905316935 0.001028286594099668 0.001088636285303277 0.0012339504331331313 0.001009286914082614 0.0012710876552608226 0.0011441487677174742 0.0010523475199678272 0.000983033619176923 0.0009695995406642135 0.0006040568981855665 0.0011303248224948366 0.0011537741268667098 0.001062056685621689 0.0013813789428220758 0.0010749778246536372 0.0009924627133776058 0.0 0.0010582497651103174 0.0008842846376860899 0.0006243830859340353 0.0008118519193903802 0.0009644380572656934 0.0010745149612073394 0.0008866051029936294 0.0010030328517957718
23.0 0.0007594428447668816 0.0006381857170914753 0.001212334523445269 0.0013001837372826044 0.0011541325007970722 0.0007951799313720472 0.001374100501536579 0.0009964489860589747 0.0006446091256999225 0.0011979627304086855 0.0012352953165718093 0.000882123038833711 0.0010921958109592989 0.0007333439767455963 0.0010718785747820534 0.0013508806711707824 0.00120764298154799 0.0013544973272279091 0.0011459933491877437 0.0013642737073218311 0.0012941756982984777 0.0010582497651103174 0.0 0.001192988331912357 0.0010139511971353197 0.0009840026919064272 0.0007746447434595444 0.0009759066296573938 0.0012029508895526982 0.0013006045418725652
24.0 0.001186770904488935 0.0011462798955611715 0.0007597254765814535 0.000991311375384 0.0012812694904651676 0.0011734893238554347 0.0010707860326358849 0.0013436814215366693 0.0011342858805729057 0.0014428574189852136 0.001341376216133525 0.0012021973096619598 0.0009520500089638384 0.0011189930227540363 0.0008151678894243559 0.000991593182862474 0.0011510939437166742 0.001063778818788366 0.0015085919065721276 0.0010405094219769061 0.0009398510950319324 0.0008842846376860899 0.001192988331912357 0.0 0.0009485775936314963 0.001056001688148603 0.0011205690092823788 0.0011636228739099817 0.0006639861356154192 0.0009440787833067796
25.0 0.001007728568774169 0.0009790306879088667 0.0009544421525471943 0.0010668401429354472 0.001210439172534689 0.0009838892873406764 0.0011458427191862615 0.0011998933387782486 0.000968222627095333 0.0012031524247549945 0.0010462645945529545 0.0010085614780857692 0.00099470939193826 0.0009172056840450623 0.0007089739578727719 0.0011694674052903213 0.001156319485307149 0.0011215429141154388 0.001343264547001365 0.0011336764667236846 0.0010557049268291136 0.0006243830859340353 0.0010139511971353197 0.0009485775936314963 0.0 0.0007145062444654821 0.0009137720129438076 0.001045837329277633 0.000954656870325174 0.0010648452423041865
26.0 0.0009706201825150876 0.0009562115728736461 0.0010584341093057986 0.0011442849109054006 0.001238791764943129 0.0009364294738738483 0.0012202764645878404 0.001188482536802795 0.0009492926379175075 0.001154277252903408 0.0010825000219890203 0.0009543588448952928 0.0010645818321737366 0.0008769388343881693 0.0008733112262542656 0.0012590203090879673 0.0012136436882531213 0.0011963164101335192 0.001314326898677719 0.0012120335501906887 0.001141520757213867 0.0008118519193903802 0.0009840026919064272 0.001056001688148603 0.0007145062444654821 0.0 0.0008540087111534642 0.001067808595822829 0.0010587001704249336 0.0011498878474048636
27.0 0.0007430291135799857 0.0007680378728638929 0.0011309974053167271 0.0012075899300636834 0.001158012377758524 0.0006755411393972209 0.0012810698515224833 0.0010287550963733946 0.0007748731498053869 0.0010975460814400327 0.001157284415366681 0.0007269408308588086 0.001058797519205133 0.0006859203947057914 0.0009877164786574939 0.0012936274265310096 0.0011856955554291012 0.0012599004442433162 0.001124587687489981 0.001273610581449802 0.0012064251890898702 0.0009644380572656934 0.0007746447434595444 0.0011205690092823788 0.0009137720129438076 0.0008540087111534642 0.0 0.0009866821065758818 0.0011260322597761291 0.0012134147211710336
28.0 0.0010056630274656538 0.000909500478584944 0.0012019156035769436 0.0013138047324060664 0.0010583688984153578 0.0010228853752311372 0.0013887840327614985 0.0011000244019557241 0.0008770133327468575 0.001310282995735618 0.001263630657980914 0.0010798296833089706 0.0009853673800148924 0.0009343646227185367 0.0010676094839714894 0.0012908761879432207 0.00109135060236069 0.0013722939681428902 0.0013179520894458984 0.0013739130500506685 0.0012975212745307708 0.0010745149612073394 0.0009759066296573938 0.0011636228739099817 0.001045837329277633 0.001067808595822829 0.0009866821065758818 0.0 0.0011832329254170871 0.0013028094230589811
29.0 0.0011946716420165413 0.0011573758114089723 0.0006217290196888928 0.0009234165937344202 0.0013038338043855691 0.0011794053947799816 0.0010040456189349429 0.0013569501891615768 0.0011461716862025152 0.001451012189113697 0.0013520538513909538 0.0012060131574546213 0.0009859007287228016 0.0011279157338278118 0.0008281967155651067 0.0010131312958605095 0.0011811176916090938 0.0010007055820434572 0.00151752436510719 0.0009698118540609924 0.0008592675850743251 0.0008866051029936294 0.0012029508895526982 0.0006639861356154192 0.000954656870325174 0.0010587001704249336 0.0011260322597761291 0.0011832329254170871 0.0 0.0008645520229048395
30.0 0.00128661977804255 0.0012573200205083063 0.0008357208447439238 0.0006922393879207494 0.0014294678216020841 0.0012666466673711839 0.0007502469229792952 0.0014613377150188083 0.0012481858501978947 0.0015480753400419643 0.0014593840134006955 0.001287717958149101 0.001137385363297924 0.0012243570104484445 0.0009697681070453621 0.001174311627785327 0.0013243038324417921 0.0008248397797019815 0.0016113156134501554 0.0006776214343043785 0.0005153909029250116 0.0010030328517957718 0.0013006045418725652 0.0009440787833067796 0.0010648452423041865 0.0011498878474048636 0.0012134147211710336 0.0013028094230589811 0.0008645520229048395 0.0
