0.0 1.0 2.0 3.0 4.0 5.0 6.0 7.0 8.0 9.0 10.0 11.0 12.0 13.0 14.0 15.0 16.0 17.0 18.0 19.0 20.0 21.0 22.0 23.0 24.0 25.0 26.0 27.0 28.0 29.0 30.0
1.0 0.0 0.0008353102824122442 0.0011477109509388515 0.0012474606463571361 0.0011048271652061956 0.0006875199705699759 0.0013257175848650298 0.0009014895615984874 0.0009893791363856249 0.0008710694788885313 0.0009317988046906706 0.0008008175232433136 0.001227474827527952 0.000825634108389311 0.0010558203487435022 0.0015343910604133423 0.0012220496257567494 0.001274123567587109 0.0008626101539006202 0.0013582762325954941 0.0014178607626467092 0.0011143840869788678 0.0007618446935482599 0.0014879638767765172 0.0009907363731051684 0.0009334497520009177 0.0007966612842963145 0.0009698567996254259 0.0013438296708646145 0.0016254836260473412
2.0 0.0008353102824122442 0.0 0.0011968199480711622 0.0013044851359691604 0.001111145662535824 0.0008756552743140274 0.001383245902431165 0.0009134303040417751 0.000743010393883934 0.0009074084446078003 0.0009656575557044312 0.0009438830201961943 0.0012449381635686652 0.0008417031789425011 0.0011001170013244057 0.0015647888828948069 0.0012342644421363725 0.001332198059750679 0.0009770209770935032 0.0014139770555806972 0.0014709491824055829 0.0011636552167235855 0.0006897649249336204 0.0015307736044377518 0.0010371000720781284 0.0009919384980545014 0.0008884813596708998 0.0009604679518559627 0.0013902255057345171 0.0016785500202702581
3.0 0.0011477109509388515 0.0011968199480711622 0.0 0.0008260982633414161 0.001208001977666936 0.001092877408083118 0.0009160671896730516 0.0012104033347884614 0.0013000326772402634 0.0009785166752853017 0.0009522113164362237 0.0010935886913309497 0.0011396086785696266 0.0010296293740145678 0.0008308183557482497 0.0012674079356547888 0.0011998174161998029 0.0008780263638380509 0.001235485633063034 0.0009149865106255052 0.000902131168656283 0.0009418839716517282 0.0011152957256671783 0.0010171672218343335 0.0008990440665762101 0.0009283521175268246 0.001052102242595185 0.001055030458135342 0.0007298157720084513 0.0011245271383287792
4.0 0.0012474606463571361 0.0013044851359691604 0.0008260982633414161 0.0 0.0013407394700119843 0.0011882153100349114 0.0006896808378947876 0.0013216314145293507 0.001409547395640703 0.0010866785192822398 0.001070738871062149 0.0011832947172983508 0.0012994199227749905 0.0011362264198622948 0.0009899421471519332 0.001449285100944565 0.001349688360398315 0.0006246463000785707 0.0013369886370603722 0.0007432194433298169 0.0008789072405201125 0.0010711993175448549 0.0012207973633884626 0.0012857112750320786 0.0010214321455320303 0.001027471501463387 0.0011490565532263444 0.0011852568471725417 0.0010575366870227505 0.0010728744322906986
5.0 0.0011048271652061956 0.001111145662535824 0.001208001977666936 0.0013407394700119843 0.0 0.0010951435641920974 0.0014198423055311739 0.001000993439222487 0.0012192109481669899 0.001041146842449272 0.0010436440849134715 0.0011270935819723035 0.001043138911511614 0.0010427561353409296 0.001122541835151584 0.0014630246372225857 0.0009322957647049433 0.0013728534837263375 0.0011275789579188876 0.0014441301023868462 0.0014933403266661834 0.00120950177831547 0.0010728381357516118 0.0015170707776411445 0.0010931657288771781 0.001089531356314024 0.0010880368799329881 0.0008913231495279991 0.0013887759094750563 0.0016997945298995536
6.0 0.0006875199705699759 0.0008756552743140274 0.001092877408083118 0.0011882153100349114 0.0010951435641920974 0.0 0.0012663223540268853 0.0009298738465272063 0.0010083422662884498 0.0008136145360726031 0.0008791705412114364 0.0006687266199329315 0.0011971290051234697 0.0007781827772243371 0.001002059227965766 0.001493517850431579 0.001198037650994386 0.0012141935237984006 0.000886088969718366 0.0012999368270196871 0.0013609049738829222 0.001056909281203702 0.0007779342754468213 0.0014371057914218178 0.0009336618488366344 0.0008673369545753105 0.0006946392362835118 0.0009488384645478773 0.0012908314229101625 0.0015686310180140278
7.0 0.0013257175848650298 0.001383245902431165 0.0009160671896730516 0.0006896808378947876 0.0014198423055311739 0.0012663223540268853 0.0 0.0014001690331494525 0.0014884815178204834 0.001166591306240861 0.001151632267017783 0.0012609991729526954 0.0013785535870101686 0.0012155344061741966 0.0010753057904533884 0.0015246669216764088 0.0014288273459115285 0.0008115400493720901 0.0014150279114329115 0.0006050094852641144 0.0009714182414193259 0.0011562451706437704 0.0012996119057463121 0.0013683121890997773 0.001104231120846048 0.0011082390047951528 0.0012276601271449293 0.0012649656353787221 0.001139067208824864 0.001122433664108577
8.0 0.0009014895615984874 0.0009134303040417751 0.0012104033347884614 0.0013216314145293507 0.001000993439222487 0.0009298738465272063 0.0014001690331494525 0.0 0.0010577455324278433 0.0009724429390805242 0.0010091130405255465 0.0009771343836964756 0.001212532712027693 0.0009450318156654439 0.0011194439269345637 0.0015541688225089627 0.0011823218189030706 0.0013501818218493392 0.0008588348556304444 0.0014298881760630895 0.0014859000301151622 0.0011884109073212166 0.000914231628095682 0.0015397849145821483 0.0010669060063631288 0.0010312058011145394 0.0009627209062372107 0.0009488850785757001 0.0014012803091887815 0.0016931366839060993
9.0 0.0009893791363856249 0.000743010393883934 0.0013000326772402634 0.001409547395640703 0.0012192109481669899 0.0010083422662884498 0.0014884815178204834 0.0010577455324278433 0.0 0.0010007347907470018 0.0010599685663590101 0.0010698074107907006 0.001345239238242877 0.0009271209296777001 0.0012010852016004505 0.0016658159492488173 0.0013358679724648538 0.0014374588861430916 0.0011213537913692334 0.0015188135106368988 0.00157515090525457 0.0012654452089154915 0.0008068405822788348 0.001632728703532165 0.001137353199069926 0.0010950163633678554 0.0010030429327666855 0.0010490853155958545 0.0014929755506789069 0.0017827929581130035
10.0 0.0008710694788885313 0.0009074084446078003 0.0009785166752853017 0.0010866785192822398 0.001041146842449272 0.0008136145360726031 0.001166591306240861 0.0009724429390805242 0.0010007347907470018 0.0 0.0006346304748034333 0.0008351754253582524 0.0010935538072086152 0.000631975231808672 0.0008622226393253506 0.001381280895842094 0.0011075795374544753 0.0011135835747429828 0.0009900122101576753 0.001197604135134744 0.0012538419979903881 0.0009150732277344888 0.0008017324242116427 0.0013169438270180004 0.0007679676205522509 0.0007064004691942701 0.0007296284057676274 0.0008429442518130601 0.0011750639837502005 0.0014622971074714814
11.0 0.0009317988046906706 0.0009656575557044312 0.0009522113164362237 0.001070738871062149 0.0010436440849134715 0.0008791705412114364 0.001151632267017783 0.0010091130405255465 0.0010599685663590101 0.0006346304748034333 0.0 0.0008947893648799281 0.0010699463987188461 0.000745937721733725 0.0008138054536638284 0.001352717845305509 0.001091997988488883 0.0010986826964054157 0.0010363166836237854 0.001180598267044566 0.0012333743835080129 0.0008715976267625917 0.0008726824510168953 0.001284289831694608 0.0007028168944502287 0.0007081688186919889 0.0008158202930159248 0.0008389274490618557 0.0011468422458189244 0.0014421926216486689
12.0 0.0008008175232433136 0.0009438830201961943 0.0010935886913309497 0.0011832947172983508 0.0011270935819723035 0.0006687266199329315 0.0012609991729526954 0.0009771343836964756 0.0010698074107907006 0.0008351754253582524 0.0008947893648799281 0.0 0.0012180139628125536 0.0008210143088996607 0.0010069258284336178 0.001506234902395845 0.0012227104120251782 0.0012085569975662153 0.0009270400419214758 0.0012959058653921197 0.0013587569205966445 0.0010589647331355437 0.0008517500652188005 0.0014420413810953025 0.0009387750548629447 0.0008664105668937183 0.0007364515029016235 0.000980071042579399 0.0012933258842489908 0.0015664663187560214
13.0 0.001227474827527952 0.0012449381635686652 0.0011396086785696266 0.0012994199227749905 0.001043138911511614 0.0011971290051234697 0.0013785535870101686 0.001212532712027693 0.001345239238242877 0.0010935538072086152 0.0010699463987188461 0.0012180139628125536 0.0 0.001120585368735061 0.0010833324021702075 0.0012328631165085427 0.0008336725337024801 0.0013367320796388005 0.0012896661001237358 0.0013953963784125256 0.0014361310467078166 0.0011921734485951495 0.0011842074990209457 0.0014206329309863145 0.0010907264383368893 0.0011149054105639717 0.001168895327115736 0.0009944552088144323 0.0013047293427791032 0.0016408448076532288
14.0 0.000825634108389311 0.0008417031789425011 0.0010296293740145678 0.0011362264198622948 0.0010427561353409296 0.0007781827772243371 0.0012155344061741966 0.0009450318156654439 0.0009271209296777001 0.000631975231808672 0.000745937721733725 0.0008210143088996607 0.001120585368735061 0.0 0.0009232812624437414 0.0014199655985124402 0.0011262893929503295 0.0011633152337520718 0.0009633181872557513 0.0012467318543324935 0.0013037447301030391 0.0009807535077394419 0.0007109720968425477 0.0013669927709872248 0.0008448920417543295 0.0007890533915135233 0.0006902874719677168 0.0008474618929746302 0.0012251826772950722 0.0015118162969946637
15.0 0.0010558203487435022 0.0011001170013244057 0.0008308183557482497 0.0009899421471519332 0.001122541835151584 0.001002059227965766 0.0010753057904533884 0.0011194439269345637 0.0012010852016004505 0.0008622226393253506 0.0008138054536638284 0.0010069258284336178 0.0010833324021702075 0.0009232812624437414 0.0 0.001304529334011878 0.0011314960501005594 0.0010208817214965968 0.0011471138201627875 0.0010980680025639014 0.0011378212010743163 0.0007287851470840648 0.0010167649033315197 0.0011532948861142764 0.000718970365981043 0.0008119226406863962 0.0009555881143962731 0.0009518431582446553 0.0010266088981393466 0.001349551621075913
16.0 0.0015343910604133423 0.0015647888828948069 0.0012674079356547888 0.001449285100944565 0.0014630246372225857 0.001493517850431579 0.0015246669216764088 0.0015541688225089627 0.0016658159492488173 0.001381280895842094 0.001352717845305509 0.001506234902395845 0.0012328631165085427 0.0014199655985124402 0.001304529334011878 0.0 0.001349479782338889 0.001496885058381258 0.0016084740555767437 0.0015278700127572735 0.0015601175093725565 0.0014230447910887282 0.0014945687663208218 0.0015489639774632668 0.001342707194188719 0.0013744127108251114 0.001459023319603567 0.001358057085222414 0.0014114081937507204 0.0017571115167807653
17.0 0.0012220496257567494 0.0012342644421363725 0.0011998174161998029 0.001349688360398315 0.0009322957647049433 0.001198037650994386 0.0014288273459115285 0.0011823218189030706 0.0013358679724648538 0.0011075795374544753 0.001091997988488883 0.0012227104120251782 0.0008336725337024801 0.0011262893929503295 0.0011314960501005594 0.001349479782338889 0.0 0.0013850942397973637 0.0012740704505491036 0.00144837713256917 0.001492204947685026 0.001232298990877518 0.0011803024029069732 0.0014916221811950004 0.00112471507455829 0.0011397566946708471 0.0011755703528544114 0.0009769688515532168 0.0013708546874411879 0.0016975582504079722
18.0 0.001274123567587109 0.001332198059750679 0.0008780263638380509 0.0006246463000785707 0.0013728534837263375 0.0012141935237984006 0.0008115400493720901 0.0013501818218493392 0.0014374588861430916 0.0011135835747429828 0.0010986826964054157 0.0012085569975662153 0.0013367320796388005 0.0011633152337520718 0.0010208817214965968 0.001496885058381258 0.0013850942397973637 0.0 0.0013641389138351265 0.0008734972287375066 0.0009875514071463073 0.0010980835754838927 0.0012480725875336717 0.0013329710342383937 0.0010486463918042172 0.0010522530055351485 0.0011749582738473916 0.0012163109013957176 0.0011126707706826022 0.0011942025979144637
19.0 0.0008626101539006202 0.0009770209770935032 0.001235485633063034 0.0013369886370603722 0.0011275789579188876 0.000886088969718366 0.0014150279114329115 0.0008588348556304444 0.0011213537913692334 0.0009900122101576753 0.0010363166836237854 0.0009270400419214758 0.0012896661001237358 0.0009633181872557513 0.0011471138201627875 0.0016084740555767437 0.0012740704505491036 0.0013641389138351265 0.0 0.0014470738389658559 0.001506256399645424 0.0012092216407924444 0.0009382628019997878 0.001573138544635513 0.001088663672524382 0.0010391553711492907 0.000949572218365888 0.0010374317486422286 0.0014301495579891763 0.0017136367039450166
20.0 0.0013582762325954941 0.0014139770555806972 0.0009149865106255052 0.0007432194433298169 0.0014441301023868462 0.0012999368270196871 0.0006050094852641144 0.0014298881760630895 0.0015188135106368988 0.001197604135134744 0.001180598267044566 0.0012959058653921197 0.0013953963784125256 0.0012467318543324935 0.0010980680025639014 0.0015278700127572735 0.00144837713256917 0.0008734972287375066 0.0014470738389658559 0.0 0.0009471921193937166 0.0011840323109707882 0.001330911456351193 0.0013716605253101153 0.0011329287950275063 0.001141372756865491 0.001260990990419061 0.0012903967982865142 0.0011333822715396166 0.0010649241677135038
21.0 0.0014178607626467092 0.0014709491824055829 0.000902131168656283 0.0008789072405201125 0.0014933403266661834 0.0013609049738829222 0.0009714182414193259 0.0014859000301151622 0.00157515090525457 0.0012538419979903881 0.0012333743835080129 0.0013587569205966445 0.0014361310467078166 0.0013037447301030391 0.0011378212010743163 0.0015601175093725565 0.001492204947685026 0.0009875514071463073 0.001506256399645424 0.0009471921193937166 0.0 0.0012313394023520396 0.001388500664901602 0.0013869463769269426 0.0011835587296371095 0.0011996117596904585 0.0013212005720575717 0.0013402076279795585 0.0011341309705115152 0.0010390087392321036
22.0 0.0011143840869788678 0.0011636552167235855 0.0009418839716517282 0.0010711993175448549 0.00120950177831547 0.001056909281203702 0.0011562451706437704 0.0011884109073212166 0.0012654452089154915 0.0009150732277344888 0.0008715976267625917 0.0010589647331355437 0.0011921734485951495 0.0009807535077394419 0.0007287851470840648 0.0014230447910887282 0.001232298990877518 0.0010980835754838927 0.0012092216407924444 0.0011840323109707882 0.0012313394023520396 0.0 0.001077373546657246 0.0012905697867402952 0.0007294247461997942 0.000837325809454039 0.0010078197582981112 0.0010357358861030359 0.0011463218322686909 0.0014430476581276126
23.0 0.0007618446935482599 0.0006897649249336204 0.0011152957256671783 0.0012207973633884626 0.0010728381357516118 0.0007779342754468213 0.0012996119057463121 0.000914231628095682 0.0008068405822788348 0.0008017324242116427 0.0008726824510168953 0.0008517500652188005 0.0011842074990209457 0.0007109720968425477 0.0010167649033315197 0.0014945687663208218 0.0011803024029069732 0.0012480725875336717 0.0009382628019997878 0.001330911456351193 0.001388500664901602 0.001077373546657246 0.0 0.0014517448439740884 0.0009488327229592601 0.0008976789096603853 0.0007703874930700292 0.0009056558837984124 0.0013099897669170307 0.0015962529856578993
24.0 0.0014879638767765172 0.0015307736044377518 0.0010171672218343335 0.0012857112750320786 0.0015170707776411445 0.0014371057914218178 0.0013683121890997773 0.0015397849145821483 0.001632728703532165 0.0013169438270180004 0.001284289831694608 0.0014420413810953025 0.0014206329309863145 0.0013669927709872248 0.0011532948861142764 0.0015489639774632668 0.0014916221811950004 0.0013329710342383937 0.001573138544635513 0.0013716605253101153 0.0013869463769269426 0.0012905697867402952 0.0014517448439740884 0.0 0.0012383204821398125 0.0012800271071442702 0.0013966082944289696 0.001368607479465009 0.001115957572634734 0.0015947754012236607
25.0 0.0009907363731051684 0.0010371000720781284 0.0008990440665762101 0.0010214321455320303 0.0010931657288771781 0.0009336618488366344 0.001104231120846048 0.0010669060063631288 0.001137353199069926 0.0007679676205522509 0.0007028168944502287 0.0009387750548629447 0.0010907264383368893 0.0008448920417543295 0.000718970365981043 0.001342707194188719 0.00112471507455829 0.0010486463918042172 0.001088663672524382 0.0011329287950275063 0.0011835587296371095 0.0007294247461997942 0.0009488327229592601 0.0012383204821398125 0.0 0.0006908220384957231 0.0008796384603951017 0.0009106786276393731 0.00109828014159224 0.0013937215003254943
26.0 0.0009334497520009177 0.0009919384980545014 0.0009283521175268246 0.001027471501463387 0.001089531356314024 0.0008673369545753105 0.0011082390047951528 0.0010312058011145394 0.0010950163633678554 0.0007064004691942701 0.0007081688186919889 0.0008664105668937183 0.0011149054105639717 0.0007890533915135233 0.0008119226406863962 0.0013744127108251114 0.0011397566946708471 0.0010522530055351485 0.0010391553711492907 0.001141372756865491 0.0011996117596904585 0.000837325809454039 0.0008976789096603853 0.0012800271071442702 0.0006908220384957231 0.0 0.0008046166564153446 0.0009110643793068172 0.0011311493622011774 0.0014089142927130524
27.0 0.0007966612842963145 0.0008884813596708998 0.001052102242595185 0.0011490565532263444 0.0010880368799329881 0.0006946392362835118 0.0012276601271449293 0.0009627209062372107 0.0010030429327666855 0.0007296284057676274 0.0008158202930159248 0.0007364515029016235 0.001168895327115736 0.0006902874719677168 0.0009555881143962731 0.001459023319603567 0.0011755703528544114 0.0011749582738473916 0.000949572218365888 0.001260990990419061 0.0013212005720575717 0.0010078197582981112 0.0007703874930700292 0.0013966082944289696 0.0008796384603951017 0.0008046166564153446 0.0 0.0009211711573130953 0.0012505066190228954 0.0015291899484556025
28.0 0.0009698567996254259 0.0009604679518559627 0.001055030458135342 0.0011852568471725417 0.0008913231495279991 0.0009488384645478773 0.0012649656353787221 0.0009488850785757001 0.0010490853155958545 0.0008429442518130601 0.0008389274490618557 0.000980071042579399 0.0009944552088144323 0.0008474618929746302 0.0009518431582446553 0.001358057085222414 0.0009769688515532168 0.0012163109013957176 0.0010374317486422286 0.0012903967982865142 0.0013402076279795585 0.0010357358861030359 0.0009056558837984124 0.001368607479465009 0.0009106786276393731 0.0009110643793068172 0.0009211711573130953 0.0 0.0012393127166828125 0.0015474118328585953
29.0 0.0013438296708646145 0.0013902255057345171 0.0007298157720084513 0.0010575366870227505 0.0013887759094750563 0.0012908314229101625 0.001139067208824864 0.0014012803091887815 0.0014929755506789069 0.0011750639837502005 0.0011468422458189244 0.0012933258842489908 0.0013047293427791032 0.0012251826772950722 0.0010266088981393466 0.0014114081937507204 0.0013708546874411879 0.0011126707706826022 0.0014301495579891763 0.0011333822715396166 0.0011341309705115152 0.0011463218322686909 0.0013099897669170307 0.001115957572634734 0.00109828014159224 0.0011311493622011774 0.0012505066190228954 0.0012393127166828125 0.0 0.0013415781560118974
30.0 0.0016254836260473412 0.0016785500202702581 0.0011245271383287792 0.0010728744322906986 0.0016997945298995536 0.0015686310180140278 0.001122433664108577 0.0016931366839060993 0.0017827929581130035 0.0014622971074714814 0.0014421926216486689 0.0015664663187560214 0.0016408448076532288 0.0015118162969946637 0.001349551621075913 0.0017571115167807653 0.0016975582504079722 0.0011942025979144637 0.0017136367039450166 0.0010649241677135038 0.0010390087392321036 0.0014430476581276126 0.0015962529856578993 0.0015947754012236607 0.0013937215003254943 0.0014089142927130524 0.0015291899484556025 0.0015474118328585953 0.0013415781560118974 0.0
