0.0 1.0 2.0 3.0 4.0 5.0 6.0 7.0 8.0 9.0 10.0 11.0 12.0 13.0 14.0 15.0 16.0 17.0 18.0 19.0 20.0 21.0 22.0 23.0 24.0 25.0 26.0 27.0 28.0 29.0 30.0
1.0 0.0 0.2742640070291833 0.37001605157911255 0.39715129453580844 0.3544315331053687 0.23438554025577707 0.4108332641070534 0.30227618805782275 0.32355238835395717 0.29388451624934375 0.3123697352015067 0.27306327120437146 0.39446746245041137 0.27857288850056605 0.3480325596289283 0.4276144583833956 0.388829252224248 0.40978800413438266 0.29279464964264357 0.41975995418756795 0.4323804188985729 0.3703904009623863 0.25683014947964233 0.448426330352697 0.33081175776098387 0.3140927333047907 0.2715496374468271 0.32052431419523597 0.42429024152772377 0.49200487402020027
2.0 0.2742640070291833 0.0 0.3795559854400298 0.40904080772158824 0.3520547249041013 0.2892916492027482 0.4228558174433042 0.29915353665342437 0.24463867905006598 0.2990774663024597 0.31666696565559804 0.31266253349498563 0.39524567816752615 0.27745488157952125 0.3559452826172572 0.4323832136072674 0.38855305803312934 0.4220186733127589 0.3219012301976104 0.431248771675802 0.4431593087555459 0.37983284680489393 0.22813470492311355 0.45605775332819704 0.33927005414178696 0.3263626230722356 0.2950681955485262 0.3110094271900875 0.43303002924126244 0.5027674617056399
3.0 0.37001605157911255 0.3795559854400298 0.0 0.27676385683080373 0.3735651591113476 0.3559619200783759 0.2982051238078898 0.3842060916504203 0.4117419563126262 0.3235575614879467 0.3153706601353288 0.35746394404876025 0.3627646309334663 0.3382210638976697 0.27695328222862325 0.35425055826050666 0.37329561933113553 0.2958534328576685 0.3940557555997971 0.2984198734166025 0.28428564351115204 0.31524736280366183 0.3602696159571528 0.3079831377408741 0.30044604890602816 0.3098089121229254 0.346909035001104 0.3416771571527162 0.23855494342773675 0.3506596665353546
4.0 0.39715129453580844 0.40904080772158824 0.27676385683080373 0.0 0.408550460397501 0.38200425637701785 0.23514001946737256 0.41394619637241326 0.44194527810094286 0.354338858196221 0.3496010813289666 0.3818713719316591 0.4060506501501571 0.3680913484849627 0.3254922898382401 0.40054382741722705 0.4130820238845312 0.21777665404525326 0.42103172083841234 0.2504607477986428 0.2748883867584009 0.3543079661335199 0.3893943424043931 0.3900754984176718 0.3366491109732413 0.3386372975080907 0.37385609423672644 0.3774096785673485 0.3427402203038804 0.33401532661794336
5.0 0.3544315331053687 0.3520547249041013 0.3735651591113476 0.408550460397501 0.0 0.3525325255192149 0.42137159984812195 0.3248364460871387 0.3850196131156657 0.3367859957212236 0.33703932308078943 0.3628362609269957 0.33571780906763576 0.33740902999268707 0.35664700888620193 0.39434392233699866 0.3017909145595288 0.42331625484213453 0.36140848607473786 0.4278558658500956 0.43901860420224326 0.3875389428283428 0.3443646142050911 0.4438785032264579 0.3512799137824459 0.3506253667243219 0.3525728821696346 0.29578617444768296 0.4233724431678113 0.49775636974639886
6.0 0.23438554025577707 0.2892916492027482 0.3559619200783759 0.38200425637701785 0.3525325255192149 0.0 0.39585352739110297 0.312415426927504 0.3312659963026582 0.27789411364464445 0.2981520345916757 0.23070750946283014 0.3870050306811867 0.26577478583130465 0.3337973834054051 0.4177677758934393 0.3830242130010021 0.3943228678704035 0.30150488828932487 0.4051154404887174 0.41789055171980094 0.3548783986403251 0.26349114063230283 0.43548536720259917 0.31526719886496574 0.2954240976940882 0.24033289021682652 0.3160373259331182 0.4108247378232903 0.4776456881770446
7.0 0.4108332641070534 0.4228558174433042 0.2982051238078898 0.23514001946737256 0.42137159984812195 0.39585352739110297 0.0 0.4270981596110851 0.4558892320657907 0.3694011561633045 0.3651804075905576 0.39570578336237217 0.4194135467746896 0.38263137397175084 0.34362392412218934 0.41197390631863984 0.42594112279513974 0.2752350786951727 0.43409378176029534 0.20348658119014706 0.3015662969386609 0.3724351165939215 0.40342830816104314 0.4073771226420377 0.3535065722583773 0.3546513693852522 0.38818518948381847 0.3915094950065289 0.36057812868744155 0.34656682034738023
8.0 0.30227618805782275 0.29915353665342437 0.3842060916504203 0.41394619637241326 0.3248364460871387 0.312415426927504 0.4270981596110851 0.0 0.34315734610050685 0.3237394491974577 0.3340441966666732 0.32831428622883907 0.38870006630666915 0.3150224653624627 0.36416368641283137 0.4291263219314986 0.3765228939752878 0.42744794133445063 0.2915655261648106 0.4351371782936233 0.4474766162816606 0.38991357485315703 0.30407280418808647 0.45978315964803457 0.3515610964616816 0.34193572132668426 0.3236442569839609 0.31380159978601163 0.4368650498070329 0.5066938455000876
9.0 0.32355238835395717 0.24463867905006598 0.4117419563126262 0.44194527810094286 0.3850196131156657 0.3312659963026582 0.4558892320657907 0.34315734610050685 0.0 0.3276196986545825 0.3453836803963668 0.35213173076089843 0.4261691132245112 0.30366786302204407 0.38711543924041314 0.4641193032463673 0.41995372121843255 0.4549632201649749 0.36673759795334215 0.46416009039963235 0.4757880238862906 0.41128347728567716 0.26522462279662085 0.4877456864707395 0.37011875999952254 0.3581978995459498 0.3309329822599773 0.3368166338830726 0.46506605397811707 0.5354428316984219
10.0 0.29388451624934375 0.2990774663024597 0.3235575614879467 0.354338858196221 0.3367859957212236 0.27789411364464445 0.3694011561633045 0.3237394491974577 0.3276196986545825 0.0 0.21859187952314785 0.2859300402524626 0.35716951809824 0.21822786680259676 0.2910927668365525 0.3882638958690615 0.35756634221892547 0.36666895920710874 0.3321028518025104 0.37796930208907364 0.3886258414947765 0.31104353781318406 0.2704307419214035 0.40090608948197853 0.26262036505780656 0.24331291170278524 0.25210399882208295 0.2826132736131307 0.3781291725917322 0.4489114031878942
11.0 0.3123697352015067 0.31666696565559804 0.3153706601353288 0.3496010813289666 0.33703932308078943 0.2981520345916757 0.3651804075905576 0.3340441966666732 0.3453836803963668 0.21859187952314785 0.0 0.30424373617907463 0.34971181225878717 0.25531354596140476 0.2749248614458849 0.380680760389569 0.35274807217858006 0.362163880759243 0.34512460167522996 0.3731997818515046 0.38261198191295887 0.29634453095006974 0.2925497655267604 0.39058334903495956 0.24025306533033147 0.24330203758628377 0.27985858091447297 0.28077405652222087 0.36941333745476124 0.44312181809611834
12.0 0.27306327120437146 0.31266253349498563 0.35746394404876025 0.3818713719316591 0.3628362609269957 0.23070750946283014 0.39570578336237217 0.32831428622883907 0.35213173076089843 0.2859300402524626 0.30424373617907463 0.0 0.39421995222267187 0.2810520077066585 0.3364263320591334 0.4227453882112433 0.3911673870274738 0.39389945383459646 0.31546923763421053 0.40537182877457767 0.41857691587595625 0.3565495079178317 0.2887743100049295 0.4382767766309756 0.3179063977361967 0.2959819983688814 0.254948014466783 0.327057406977889 0.4128983986222835 0.4783796078706654
13.0 0.39446746245041137 0.39524567816752615 0.3627646309334663 0.4060506501501571 0.33571780906763576 0.3870050306811867 0.4194135467746896 0.38870006630666915 0.4261691132245112 0.35716951809824 0.34971181225878717 0.39421995222267187 0.0 0.3651663492925735 0.35129763847200013 0.34782817789265763 0.28018573610713904 0.42203989439146516 0.41212211480294536 0.42402685699085485 0.43244667426691585 0.38861249499883554 0.3813692123750261 0.4240201806921217 0.3562755096508113 0.36371815685527575 0.3812091003522908 0.3291977594171719 0.4082486487649408 0.49101382040871205
14.0 0.27857288850056605 0.27745488157952125 0.3382210638976697 0.3680913484849627 0.33740902999268707 0.26577478583130465 0.38263137397175084 0.3150224653624627 0.30366786302204407 0.21822786680259676 0.25531354596140476 0.2810520077066585 0.3651663492925735 0.0 0.30994945452066724 0.39856829190216636 0.36312501757439897 0.38062429761027283 0.32388666675266076 0.39122049962563066 0.4024950112668314 0.3316315713853166 0.23957382899218482 0.4154244383781626 0.28742973533638755 0.27047931179952234 0.23854890729527994 0.2836414613611832 0.39242905891992885 0.46250682011670624
15.0 0.3480325596289283 0.3559452826172572 0.27695328222862325 0.3254922898382401 0.35664700888620193 0.3337973834054051 0.34362392412218934 0.36416368641283137 0.38711543924041314 0.2910927668365525 0.2749248614458849 0.3364263320591334 0.35129763847200013 0.30994945452066724 0.0 0.367363033494839 0.36102546668306945 0.3385229213255607 0.3748554823566218 0.35007254621497996 0.3542496225843317 0.2476023150725034 0.33549828582269736 0.3486529219600099 0.24482612562358302 0.27569092667770434 0.32195649837235246 0.31522847468093407 0.3316438333068362 0.4162615848158208
16.0 0.4276144583833956 0.4323832136072674 0.35425055826050666 0.40054382741722705 0.39434392233699866 0.4177677758934393 0.41197390631863984 0.4291263219314986 0.4641193032463673 0.3882638958690615 0.380680760389569 0.4227453882112433 0.34782817789265763 0.39856829190216636 0.367363033494839 0.0 0.36631129477023316 0.4193059109729237 0.4465129551326553 0.4134925093864168 0.4217273339481151 0.40613447115463963 0.4165522253698739 0.41649875009131104 0.3793824443292106 0.3874525943720295 0.41131597209928444 0.3800868988385434 0.3949057342752035 0.4780911584521988
17.0 0.388829252224248 0.38855305803312934 0.37329561933113553 0.4130820238845312 0.3017909145595288 0.3830242130010021 0.42594112279513974 0.3765228939752878 0.41995372121843255 0.35756634221892547 0.35274807217858006 0.3911673870274738 0.28018573610713904 0.36312501757439897 0.36102546668306945 0.36631129477023316 0.0 0.4288002237202859 0.40337274964165304 0.431116675103565 0.440870563946994 0.39582445476141814 0.3765167606259825 0.43860887606410864 0.36214841283190197 0.36664541979992527 0.37901742063931904 0.3229327508867825 0.42035741285711803 0.4992991832238794
18.0 0.40978800413438266 0.4220186733127589 0.2958534328576685 0.21777665404525326 0.42331625484213453 0.3943228678704035 0.2752350786951727 0.42744794133445063 0.4549632201649749 0.36666895920710874 0.362163880759243 0.39389945383459646 0.42203989439146516 0.38062429761027283 0.3385229213255607 0.4193059109729237 0.4288002237202859 0.0 0.4340729353060727 0.2929614621361948 0.3120126615358343 0.3660135760174855 0.4021494941639495 0.4079229680483371 0.34868170946691196 0.3500034993765029 0.3860094909864122 0.3913290465988586 0.36276235757427744 0.374653992374346
19.0 0.29279464964264357 0.3219012301976104 0.3940557555997971 0.42103172083841234 0.36140848607473786 0.30150488828932487 0.43409378176029534 0.2915655261648106 0.36673759795334215 0.3321028518025104 0.34512460167522996 0.31546923763421053 0.41212211480294536 0.32388666675266076 0.3748554823566218 0.4465129551326553 0.40337274964165304 0.4340729353060727 0.0 0.4428151380791314 0.45595073936573205 0.3986207076827819 0.31510947308622783 0.4719977854721222 0.36064338932214596 0.34700483778451563 0.3225242928743797 0.3426090130861218 0.44779873990961194 0.5152437499345157
20.0 0.41975995418756795 0.431248771675802 0.2984198734166025 0.2504607477986428 0.4278558658500956 0.4051154404887174 0.20348658119014706 0.4351371782936233 0.46416009039963235 0.37796930208907364 0.3731997818515046 0.40537182877457767 0.42402685699085485 0.39122049962563066 0.35007254621497996 0.4134925093864168 0.431116675103565 0.2929614621361948 0.4428151380791314 0.0 0.2948723422863292 0.38026154696036674 0.4120002216437739 0.40884543462105744 0.3615375866393445 0.36387177639296664 0.39738700435899926 0.3985179527435472 0.3597255070054789 0.3301424786364437
21.0 0.4323804188985729 0.4431593087555459 0.28428564351115204 0.2748883867584009 0.43901860420224326 0.41789055171980094 0.3015662969386609 0.4474766162816606 0.4757880238862906 0.3886258414947765 0.38261198191295887 0.41857691587595625 0.43244667426691585 0.4024950112668314 0.3542496225843317 0.4217273339481151 0.440870563946994 0.3120126615358343 0.45595073936573205 0.2948723422863292 0.0 0.38655285608436885 0.4238418817636491 0.4062865993207317 0.3695123017210011 0.3742918301136806 0.4095666887277393 0.4085831712508774 0.351602132026704 0.3034018431648819
22.0 0.3703904009623863 0.37983284680489393 0.31524736280366183 0.3543079661335199 0.3875389428283428 0.3548783986403251 0.3724351165939215 0.38991357485315703 0.41128347728567716 0.31104353781318406 0.29634453095006974 0.3565495079178317 0.38861249499883554 0.3316315713853166 0.2476023150725034 0.40613447115463963 0.39582445476141814 0.3660135760174855 0.3986207076827819 0.38026154696036674 0.38655285608436885 0.0 0.35839206212811625 0.3955066779971968 0.249891766754132 0.28602280046024553 0.3419681402591465 0.3449824373039483 0.37268227887876904 0.44853555594670896
23.0 0.25683014947964233 0.22813470492311355 0.3602696159571528 0.3893943424043931 0.3443646142050911 0.26349114063230283 0.40342830816104314 0.30407280418808647 0.26522462279662085 0.2704307419214035 0.2925497655267604 0.2887743100049295 0.3813692123750261 0.23957382899218482 0.33549828582269736 0.4165522253698739 0.3765167606259825 0.4021494941639495 0.31510947308622783 0.4120002216437739 0.4238418817636491 0.35839206212811625 0.0 0.4373816232984427 0.3169594281269555 0.3019941348687599 0.26215678473250553 0.2987429215248406 0.41414750743387485 0.4835896302416171
24.0 0.448426330352697 0.45605775332819704 0.3079831377408741 0.3900754984176718 0.4438785032264579 0.43548536720259917 0.4073771226420377 0.45978315964803457 0.4877456864707395 0.40090608948197853 0.39058334903495956 0.4382767766309756 0.4240201806921217 0.4154244383781626 0.3486529219600099 0.41649875009131104 0.43860887606410864 0.4079229680483371 0.4719977854721222 0.40884543462105744 0.4062865993207317 0.3955066779971968 0.4373816232984427 0.0 0.3777600783762816 0.3910721112490181 0.4263459375841378 0.41237883996882296 0.33065797895377236 0.46741012999132386
25.0 0.33081175776098387 0.33927005414178696 0.30044604890602816 0.3366491109732413 0.3512799137824459 0.31526719886496574 0.3535065722583773 0.3515610964616816 0.37011875999952254 0.26262036505780656 0.24025306533033147 0.3179063977361967 0.3562755096508113 0.28742973533638755 0.24482612562358302 0.3793824443292106 0.36214841283190197 0.34868170946691196 0.36064338932214596 0.3615375866393445 0.3695123017210011 0.249891766754132 0.3169594281269555 0.3777600783762816 0.0 0.23699331770520093 0.3003558068014685 0.304590837641476 0.3560813063660516 0.430753155612494
26.0 0.3140927333047907 0.3263626230722356 0.3098089121229254 0.3386372975080907 0.3506253667243219 0.2954240976940882 0.3546513693852522 0.34193572132668426 0.3581978995459498 0.24331291170278524 0.24330203758628377 0.2959819983688814 0.36371815685527575 0.27047931179952234 0.27569092667770434 0.3874525943720295 0.36664541979992527 0.3500034993765029 0.34700483778451563 0.36387177639296664 0.3742918301136806 0.28602280046024553 0.3019941348687599 0.3910721112490181 0.23699331770520093 0.0 0.27711253846247724 0.305189502352745 0.36641929222869063 0.43513475817669983
27.0 0.2715496374468271 0.2950681955485262 0.346909035001104 0.37385609423672644 0.3525728821696346 0.24033289021682652 0.38818518948381847 0.3236442569839609 0.3309329822599773 0.25210399882208295 0.27985858091447297 0.254948014466783 0.3812091003522908 0.23854890729527994 0.32195649837235246 0.41131597209928444 0.37901742063931904 0.3860094909864122 0.3225242928743797 0.39738700435899926 0.4095666887277393 0.3419681402591465 0.26215678473250553 0.4263459375841378 0.3003558068014685 0.27711253846247724 0.0 0.30932307125237035 0.4019685077163525 0.46955081777908286
28.0 0.32052431419523597 0.3110094271900875 0.3416771571527162 0.3774096785673485 0.29578617444768296 0.3160373259331182 0.3915094950065289 0.31380159978601163 0.3368166338830726 0.2826132736131307 0.28077405652222087 0.327057406977889 0.3291977594171719 0.2836414613611832 0.31522847468093407 0.3800868988385434 0.3229327508867825 0.3913290465988586 0.3426090130861218 0.3985179527435472 0.4085831712508774 0.3449824373039483 0.2987429215248406 0.41237883996882296 0.304590837641476 0.305189502352745 0.30932307125237035 0.0 0.3927072700771511 0.4681093167207974
29.0 0.42429024152772377 0.43303002924126244 0.23855494342773675 0.3427402203038804 0.4233724431678113 0.4108247378232903 0.36057812868744155 0.4368650498070329 0.46506605397811707 0.3781291725917322 0.36941333745476124 0.4128983986222835 0.4082486487649408 0.39242905891992885 0.3316438333068362 0.3949057342752035 0.42035741285711803 0.36276235757427744 0.44779873990961194 0.3597255070054789 0.351602132026704 0.37268227887876904 0.41414750743387485 0.33065797895377236 0.3560813063660516 0.36641929222869063 0.4019685077163525 0.3927072700771511 0.0 0.4132349586139599
30.0 0.49200487402020027 0.5027674617056399 0.3506596665353546 0.33401532661794336 0.49775636974639886 0.4776456881770446 0.34656682034738023 0.5066938455000876 0.5354428316984219 0.4489114031878942 0.44312181809611834 0.4783796078706654 0.49101382040871205 0.46250682011670624 0.4162615848158208 0.4780911584521988 0.4992991832238794 0.374653992374346 0.5152437499345157 0.3301424786364437 0.3034018431648819 0.44853555594670896 0.4835896302416171 0.46741012999132386 0.430753155612494 0.43513475817669983 0.46955081777908286 0.4681093167207974 0.4132349586139599 0.0
