0.0 1.0 2.0 3.0 4.0 5.0 6.0 7.0 8.0 9.0 10.0 11.0 12.0 13.0 14.0 15.0 16.0 17.0 18.0 19.0 20.0 21.0 22.0 23.0 24.0 25.0 26.0 27.0 28.0 29.0 30.0
1.0 0.0 0.0008148227314138251 0.0022042955526471687 0.003245710629964902 0.020514382025565034 0.0007799373513404614 0.005197811383258949 0.005093982335304698 0.0008997074440494199 0.001344756722280841 0.0021308896375163513 0.0010766865666755644 0.01537929189220498 0.0009978741688380574 0.0014205254209253202 0.01489561051123048 0.022971436971116133 0.003444249203328866 0.005219069739939101 0.005781111355046436 0.004682435276929258 0.0014187823811389402 0.0010703717003858937 0.002056440688324354 0.0012733758166938352 0.0013137574930805057 0.0008812627332260217 0.0030393206298930933 0.0029056929338444164 0.005272317503059307
2.0 0.0008148227314138251 0.0 0.002146102087550638 0.003210806340080052 0.020366941216577283 0.0009023636668128033 0.005165893822388128 0.004904387430889215 0.0005561272161263293 0.0012734444286859564 0.0020574448326515483 0.0011612754061905177 0.015280299876107458 0.0009050348301275122 0.0013583847714071214 0.014823606293693463 0.02285375348091723 0.003410515832265931 0.005295412665350611 0.005745807919805589 0.004638004109458482 0.0013600988790292436 0.0008545328365280739 0.001992717363209239 0.0012151483386848303 0.0012701103821200965 0.0008875781198422803 0.0028589968996423536 0.0028444226825768033 0.005228627062390031
3.0 0.0022042955526471687 0.002146102087550638 0.0 0.003102373267870823 0.02132570496567837 0.0021118213285605744 0.005132149133854291 0.006447085774215575 0.0021445621402598923 0.0022090372355808305 0.002710674955736863 0.0022928574915528598 0.015596534842346955 0.0020164896438636653 0.0013832109636622966 0.014668103915244477 0.02339531238419616 0.003339971918212549 0.006642436943643833 0.0056313877713357946 0.004246832518717486 0.0015111550461328039 0.002333409557033603 0.0016549713937384536 0.0015859562918619941 0.0019114374060891868 0.0019774655286689128 0.003924814767195499 0.0022344349756028108 0.004870512733707953
4.0 0.003245710629964902 0.003210806340080052 0.003102373267870823 0.0 0.02247796796980603 0.0031432997762687745 0.004218479866531767 0.007507887172929885 0.0032173933090895186 0.0032999754104940165 0.0038659529776229845 0.0033130500822928857 0.016895959463274685 0.0030922299167812943 0.0027245882474262037 0.016056793905908154 0.024638638272259688 0.0021453760429644263 0.007669925688071393 0.004797401178808155 0.0041068291219552595 0.002786710602250591 0.0033988793671811844 0.003179874645241583 0.00279750041747261 0.0030230578132159503 0.0030215669364399055 0.005055844748504955 0.0039095392755590895 0.004646389588324675
5.0 0.020514382025565034 0.020366941216577283 0.02132570496567837 0.02247796796980603 0.0 0.020510836497986438 0.024436967976749543 0.02413015129136793 0.02036515907522836 0.020737774136365315 0.02140781636173067 0.020733271152795288 0.03176700350791971 0.020445950276612383 0.020571936725842073 0.03313070769961698 0.03464651677715015 0.022685244262587334 0.02482313823105415 0.024997456059181807 0.02386235424786179 0.020612634152268626 0.020625491688713686 0.021121023527466497 0.0205119691544247 0.0206580671169146 0.020443937848583497 0.021760597211973674 0.021984503836864885 0.024451186888504842
6.0 0.0007799373513404614 0.0009023636668128033 0.0021118213285605744 0.0031432997762687745 0.020510836497986438 0.0 0.005094292493492589 0.005191261375715222 0.0009538909307546426 0.001255960654160098 0.0020441947632826407 0.0008697310892888926 0.015316005244516769 0.0009270047685122277 0.0013292104465014323 0.014813311694225532 0.022928413919304804 0.003341275636700244 0.005267276796456822 0.0056790792558020385 0.004584148016349021 0.0013250384705403608 0.001105508875122981 0.0019668685649528585 0.0011783568844502268 0.0012080846752743893 0.0007327440963823757 0.0030198400039409424 0.0028149098008420316 0.0051737721099691025
7.0 0.005197811383258949 0.005165893822388128 0.005132149133854291 0.004218479866531767 0.024436967976749543 0.005094292493492589 0.0 0.00946200263704434 0.0051735338790026035 0.005259273189333848 0.0058339641543952905 0.005262650262861041 0.018871335101452245 0.005049203200150097 0.004716560081328013 0.018018580711084038 0.02660558044859716 0.004758194802100827 0.009619748984453494 0.005200420220799521 0.006254841010355122 0.004772773498188981 0.005354189996023001 0.005177848984258047 0.004773962174093046 0.004986431794871295 0.004974548269684765 0.007018789618277459 0.005912317295787629 0.006610920932265529
8.0 0.005093982335304698 0.004904387430889215 0.006447085774215575 0.007507887172929885 0.02413015129136793 0.005191261375715222 0.00946200263704434 0.0 0.004987774431305405 0.005596974513533565 0.006371851432990933 0.0054475308420516766 0.019498246171762948 0.0052434136482603245 0.005662259449226231 0.01909675761944149 0.02694029165278383 0.007707589235671764 0.009335501230135412 0.010042144088051583 0.008936341868684368 0.005665238180390475 0.005268081897489986 0.006293078349847596 0.005522903582139095 0.005580148276453555 0.0052013418046315775 0.0071319217351387 0.00714460557883294 0.009526600514663794
9.0 0.0008997074440494199 0.0005561272161263293 0.0021445621402598923 0.0032173933090895186 0.02036515907522836 0.0009538909307546426 0.0051735338790026035 0.004987774431305405 0.0 0.0012694328979406541 0.0020505337661757216 0.0012041746266798067 0.01526850055715059 0.0008986464754383312 0.0013554637051954187 0.01481857021532069 0.022843125193746625 0.003417506234126541 0.005373539271749717 0.005752284245034922 0.004641281050812145 0.0013585343322442198 0.0008836477335245664 0.0019892120247117433 0.00121393500877993 0.0012747442041260186 0.0009129683642399151 0.0028105452252679564 0.0028418068257400533 0.005232169752230239
10.0 0.001344756722280841 0.0012734444286859564 0.0022090372355808305 0.0032999754104940165 0.020737774136365315 0.001255960654160098 0.005259273189333848 0.005596974513533565 0.0012694328979406541 0.0 0.0020448558156436823 0.0014532563332401655 0.015424560790213922 0.0010452868970834564 0.0014089838429452897 0.014912106696539537 0.023075947658646772 0.0035006922455351553 0.0058056610551857745 0.005835729675949925 0.004716898014436298 0.0014017565858707951 0.001445961303531719 0.0020561697188738698 0.001237891525891782 0.0012762068471302147 0.001088870738468499 0.0031661389879140992 0.0029083453740559257 0.005308793008859691
11.0 0.0021308896375163513 0.0020574448326515483 0.002710674955736863 0.0038659529776229845 0.02140781636173067 0.0020441947632826407 0.0058339641543952905 0.006371851432990933 0.0020505337661757216 0.0020448558156436823 0.0 0.002234734648769399 0.015970069740935677 0.0018994832385438292 0.0018863776096282212 0.015424407105022504 0.02366736219441973 0.004069740413453532 0.006582814322806498 0.006401549036682923 0.005257093963321011 0.0018751890100075358 0.0022402353698541553 0.002551329718337311 0.0016804597443415684 0.0018574795654391308 0.0018957798202950617 0.003858609560203826 0.0034072103707074412 0.005851482539309922
12.0 0.0010766865666755644 0.0011612754061905177 0.0022928574915528598 0.0033130500822928857 0.020733271152795288 0.0008697310892888926 0.005262650262861041 0.0054475308420516766 0.0012041746266798067 0.0014532563332401655 0.002234734648769399 0.0 0.015513663332472491 0.0011427076544321003 0.0015124807503141826 0.015000422035985629 0.02313470013536632 0.003510436650436593 0.005509294254063091 0.0058490784305728636 0.004758519203096601 0.0015071471487404652 0.0013598181904571716 0.0021503636938450727 0.0013611599950812507 0.0013857294352060193 0.0009362895483084609 0.0032418337590315975 0.002997307427586092 0.005347789107109515
13.0 0.01537929189220498 0.015280299876107458 0.015596534842346955 0.016895959463274685 0.03176700350791971 0.015316005244516769 0.018871335101452245 0.019498246171762948 0.01526850055715059 0.015424560790213922 0.015970069740935677 0.015513663332472491 0.0 0.015199762834742923 0.014900479894235702 0.026228121684756696 0.029752504490700018 0.01711208454039341 0.019803256849642452 0.019407885282640223 0.018215297191183574 0.015000651901878666 0.015484167161340085 0.015300514096513314 0.014969478109994955 0.015231388913465906 0.015195691939087656 0.016799063727439348 0.01619165197438929 0.018805649345866912
14.0 0.0009978741688380574 0.0009050348301275122 0.0020164896438636653 0.0030922299167812943 0.020445950276612383 0.0009270047685122277 0.005049203200150097 0.0052434136482603245 0.0008986464754383312 0.0010452868970834564 0.0018994832385438292 0.0011427076544321003 0.015199762834742923 0.0 0.0012234536516321974 0.014709401765939297 0.02282682478762661 0.0032923172260840806 0.005470101618434127 0.005627706060603958 0.0045151566689321625 0.0012213833218875179 0.001055977311811017 0.0018634674638593244 0.0010689075836967854 0.0011128119811661752 0.0007650882501712676 0.0028660681856960005 0.002715375125483881 0.005106355015738831
15.0 0.0014205254209253202 0.0013583847714071214 0.0013832109636622966 0.0027245882474262037 0.020571936725842073 0.0013292104465014323 0.004716560081328013 0.005662259449226231 0.0013554637051954187 0.0014089838429452897 0.0018863776096282212 0.0015124807503141826 0.014900479894235702 0.0012234536516321974 0.0 0.01418152435933615 0.02268613855548626 0.002937479246093436 0.005862673738544832 0.0052597615678754645 0.004042741791257416 0.0006417421777566907 0.0015447938434487156 0.0012195110868924997 0.0007272289045049847 0.0010966541555668995 0.0011905584317013248 0.0031330944516092876 0.002080775928104118 0.004644656112388485
16.0 0.01489561051123048 0.014823606293693463 0.014668103915244477 0.016056793905908154 0.03313070769961698 0.014813311694225532 0.018018580711084038 0.01909675761944149 0.01481857021532069 0.014912106696539537 0.015424407105022504 0.015000422035985629 0.026228121684756696 0.014709401765939297 0.01418152435933615 0.0 0.03394264408328346 0.016293290858909203 0.019327335796321454 0.018497740402736714 0.01728704194023805 0.01431404537287597 0.015016240623204268 0.014273805260349272 0.014343515420023354 0.014651306292151941 0.014683614587300515 0.016526213892819677 0.015099444321839899 0.017851955559854707
17.0 0.022971436971116133 0.02285375348091723 0.02339531238419616 0.024638638272259688 0.03464651677715015 0.022928413919304804 0.02660558044859716 0.02694029165278383 0.022843125193746625 0.023075947658646772 0.02366736219441973 0.02313470013536632 0.029752504490700018 0.02282682478762661 0.02268613855548626 0.03394264408328346 0.0 0.024852515059175517 0.027361950247145744 0.027148262196492558 0.025979693041988487 0.02276367746209967 0.023075576250881663 0.023131782807852344 0.02270703535732926 0.02292587195411401 0.022825712208447282 0.02427050076046637 0.02400802060284957 0.026567727988608507
18.0 0.003444249203328866 0.003410515832265931 0.003339971918212549 0.0021453760429644263 0.022685244262587334 0.003341275636700244 0.004758194802100827 0.007707589235671764 0.003417506234126541 0.0035006922455351553 0.004069740413453532 0.003510436650436593 0.01711208454039341 0.0032923172260840806 0.002937479246093436 0.016293290858909203 0.024852515059175517 0.0 0.007867950080296554 0.005394507464708571 0.004603773197162896 0.0029958116894698685 0.003598579733489344 0.0034070923907191237 0.0030037112712073934 0.0032243176404163233 0.003220039587125438 0.005259132175668744 0.004146539835804216 0.005181363292394708
19.0 0.005219069739939101 0.005295412665350611 0.006642436943643833 0.007669925688071393 0.02482313823105415 0.005267276796456822 0.009619748984453494 0.009335501230135412 0.005373539271749717 0.0058056610551857745 0.006582814322806498 0.005509294254063091 0.019803256849642452 0.005470101618434127 0.005862673738544832 0.019327335796321454 0.027361950247145744 0.007867950080296554 0.0 0.010204867389666031 0.009112122117691671 0.005861416319542237 0.00556997956100628 0.006496386365319533 0.0057188822024760114 0.00576125534581049 0.005353007813923681 0.007489059057938862 0.0073445735681718725 0.009701369364824415
20.0 0.005781111355046436 0.005745807919805589 0.0056313877713357946 0.004797401178808155 0.024997456059181807 0.0056790792558020385 0.005200420220799521 0.010042144088051583 0.005752284245034922 0.005835729675949925 0.006401549036682923 0.0058490784305728636 0.019407885282640223 0.005627706060603958 0.0052597615678754645 0.018497740402736714 0.027148262196492558 0.005394507464708571 0.010204867389666031 0.0 0.0065044337924612654 0.005324524351560271 0.005934046065020329 0.005689041287573197 0.005334128900179089 0.005560218224308796 0.005557594056462275 0.007588854660528396 0.006404146972058468 0.006677823517454864
21.0 0.004682435276929258 0.004638004109458482 0.004246832518717486 0.0041068291219552595 0.02386235424786179 0.004584148016349021 0.006254841010355122 0.008936341868684368 0.004641281050812145 0.004716898014436298 0.005257093963321011 0.004758519203096601 0.018215297191183574 0.0045151566689321625 0.004042741791257416 0.01728704194023805 0.025979693041988487 0.004603773197162896 0.009112122117691671 0.0065044337924612654 0.0 0.004130417038098188 0.004825828923754718 0.004414488150341678 0.004166541667808999 0.0044320642450482945 0.004457394496560701 0.006455575434266424 0.005082707791263488 0.004189828519407618
22.0 0.0014187823811389402 0.0013600988790292436 0.0015111550461328039 0.002786710602250591 0.020612634152268626 0.0013250384705403608 0.004772773498188981 0.005665238180390475 0.0013585343322442198 0.0014017565858707951 0.0018751890100075358 0.0015071471487404652 0.015000651901878666 0.0012213833218875179 0.0006417421777566907 0.01431404537287597 0.02276367746209967 0.0029958116894698685 0.005861416319542237 0.005324524351560271 0.004130417038098188 0.0 0.001545473145449305 0.0013712380090137402 0.0006757917427352711 0.0010633108739163343 0.0011842584057725697 0.0031548050133129776 0.0022214769742113557 0.004730778083833144
23.0 0.0010703717003858937 0.0008545328365280739 0.002333409557033603 0.0033988793671811844 0.020625491688713686 0.001105508875122981 0.005354189996023001 0.005268081897489986 0.0008836477335245664 0.001445961303531719 0.0022402353698541553 0.0013598181904571716 0.015484167161340085 0.001055977311811017 0.0015447938434487156 0.015016240623204268 0.023075576250881663 0.003598579733489344 0.00556997956100628 0.005934046065020329 0.004825828923754718 0.001545473145449305 0.0 0.0021805043242222014 0.0013989482708404262 0.0014503290126591933 0.0010576730671623034 0.0030851592739936607 0.003032090420372552 0.005416532876540827
24.0 0.002056440688324354 0.001992717363209239 0.0016549713937384536 0.003179874645241583 0.021121023527466497 0.0019668685649528585 0.005177848984258047 0.006293078349847596 0.0019892120247117433 0.0020561697188738698 0.002551329718337311 0.0021503636938450727 0.015300514096513314 0.0018634674638593244 0.0012195110868924997 0.014273805260349272 0.023131782807852344 0.0034070923907191237 0.006496386365319533 0.005689041287573197 0.004414488150341678 0.0013712380090137402 0.0021805043242222014 0.0 0.0014331479366415903 0.0017661748360939238 0.0018315933449649844 0.003749653991673687 0.0020721503966269752 0.005010598704464394
25.0 0.0012733758166938352 0.0012151483386848303 0.0015859562918619941 0.00279750041747261 0.0205119691544247 0.0011783568844502268 0.004773962174093046 0.005522903582139095 0.00121393500877993 0.001237891525891782 0.0016804597443415684 0.0013611599950812507 0.014969478109994955 0.0010689075836967854 0.0007272289045049847 0.014343515420023354 0.02270703535732926 0.0030037112712073934 0.0057188822024760114 0.005334128900179089 0.004166541667808999 0.0006757917427352711 0.0013989482708404262 0.0014331479366415903 0.0 0.0008739065040847542 0.001032640214385937 0.0030262961606525524 0.002287567872910316 0.004763655061518758
26.0 0.0013137574930805057 0.0012701103821200965 0.0019114374060891868 0.0030230578132159503 0.0206580671169146 0.0012080846752743893 0.004986431794871295 0.005580148276453555 0.0012747442041260186 0.0012762068471302147 0.0018574795654391308 0.0013857294352060193 0.015231388913465906 0.0011128119811661752 0.0010966541555668995 0.014651306292151941 0.02292587195411401 0.0032243176404163233 0.00576125534581049 0.005560218224308796 0.0044320642450482945 0.0010633108739163343 0.0014503290126591933 0.0017661748360939238 0.0008739065040847542 0.0 0.0010524621016758597 0.0031478617497207595 0.002615900869683843 0.005025296971836605
27.0 0.0008812627332260217 0.0008875781198422803 0.0019774655286689128 0.0030215669364399055 0.020443937848583497 0.0007327440963823757 0.004974548269684765 0.0052013418046315775 0.0009129683642399151 0.001088870738468499 0.0018957798202950617 0.0009362895483084609 0.015195691939087656 0.0007650882501712676 0.0011905584317013248 0.014683614587300515 0.022825712208447282 0.003220039587125438 0.005353007813923681 0.005557594056462275 0.004457394496560701 0.0011842584057725697 0.0010576730671623034 0.0018315933449649844 0.001032640214385937 0.0010524621016758597 0.0 0.0029205288445549706 0.002680256030540838 0.005047570399829784
28.0 0.0030393206298930933 0.0028589968996423536 0.003924814767195499 0.005055844748504955 0.021760597211973674 0.0030198400039409424 0.007018789618277459 0.0071319217351387 0.0028105452252679564 0.0031661389879140992 0.003858609560203826 0.0032418337590315975 0.016799063727439348 0.0028660681856960005 0.0031330944516092876 0.016526213892819677 0.02427050076046637 0.005259132175668744 0.007489059057938862 0.007588854660528396 0.006455575434266424 0.0031548050133129776 0.0030851592739936607 0.003749653991673687 0.0030262961606525524 0.0031478617497207595 0.0029205288445549706 0.0 0.0046104257646684375 0.007047968547096319
29.0 0.0029056929338444164 0.0028444226825768033 0.0022344349756028108 0.0039095392755590895 0.021984503836864885 0.0028149098008420316 0.005912317295787629 0.00714460557883294 0.0028418068257400533 0.0029083453740559257 0.0034072103707074412 0.002997307427586092 0.01619165197438929 0.002715375125483881 0.002080775928104118 0.015099444321839899 0.02400802060284957 0.004146539835804216 0.0073445735681718725 0.006404146972058468 0.005082707791263488 0.0022214769742113557 0.003032090420372552 0.0020721503966269752 0.002287567872910316 0.002615900869683843 0.002680256030540838 0.0046104257646684375 0.0 0.005676048869842646
30.0 0.005272317503059307 0.005228627062390031 0.004870512733707953 0.004646389588324675 0.024451186888504842 0.0051737721099691025 0.006610920932265529 0.009526600514663794 0.005232169752230239 0.005308793008859691 0.005851482539309922 0.005347789107109515 0.018805649345866912 0.005106355015738831 0.004644656112388485 0.017851955559854707 0.026567727988608507 0.005181363292394708 0.009701369364824415 0.006677823517454864 0.004189828519407618 0.004730778083833144 0.005416532876540827 0.005010598704464394 0.004763655061518758 0.005025296971836605 0.005047570399829784 0.007047968547096319 0.005676048869842646 0.0
