0.0 1.0 2.0 3.0 4.0 5.0 6.0 7.0 8.0 9.0 10.0 11.0 12.0 13.0 14.0 15.0 16.0 17.0 18.0 19.0 20.0 21.0 22.0 23.0 24.0 25.0 26.0 27.0 28.0 29.0 30.0
1.0 0.0 0.0007540138073941893 0.0011876993431278432 0.0013068192904465618 0.0012360763235215008 0.000676129167745413 0.0014257780560828354 0.0009639250360769364 0.0008450447504971289 0.0012844000934837487 0.001147579473951078 0.0007986534951672257 0.0011440452361514105 0.0008204815775257474 0.001078716755780245 0.0015190954998552976 0.0012616991894374612 0.0013015058509192516 0.0013324040876782459 0.0014322058804986098 0.0013265555814432 0.0010717922531886922 0.000739736681173704 0.0013028646213573488 0.0009991453757924919 0.0009646000784555293 0.0007841636020534507 0.001018614530778869 0.0012956086009613846 0.0015104298048691381
2.0 0.0007540138073941893 0.0 0.001176593780392174 0.001303911638144527 0.001167497059027326 0.0008187022890916672 0.0014234141097826977 0.0009045167959142381 0.000610634575540097 0.0012722195612188815 0.0011279390158468394 0.0009008090536345419 0.0010958947326528614 0.0007861161734768884 0.0010658370420151295 0.001488069332923947 0.0012054648928897932 0.001299833412599534 0.0013956592001582854 0.0014280836378469028 0.0013201076627303303 0.001065302197729326 0.0006338312804683814 0.0012846897222576216 0.0009925753038887355 0.0009708786274747838 0.0008294341638759027 0.0009342123242565394 0.0012813478832211264 0.001503762973836501
3.0 0.0011876993431278432 0.001176593780392174 0.0 0.0008608043157664602 0.0013706837357091105 0.0011643141146014644 0.000992944396409407 0.0013377238011793322 0.0012144443707580205 0.0014601176014420315 0.0011941802768056832 0.0011785834136044267 0.0010541046887259694 0.0011076589046644285 0.0008188142831170311 0.0012287322964699273 0.0012496772289982273 0.0008802465877633069 0.0017983625957115842 0.0009729517783126542 0.0008074469093857393 0.0008793341934760595 0.001154301106666978 0.0008428125739594621 0.000907620577678467 0.000983030305683644 0.001116726864514 0.0011861151240707669 0.0006771866402466502 0.0010028071961850262
4.0 0.0013068192904465618 0.001303911638144527 0.0008608043157664602 0.0 0.0015249246388881386 0.0012786766287180157 0.0007651543693165388 0.001469903558914414 0.001343646177512973 0.0015820779736486512 0.0013265149564186658 0.0012873343216573694 0.001233974723502435 0.0012313109974697216 0.000996500045872428 0.0014275510272284495 0.0014202337912323998 0.0006423130509033853 0.0019198856258335751 0.0007898276042839195 0.0007582095932707248 0.0010235891979397214 0.0012788921984810888 0.001110666712104086 0.0010433617604402648 0.001097159985361178 0.0012317524301765402 0.001332270654671821 0.00101606361153977 0.0009338003681500168
5.0 0.0012360763235215008 0.001167497059027326 0.0013706837357091105 0.0015249246388881386 0.0 0.001260238325030386 0.001645134653726945 0.0012059408089073879 0.0012038258444612288 0.0016271220045162718 0.001417962988369939 0.001310997436212324 0.001070612735073069 0.0012017905158346158 0.0012749185497932644 0.001574826990286053 0.001065150104921073 0.0015257601952948054 0.001784123740569799 0.0016435718242953825 0.001528646467947689 0.001305252948547527 0.0011909420895733914 0.001450606957919767 0.0012535515877909141 0.0012762084812019832 0.0012465414329897871 0.0011013547264756033 0.0014616787535252015 0.0017105776636514945
6.0 0.000676129167745413 0.0008187022890916672 0.0011643141146014644 0.0012786766287180157 0.001260238325030386 0.0 0.0013974044600629709 0.0010244734284650012 0.0008905556770659241 0.0012562238811608764 0.001125081506583272 0.0006862834742228446 0.0011462463551272604 0.0008075042493936205 0.001055456224249108 0.0015091766569839135 0.0012708284810635621 0.0012725899023602325 0.0013884007085454187 0.0014048627642325353 0.0013004989093700044 0.0010440780212420235 0.0007788331264605482 0.0012839122127490965 0.0009705541957100632 0.000927125654771415 0.0007144892497526985 0.0010360637113432485 0.0012742491298650509 0.0014845589350266607
7.0 0.0014257780560828354 0.0014234141097826977 0.000992944396409407 0.0007651543693165388 0.001645134653726945 0.0013974044600629709 0.0 0.001589406246466166 0.0014633030186177436 0.0017023541902800037 0.0014481499682441033 0.0014056315970578845 0.0013544887948239526 0.0013510891122592537 0.001123010367904401 0.0015447567426743083 0.0015406564778183318 0.000850759552999125 0.002038750443569473 0.0006707677556243195 0.0008962929056779562 0.0011493447643339055 0.0013983741475162884 0.0012351375056298465 0.0011668377552480705 0.0012183201586530197 0.0013509037850832455 0.0014526694832820864 0.00114101546132049 0.0010227960182684639
8.0 0.0009639250360769364 0.0009045167959142381 0.0013377238011793322 0.001469903558914414 0.0012059408089073879 0.0010244734284650012 0.001589406246466166 0.0 0.0009758345418730409 0.0014829274270099055 0.0013174038287890732 0.0010921224610667122 0.0012117768631684297 0.0010272566173952398 0.0012313494912633267 0.0016269984816377906 0.0013021487767486397 0.0014667967204458293 0.0014254885264059452 0.0015929334466663239 0.0014837992434780785 0.00123784923042879 0.0009634825169150059 0.0014401548492317933 0.001171175155411319 0.0011596455851922574 0.0010506706592422052 0.0010717750753981032 0.001439672719537345 0.0016670518172739335
9.0 0.0008450447504971289 0.000610634575540097 0.0012144443707580205 0.001343646177512973 0.0012038258444612288 0.0008905556770659241 0.0014633030186177436 0.0009758345418730409 0.0 0.0013057922206175083 0.0011596576282362607 0.0009657437994269619 0.0011280288835481482 0.0008137756865205575 0.0011026675395513082 0.0015225353656553014 0.0012377217014929946 0.0013398280571200866 0.0014770570386736241 0.001467582422970384 0.001359053757171668 0.0011033504345694877 0.0006910297432842865 0.0013210523436864162 0.0010299860225846467 0.0010115018989332388 0.0008832230984457782 0.0009500940295381955 0.0013185686875121054 0.0015426870272833185
10.0 0.0012844000934837487 0.0012722195612188815 0.0014601176014420315 0.0015820779736486512 0.0016271220045162718 0.0012562238811608764 0.0017023541902800037 0.0014829274270099055 0.0013057922206175083 0.0 0.0013059395174560547 0.0012885112376184319 0.0014665740476333888 0.0010910112203797997 0.0013326165455257307 0.001815022650498974 0.001604346535686862 0.0015764244710147373 0.001925518980658696 0.001708408141747066 0.001601126144901684 0.0013130994403817398 0.0012221946483412913 0.0015784082073454827 0.0012145126947602223 0.001164460011208851 0.0011625014429595287 0.0013681883594411004 0.0015701279125585129 0.0017858116240107489
11.0 0.001147579473951078 0.0011279390158468394 0.0011941802768056832 0.0013265149564186658 0.001417962988369939 0.001125081506583272 0.0014481499682441033 0.0013174038287890732 0.0011596576282362607 0.0013059395174560547 0.0 0.001150969389881169 0.0012202496336226117 0.001011610263188682 0.001041524035432846 0.0015552347024822633 0.0013701100082486408 0.00132186160064338 0.0017735700699472666 0.0014524039876937101 0.0013417770668044645 0.0010202264910645741 0.0010934581510941457 0.0013081482413972874 0.000885034631002286 0.0009272734294260921 0.0010571618341931035 0.0011614712499157355 0.0013030541699105727 0.0015269353252792771
12.0 0.0007986534951672257 0.0009008090536345419 0.0011785834136044267 0.0012873343216573694 0.001310997436212324 0.0006862834742228446 0.0014056315970578845 0.0010921224610667122 0.0009657437994269619 0.0012885112376184319 0.001150969389881169 0.0 0.0011825459961290051 0.0008647383256566589 0.0010720132982632634 0.0015354117625984392 0.0013120711871740676 0.0012804404719047554 0.0014469911431990467 0.0014142796888242922 0.001311551075306134 0.0010572712229596603 0.000864304094320858 0.0013026814313162566 0.0009854709976368024 0.0009358096208028762 0.0007639709355660383 0.001088292297818707 0.0012904914645631448 0.0014957123581223384
13.0 0.0011440452361514105 0.0010958947326528614 0.0010541046887259694 0.001233974723502435 0.001070612735073069 0.0011462463551272604 0.0013544887948239526 0.0012117768631684297 0.0011280288835481482 0.0014665740476333888 0.0012202496336226117 0.0011825459961290051 0.0 0.0010742246927407761 0.0009841993763295357 0.0011225227560277594 0.0007700366802158953 0.0012399563816554513 0.001729928379600692 0.0013465120485260998 0.001225058540536934 0.001042636495664219 0.0010956079894966174 0.0011060614794283648 0.0010144055967952054 0.0010702813489012883 0.0011128856331688547 0.0010102836553859637 0.0011303065263526175 0.0014047741151029746
14.0 0.0008204815775257474 0.0007861161734768884 0.0011076589046644285 0.0012313109974697216 0.0012017905158346158 0.0008075042493936205 0.0013510891122592537 0.0010272566173952398 0.0008137756865205575 0.0010910112203797997 0.001011610263188682 0.0008647383256566589 0.0010742246927407761 0.0 0.0009896181967047324 0.001442473922862919 0.0012006214970562987 0.0012263206619671887 0.0014752005654204373 0.0013566604616093347 0.0012493505196647485 0.0009801486689648591 0.0007104246614236885 0.00122137320687215 0.0008970118738272986 0.0008615592563991829 0.0007187022198838943 0.0009349735770225898 0.001215272196098733 0.001433513972883616
15.0 0.001078716755780245 0.0010658370420151295 0.0008188142831170311 0.000996500045872428 0.0012749185497932644 0.001055456224249108 0.001123010367904401 0.0012313494912633267 0.0011026675395513082 0.0013326165455257307 0.001041524035432846 0.0010720132982632634 0.0009841993763295357 0.0009896181967047324 0.0 0.0012441260352524237 0.0011695829540207532 0.0009961818575911754 0.0016921756892291414 0.0011208203244106156 0.0009969995709582591 0.0006556443935842346 0.00104168366195208 0.0009205967940037565 0.0007131894936640072 0.0008456270863052289 0.001003258953727112 0.001076109095436424 0.0009260492727381693 0.0011845774872610857
16.0 0.0015190954998552976 0.001488069332923947 0.0012287322964699273 0.0014275510272284495 0.001574826990286053 0.0015091766569839135 0.0015447567426743083 0.0016269984816377906 0.0015225353656553014 0.001815022650498974 0.0015552347024822633 0.0015354117625984392 0.0011225227560277594 0.001442473922862919 0.0012441260352524237 0.0 0.0013666104687628184 0.0014432229422066563 0.0021174541417214752 0.0015251342843218727 0.0013987509255438697 0.0013149661083837738 0.0014769004434843959 0.0012745715724273026 0.0013109340805416887 0.001381378733584801 0.0014683961866361383 0.0014454901680827597 0.0012834922241295936 0.0015699886670205929
17.0 0.0012616991894374612 0.0012054648928897932 0.0012496772289982273 0.0014202337912323998 0.001065150104921073 0.0012708284810635621 0.0015406564778183318 0.0013021487767486397 0.0012377217014929946 0.001604346535686862 0.0013701100082486408 0.0013120711871740676 0.0007700366802158953 0.0012006214970562987 0.0011695829540207532 0.0013666104687628184 0.0 0.001424337119493359 0.001837868594208749 0.0015350076384558849 0.0014159103187594193 0.0012177881584737274 0.001212408589244017 0.001312070056706157 0.0011806151082627656 0.0012250522283064938 0.001243077777195747 0.001110704232930736 0.001331363631313164 0.001596443481572317
18.0 0.0013015058509192516 0.001299833412599534 0.0008802465877633069 0.0006423130509033853 0.0015257601952948054 0.0012725899023602325 0.000850759552999125 0.0014667967204458293 0.0013398280571200866 0.0015764244710147373 0.00132186160064338 0.0012804404719047554 0.0012399563816554513 0.0012263206619671887 0.0009961818575911754 0.0014432229422066563 0.001424337119493359 0.0 0.0019151082165927888 0.0008856419350795409 0.0008327846319986544 0.0010185795296418214 0.001274291200576512 0.0011244228899569089 0.0010381188834358661 0.0010895036798115013 0.0012255194600371937 0.0013312413433992877 0.0010366867489286914 0.0010191328293447438
19.0 0.0013324040876782459 0.0013956592001582854 0.0017983625957115842 0.0019198856258335751 0.001784123740569799 0.0013884007085454187 0.002038750443569473 0.0014254885264059452 0.0014770570386736241 0.001925518980658696 0.0017735700699472666 0.0014469911431990467 0.001729928379600692 0.0014752005654204373 0.0016921756892291414 0.0021174541417214752 0.001837868594208749 0.0019151082165927888 0.0 0.0020446162793050374 0.0019384691805604056 0.001689632411746185 0.0014169687219627426 0.0019103818837988332 0.0016207497835854388 0.00159397102320157 0.0014568042330193884 0.00160774407297416 0.0019047050957226772 0.002122089995509783
20.0 0.0014322058804986098 0.0014280836378469028 0.0009729517783126542 0.0007898276042839195 0.0016435718242953825 0.0014048627642325353 0.0006707677556243195 0.0015929334466663239 0.001467582422970384 0.001708408141747066 0.0014524039876937101 0.0014142796888242922 0.0013465120485260998 0.0013566604616093347 0.0011208203244106156 0.0015251342843218727 0.0015350076384558849 0.0008856419350795409 0.0020446162793050374 0.0 0.0008546896436495929 0.0011521594085543649 0.0014036646705849027 0.0012185588837265865 0.0011708904083022216 0.0012260669745437088 0.0013582600039007374 0.0014532853394287858 0.0011181218163418224 0.0009472648405088125
21.0 0.0013265555814432 0.0013201076627303303 0.0008074469093857393 0.0007582095932707248 0.001528646467947689 0.0013004989093700044 0.0008962929056779562 0.0014837992434780785 0.001359053757171668 0.001601126144901684 0.0013417770668044645 0.001311551075306134 0.001225058540536934 0.0012493505196647485 0.0009969995709582591 0.0013987509255438697 0.0014159103187594193 0.0008327846319986544 0.0019384691805604056 0.0008546896436495929 0.0 0.0010356185184165177 0.0012963473299388033 0.0010788603190609778 0.001058119854239672 0.0011198707616556169 0.0012534204878942024 0.0013402474839780496 0.0009657384069600107 0.0007806350768835698
22.0 0.0010717922531886922 0.001065302197729326 0.0008793341934760595 0.0010235891979397214 0.001305252948547527 0.0010440780212420235 0.0011493447643339055 0.00123784923042879 0.0011033504345694877 0.0013130994403817398 0.0010202264910645741 0.0010572712229596603 0.001042636495664219 0.0009801486689648591 0.0006556443935842346 0.0013149661083837738 0.0012177881584737274 0.0010185795296418214 0.001689632411746185 0.0011521594085543649 0.0010356185184165177 0.0 0.001037244311191945 0.0010092953247432136 0.0006479389684588503 0.000798404669339245 0.0009880977389702846 0.0010955653363859267 0.000996998463065963 0.001223588709856326
23.0 0.000739736681173704 0.0006338312804683814 0.001154301106666978 0.0012788921984810888 0.0011909420895733914 0.0007788331264605482 0.0013983741475162884 0.0009634825169150059 0.0006910297432842865 0.0012221946483412913 0.0010934581510941457 0.000864304094320858 0.0010956079894966174 0.0007104246614236885 0.00104168366195208 0.0014769004434843959 0.001212408589244017 0.001274291200576512 0.0014169687219627426 0.0014036646705849027 0.0012963473299388033 0.001037244311191945 0.0 0.001265489469466766 0.0009615240036424464 0.0009332233492907631 0.0007676586478279768 0.000943785420755015 0.001260547175153393 0.001480202195993696
24.0 0.0013028646213573488 0.0012846897222576216 0.0008428125739594621 0.001110666712104086 0.001450606957919767 0.0012839122127490965 0.0012351375056298465 0.0014401548492317933 0.0013210523436864162 0.0015784082073454827 0.0013081482413972874 0.0013026814313162566 0.0011060614794283648 0.00122137320687215 0.0009205967940037565 0.0012745715724273026 0.001312070056706157 0.0011244228899569089 0.0019103818837988332 0.0012185588837265865 0.0010788603190609778 0.0010092953247432136 0.001265489469466766 0.0 0.0010297342856534339 0.0011144480233823291 0.0012374140179118235 0.0012761182573241734 0.0008569670563912776 0.0012612222595497265
25.0 0.0009991453757924919 0.0009925753038887355 0.000907620577678467 0.0010433617604402648 0.0012535515877909141 0.0009705541957100632 0.0011668377552480705 0.001171175155411319 0.0010299860225846467 0.0012145126947602223 0.000885034631002286 0.0009854709976368024 0.0010144055967952054 0.0008970118738272986 0.0007131894936640072 0.0013109340805416887 0.0011806151082627656 0.0010381188834358661 0.0016207497835854388 0.0011708904083022216 0.001058119854239672 0.0006479389684588503 0.0009615240036424464 0.0010297342856534339 0.0 0.0006899155871904917 0.0009088931947114765 0.0010311007588369248 0.0010210969324965292 0.001244654037568689
26.0 0.0009646000784555293 0.0009708786274747838 0.000983030305683644 0.001097159985361178 0.0012762084812019832 0.000927125654771415 0.0012183201586530197 0.0011596455851922574 0.0010115018989332388 0.001164460011208851 0.0009272734294260921 0.0009358096208028762 0.0010702813489012883 0.0008615592563991829 0.0008456270863052289 0.001381378733584801 0.0012250522283064938 0.0010895036798115013 0.00159397102320157 0.0012260669745437088 0.0011198707616556169 0.000798404669339245 0.0009332233492907631 0.0011144480233823291 0.0006899155871904917 0.0 0.000855948460376939 0.001046157875647406 0.0010993307354873025 0.00130567158923014
27.0 0.0007841636020534507 0.0008294341638759027 0.001116726864514 0.0012317524301765402 0.0012465414329897871 0.0007144892497526985 0.0013509037850832455 0.0010506706592422052 0.0008832230984457782 0.0011625014429595287 0.0010571618341931035 0.0007639709355660383 0.0011128856331688547 0.0007187022198838943 0.001003258953727112 0.0014683961866361383 0.001243077777195747 0.0012255194600371937 0.0014568042330193884 0.0013582600039007374 0.0012534204878942024 0.0009880977389702846 0.0007676586478279768 0.0012374140179118235 0.0009088931947114765 0.000855948460376939 0.0 0.0010078018824015537 0.0012273376950851108 0.0014377295284295137
28.0 0.001018614530778869 0.0009342123242565394 0.0011861151240707669 0.001332270654671821 0.0011013547264756033 0.0010360637113432485 0.0014526694832820864 0.0010717750753981032 0.0009500940295381955 0.0013681883594411004 0.0011614712499157355 0.001088292297818707 0.0010102836553859637 0.0009349735770225898 0.001076109095436424 0.0014454901680827597 0.001110704232930736 0.0013312413433992877 0.00160774407297416 0.0014532853394287858 0.0013402474839780496 0.0010955653363859267 0.000943785420755015 0.0012761182573241734 0.0010311007588369248 0.001046157875647406 0.0010078018824015537 0.0 0.0012827020486811855 0.0015231623236267255
29.0 0.0012956086009613846 0.0012813478832211264 0.0006771866402466502 0.00101606361153977 0.0014616787535252015 0.0012742491298650509 0.00114101546132049 0.001439672719537345 0.0013185686875121054 0.0015701279125585129 0.0013030541699105727 0.0012904914645631448 0.0011303065263526175 0.001215272196098733 0.0009260492727381693 0.0012834922241295936 0.001331363631313164 0.0010366867489286914 0.0019047050957226772 0.0011181218163418224 0.0009657384069600107 0.000996998463065963 0.001260547175153393 0.0008569670563912776 0.0010210969324965292 0.0010993307354873025 0.0012273376950851108 0.0012827020486811855 0.0 0.001148760338137226
30.0 0.0015104298048691381 0.001503762973836501 0.0010028071961850262 0.0009338003681500168 0.0017105776636514945 0.0014845589350266607 0.0010227960182684639 0.0016670518172739335 0.0015426870272833185 0.0017858116240107489 0.0015269353252792771 0.0014957123581223384 0.0014047741151029746 0.001433513972883616 0.0011845774872610857 0.0015699886670205929 0.001596443481572317 0.0010191328293447438 0.002122089995509783 0.0009472648405088125 0.0007806350768835698 0.001223588709856326 0.001480202195993696 0.0012612222595497265 0.001244654037568689 0.00130567158923014 0.0014377295284295137 0.0015231623236267255 0.001148760338137226 0.0
