0.0 1.0 2.0 3.0 4.0 5.0 6.0 7.0 8.0 9.0 10.0 11.0 12.0 13.0 14.0 15.0 16.0 17.0 18.0 19.0 20.0 21.0 22.0 23.0 24.0 25.0 26.0 27.0 28.0 29.0 30.0
1.0 0.0 0.00554014670150317 0.0055417390586177655 0.009261208900181764 0.016310641931372816 0.00383329504437205 0.012724383241243899 0.011857398357282962 0.006368941174823773 0.005256479236492235 0.004475125738001196 0.003957724735190582 0.011795794776057057 0.006132994759887328 0.006741447009347371 0.010425742836461534 0.015143895291053162 0.008293096174225825 0.0048898217448289415 0.00982104816786951 0.010510756784047691 0.006123118669231738 0.005853884360152086 0.005426222729670101 0.004605020909279934 0.004802074799700322 0.004535170832273703 0.0053418446396075086 0.008457839249070115 0.012738387215238485
2.0 0.00554014670150317 0.0 0.004614160659946557 0.008390180384233477 0.015080868893648975 0.0034255860765627887 0.01185611925386238 0.01033594244441497 0.003691863018775346 0.004377927943262791 0.0035385593615310613 0.003443300203848607 0.010740376498053872 0.005145598045808697 0.005808923953906055 0.009457067659968049 0.014034894223182166 0.007429593735972049 0.004202008901355909 0.008943106938766794 0.009613796199909434 0.005216744588787426 0.0038224880767357755 0.004481043736420416 0.0036958270557787033 0.003946199630259638 0.0037992839383720004 0.004052789900753156 0.007519381779200951 0.011842748116876254
3.0 0.0055417390586177655 0.004614160659946557 0.0 0.005515420445014869 0.014026155699586752 0.0028012803544356524 0.009033006629356376 0.010845375201815572 0.005139769842567182 0.0031984260681363168 0.002074862750675875 0.002708502613366636 0.008561150677201347 0.004281503293059831 0.0032142271397901986 0.006572225492986757 0.012188523699072865 0.0046639912365017775 0.003914162248455003 0.006009860601016282 0.006349081281646338 0.00321851702866331 0.0048017164659376445 0.0013244187385801397 0.0020008404835050956 0.002533764557671338 0.0029543520017130624 0.003056300493266867 0.004096421718841807 0.008660298413758814
4.0 0.009261208900181764 0.008390180384233477 0.005515420445014869 0.0 0.017971818791848986 0.006501637444445943 0.010036995020555398 0.014606316231137114 0.00893616838707744 0.006991929224512781 0.005941106386902141 0.006395714755586504 0.012693945221375395 0.008069119309550675 0.00737792107918551 0.01079323909385043 0.016261115063735686 0.0056256895388008404 0.007617161213243031 0.007178039878809288 0.00832334617222883 0.007141202775661763 0.00857358271444092 0.00572922223149526 0.005882494837482079 0.006317301479125652 0.006692671464592289 0.00697832470446551 0.00861743720179142 0.010517773132199528
5.0 0.016310641931372816 0.015080868893648975 0.014026155699586752 0.017971818791848986 0.0 0.013741112396710062 0.02143638394071374 0.020838083830986617 0.015576172979678959 0.014363189186373347 0.013322691489610797 0.013681650011669988 0.018046599947317873 0.015315536385456992 0.015295185943935766 0.018375983902818187 0.018749256214087653 0.017040326717985752 0.014496439275022865 0.01849022311875468 0.019109940081045985 0.014900866884176111 0.015486124877513687 0.013814094989373214 0.013445340766725933 0.013839579663746923 0.014007356410867217 0.013281963010995174 0.016879240755595874 0.021335371872568815
6.0 0.00383329504437205 0.0034255860765627887 0.0028012803544356524 0.006501637444445943 0.013741112396710062 0.0 0.009964142480761752 0.009583015296675112 0.0040975077704961255 0.0024919031049087034 0.0017335355750179 0.001006674955866046 0.009110368557734547 0.003416034259959176 0.004001496661975711 0.00770226760097633 0.012488204276987044 0.005530836795970814 0.0023423317440266125 0.007064106731566428 0.007760042234535216 0.0033718604804389134 0.0036014259978893277 0.0026922096387688 0.0018538027980369819 0.0020293151132506036 0.0017051160104714792 0.002735334789765456 0.005721394942447472 0.009987360011258583
7.0 0.012724383241243899 0.01185611925386238 0.009033006629356376 0.010036995020555398 0.02143638394071374 0.009964142480761752 0.0 0.01807040390287622 0.01240309185347772 0.010462580077916601 0.009415954100994568 0.009857388428747883 0.016157897119182082 0.011538268044269823 0.010870475776310288 0.014220274233398097 0.01972459907113119 0.010022675509998559 0.011078419283617746 0.007891277970428925 0.01193168736090891 0.010630986133736175 0.012040026887313354 0.00920889041211988 0.00936258012394273 0.009790292260719605 0.010158797082302475 0.01044978905071453 0.01209299006052956 0.013463204416642787
8.0 0.011857398357282962 0.01033594244441497 0.010845375201815572 0.014606316231137114 0.020838083830986617 0.009583015296675112 0.01807040390287622 0.0 0.011059681542718521 0.010664403762468513 0.009812485464888103 0.00955634915663187 0.016916417036351716 0.011527455343116085 0.012050185293632668 0.01567774945242393 0.02013164785381664 0.013644375202027739 0.009800560851564225 0.015159726227876284 0.01583630183512829 0.011466513681901698 0.011144709057356688 0.01071419879961948 0.009954627080115465 0.010199317738785307 0.010080047996838658 0.010305272374548702 0.013751608776841838 0.01806421479413839
9.0 0.006368941174823773 0.003691863018775346 0.005139769842567182 0.00893616838707744 0.015576172979678959 0.0040975077704961255 0.01240309185347772 0.011059681542718521 0.0 0.0049326463837443355 0.004063266991495792 0.004096779359035058 0.011226091779098602 0.005684087770306654 0.006333268704461666 0.009968978840702535 0.014514251780620418 0.007978294080511192 0.004902521290803073 0.00948662344499873 0.010150474461155433 0.005752041427481822 0.004632656053659755 0.005000145371461962 0.004230838400157181 0.004502801779134224 0.004415417290280731 0.004421320978898473 0.008040986833751667 0.012379903551045015
10.0 0.005256479236492235 0.004377927943262791 0.0031984260681363168 0.006991929224512781 0.014363189186373347 0.0024919031049087034 0.010462580077916601 0.010664403762468513 0.0049326463837443355 0.0 0.0019360386885595273 0.0024213378579180387 0.009518382382479366 0.003776165800509353 0.004350746942321584 0.008089542170144591 0.012941901103601033 0.006031544196731398 0.0036806696466368327 0.007547042508842137 0.008208953525558213 0.003684973496321539 0.004499208186265687 0.0030721829762772037 0.0021183719658241663 0.0023318455980308505 0.0025087467248311136 0.0031796068823973086 0.006108293381251148 0.010440667638496054
11.0 0.004475125738001196 0.0035385593615310613 0.002074862750675875 0.005941106386902141 0.013322691489610797 0.0017335355750179 0.009415954100994568 0.009812485464888103 0.004063266991495792 0.0019360386885595273 0.0 0.0016553888093147557 0.008378958294099612 0.0030711047839725916 0.003196386369338864 0.006947613293083386 0.011825030135558651 0.004989910648246616 0.002880372762293487 0.006488510401677255 0.007125632976284272 0.0025351601346165816 0.003694568335525782 0.0019303203032054305 0.0009345487479008718 0.0013836385874609093 0.0018152087664731042 0.002092841625243336 0.0049736356755881814 0.009359812174565519
12.0 0.003957724735190582 0.003443300203848607 0.002708502613366636 0.006395714755586504 0.013681650011669988 0.001006674955866046 0.009857388428747883 0.00955634915663187 0.004096779359035058 0.0024213378579180387 0.0016553888093147557 0.0 0.00903313165568526 0.003373269503217804 0.003912665547258734 0.007615389801023168 0.012416200939426948 0.005423264378857949 0.0022791284829118096 0.006959578071418086 0.007660072774913634 0.0032825284357778355 0.003638435316530758 0.002602725500025543 0.0017682425461190707 0.0019363704133432422 0.0016881701388749386 0.0026784752725239743 0.005630632990329046 0.009886954075674593
13.0 0.011795794776057057 0.010740376498053872 0.008561150677201347 0.012693945221375395 0.018046599947317873 0.009110368557734547 0.016157897119182082 0.016916417036351716 0.011226091779098602 0.009518382382479366 0.008378958294099612 0.00903313165568526 0.0 0.010552069900449717 0.009952902888725978 0.012039140920150543 0.013400551464626414 0.011795385540621022 0.010149529489461937 0.013173710109319765 0.013734415673304023 0.009790870984340514 0.010983953650181635 0.008249343652427382 0.008425027031625959 0.00892557433390019 0.009270671397149797 0.008808067783127229 0.01134631169161165 0.015953893736428033
14.0 0.006132994759887328 0.005145598045808697 0.004281503293059831 0.008069119309550675 0.015315536385456992 0.003416034259959176 0.011538268044269823 0.011527455343116085 0.005684087770306654 0.003776165800509353 0.0030711047839725916 0.003373269503217804 0.010552069900449717 0.0 0.0054483087522139255 0.009159592637774237 0.013950951084376193 0.007108600443050872 0.004600393397442005 0.008623631635028108 0.009288453533508927 0.004809866169636681 0.0051772658372621705 0.004152947435758228 0.0032601399286201708 0.003492130275594775 0.0034012952567952486 0.004101635170514615 0.007189844197431494 0.011519292462949788
15.0 0.006741447009347371 0.005808923953906055 0.0032142271397901986 0.00737792107918551 0.015295185943935766 0.004001496661975711 0.010870475776310288 0.012050185293632668 0.006333268704461666 0.004350746942321584 0.003196386369338864 0.003912665547258734 0.009952902888725978 0.0054483087522139255 0.0 0.00818812424794705 0.013537169845229537 0.006461637390865412 0.005122515586730354 0.007899718437078927 0.008437848541376934 0.004131310453968053 0.005990164004498435 0.0030392718577057177 0.003027836931636902 0.003675938229247908 0.004135579881235536 0.004262184155621666 0.006093494458238527 0.010686313355309498
16.0 0.010425742836461534 0.009457067659968049 0.006572225492986757 0.01079323909385043 0.018375983902818187 0.00770226760097633 0.014220274233398097 0.01567774945242393 0.009968978840702535 0.008089542170144591 0.006947613293083386 0.007615389801023168 0.012039140920150543 0.009159592637774237 0.00818812424794705 0.0 0.015894230931441 0.009947123018355503 0.008795429179895207 0.011179232264810003 0.011720629513001762 0.008194405508281526 0.009659415552768568 0.006172763697791785 0.006916238906212209 0.0074509513576245376 0.007852369398452828 0.007777131334508305 0.009258427684520754 0.013891006596911943
17.0 0.015143895291053162 0.014034894223182166 0.012188523699072865 0.016261115063735686 0.018749256214087653 0.012488204276987044 0.01972459907113119 0.02013164785381664 0.014514251780620418 0.012941901103601033 0.011825030135558651 0.012416200939426948 0.013400551464626414 0.013950951084376193 0.013537169845229537 0.015894230931441 0.0 0.015352468448957452 0.013465858390464224 0.016752102180696643 0.017332212379033103 0.013297561930352758 0.014317658785092956 0.011910087373567687 0.011900298552962593 0.012371597236014026 0.012670509545017111 0.012045020531378174 0.014995862280958111 0.019553076854203606
18.0 0.008293096174225825 0.007429593735972049 0.0046639912365017775 0.0056256895388008404 0.017040326717985752 0.005530836795970814 0.010022675509998559 0.013644375202027739 0.007978294080511192 0.006031544196731398 0.004989910648246616 0.005423264378857949 0.011795385540621022 0.007108600443050872 0.006461637390865412 0.009947123018355503 0.015352468448957452 0.0 0.006647473553891488 0.007286132410422105 0.008353473509789787 0.006191645426395926 0.007612045333568134 0.004856369802357719 0.004931134211867553 0.00535423924230857 0.005725957624580551 0.0060379950846499416 0.0077647187238763845 0.010585548007973239
19.0 0.0048898217448289415 0.004202008901355909 0.003914162248455003 0.007617161213243031 0.014496439275022865 0.0023423317440266125 0.011078419283617746 0.009800560851564225 0.004902521290803073 0.0036806696466368327 0.002880372762293487 0.0022791284829118096 0.010149529489461937 0.004600393397442005 0.005122515586730354 0.008795429179895207 0.013465858390464224 0.006647473553891488 0.0 0.008177756417365933 0.008873850852867415 0.004511070524650189 0.004604679038067065 0.003801251466633844 0.003000629783335108 0.003197163699628515 0.0030103085437303695 0.003722262983172692 0.0068317469454653775 0.011100485207248224
20.0 0.00982104816786951 0.008943106938766794 0.006009860601016282 0.007178039878809288 0.01849022311875468 0.007064106731566428 0.007891277970428925 0.015159726227876284 0.00948662344499873 0.007547042508842137 0.006488510401677255 0.006959578071418086 0.013173710109319765 0.008623631635028108 0.007899718437078927 0.011179232264810003 0.016752102180696643 0.007286132410422105 0.008177756417365933 0.0 0.00858430834041908 0.007694810605430353 0.009127825995199533 0.0061965764611761264 0.006432818675455559 0.0068762628388405874 0.0072524101374069234 0.007511831605619934 0.009063725011358202 0.00978905170255468
21.0 0.010510756784047691 0.009613796199909434 0.006349081281646338 0.00832334617222883 0.019109940081045985 0.007760042234535216 0.01193168736090891 0.01583630183512829 0.010150474461155433 0.008208953525558213 0.007125632976284272 0.007660072774913634 0.013734415673304023 0.009288453533508927 0.008437848541376934 0.011720629513001762 0.017332212379033103 0.008353473509789787 0.008873850852867415 0.00858430834041908 0.0 0.008302929560602336 0.009799385732152631 0.006674404913165882 0.0070611290480900295 0.007539177551227696 0.007934238556976454 0.008134659969215665 0.00950421669139617 0.009831964379090017
22.0 0.006123118669231738 0.005216744588787426 0.00321851702866331 0.007141202775661763 0.014900866884176111 0.0033718604804389134 0.010630986133736175 0.011466513681901698 0.005752041427481822 0.003684973496321539 0.0025351601346165816 0.0032825284357778355 0.009790870984340514 0.004809866169636681 0.004131310453968053 0.008194405508281526 0.013297561930352758 0.006191645426395926 0.004511070524650189 0.007694810605430353 0.008302929560602336 0.0 0.005383325877171617 0.0031125428359698717 0.002139339513593191 0.002955206421787951 0.003490943198112384 0.003785345622311461 0.0061412315133766784 0.010546498058378246
23.0 0.005853884360152086 0.0038224880767357755 0.0048017164659376445 0.00857358271444092 0.015486124877513687 0.0036014259978893277 0.012040026887313354 0.011144709057356688 0.004632656053659755 0.004499208186265687 0.003694568335525782 0.003638435316530758 0.010983953650181635 0.0051772658372621705 0.005990164004498435 0.009659415552768568 0.014317658785092956 0.007612045333568134 0.004604679038067065 0.009127825995199533 0.009799385732152631 0.005383325877171617 0.0 0.004671965607098721 0.0038557918398184517 0.0040942629101602705 0.003892661380907157 0.004372878948128865 0.007709104639984995 0.012028670837295094
24.0 0.005426222729670101 0.004481043736420416 0.0013244187385801397 0.00572922223149526 0.013814094989373214 0.0026922096387688 0.00920889041211988 0.01071419879961948 0.005000145371461962 0.0030721829762772037 0.0019303203032054305 0.002602725500025543 0.008249343652427382 0.004152947435758228 0.0030392718577057177 0.006172763697791785 0.011910087373567687 0.004856369802357719 0.003801251466633844 0.0061965764611761264 0.006674404913165882 0.0031125428359698717 0.004671965607098721 0.0 0.0018707944801927097 0.0024185583049694146 0.0028386377493971942 0.0028708890435805217 0.003972127190305831 0.008912607497469577
25.0 0.004605020909279934 0.0036958270557787033 0.0020008404835050956 0.005882494837482079 0.013445340766725933 0.0018538027980369819 0.00936258012394273 0.009954627080115465 0.004230838400157181 0.0021183719658241663 0.0009345487479008718 0.0017682425461190707 0.008425027031625959 0.0032601399286201708 0.003027836931636902 0.006916238906212209 0.011900298552962593 0.004931134211867553 0.003000629783335108 0.006432818675455559 0.0070611290480900295 0.002139339513593191 0.0038557918398184517 0.0018707944801927097 0.0 0.0013973324279906033 0.001954940229182963 0.0022842821009903917 0.004908672915031723 0.0092985640574212
26.0 0.004802074799700322 0.003946199630259638 0.002533764557671338 0.006317301479125652 0.013839579663746923 0.0020293151132506036 0.009790292260719605 0.010199317738785307 0.004502801779134224 0.0023318455980308505 0.0013836385874609093 0.0019363704133432422 0.00892557433390019 0.003492130275594775 0.003675938229247908 0.0074509513576245376 0.012371597236014026 0.00535423924230857 0.003197163699628515 0.0068762628388405874 0.007539177551227696 0.002955206421787951 0.0040942629101602705 0.0024185583049694146 0.0013973324279906033 0.0 0.002129913401307355 0.002689541746586849 0.0054505546534833246 0.009772071689781106
27.0 0.004535170832273703 0.0037992839383720004 0.0029543520017130624 0.006692671464592289 0.014007356410867217 0.0017051160104714792 0.010158797082302475 0.010080047996838658 0.004415417290280731 0.0025087467248311136 0.0018152087664731042 0.0016881701388749386 0.009270671397149797 0.0034012952567952486 0.004135579881235536 0.007852369398452828 0.012670509545017111 0.005725957624580551 0.0030103085437303695 0.0072524101374069234 0.007934238556976454 0.003490943198112384 0.003892661380907157 0.0028386377493971942 0.001954940229182963 0.002129913401307355 0.0 0.0029033472807333685 0.005870525476353939 0.0101634600406678
28.0 0.0053418446396075086 0.004052789900753156 0.003056300493266867 0.00697832470446551 0.013281963010995174 0.002735334789765456 0.01044978905071453 0.010305272374548702 0.004421320978898473 0.0031796068823973086 0.002092841625243336 0.0026784752725239743 0.008808067783127229 0.004101635170514615 0.004262184155621666 0.007777131334508305 0.012045020531378174 0.0060379950846499416 0.003722262983172692 0.007511831605619934 0.008134659969215665 0.003785345622311461 0.004372878948128865 0.0028708890435805217 0.0022842821009903917 0.002689541746586849 0.0029033472807333685 0.0 0.005929202058317406 0.010366066376604284
29.0 0.008457839249070115 0.007519381779200951 0.004096421718841807 0.00861743720179142 0.016879240755595874 0.005721394942447472 0.01209299006052956 0.013751608776841838 0.008040986833751667 0.006108293381251148 0.0049736356755881814 0.005630632990329046 0.01134631169161165 0.007189844197431494 0.006093494458238527 0.009258427684520754 0.014995862280958111 0.0077647187238763845 0.0068317469454653775 0.009063725011358202 0.00950421669139617 0.0061412315133766784 0.007709104639984995 0.003972127190305831 0.004908672915031723 0.0054505546534833246 0.005870525476353939 0.005929202058317406 0.0 0.01174023604323962
30.0 0.012738387215238485 0.011842748116876254 0.008660298413758814 0.010517773132199528 0.021335371872568815 0.009987360011258583 0.013463204416642787 0.01806421479413839 0.012379903551045015 0.010440667638496054 0.009359812174565519 0.009886954075674593 0.015953893736428033 0.011519292462949788 0.010686313355309498 0.013891006596911943 0.019553076854203606 0.010585548007973239 0.011100485207248224 0.00978905170255468 0.009831964379090017 0.010546498058378246 0.012028670837295094 0.008912607497469577 0.0092985640574212 0.009772071689781106 0.0101634600406678 0.010366066376604284 0.01174023604323962 0.0
