0.0 1.0 2.0 3.0 4.0 5.0 6.0 7.0 8.0 9.0 10.0 11.0 12.0 13.0 14.0 15.0 16.0 17.0 18.0 19.0 20.0 21.0 22.0 23.0
1.0 0.0 0.0007921856034878833 0.0008525678236200366 0.0005440606529708291 0.0008268997921258914 0.00038778431460889586 0.0004594149921281305 0.0006708158608649783 0.0008866491541972333 0.0007385880278459583 0.0005556517402060987 0.0005214570402548236 0.00038778431460889586 0.0006663052990076832 0.0009087612113835125 0.0008868350040763248 0.000714703412530385 0.0005021195966064634 0.0005100347563409589 0.0005068218644301627 0.0005705355090574444 0.0005486280831770805 0.001342649284047456
2.0 0.0007921856034878833 0.0 0.0005820399256612147 0.0007130630311845016 0.0005198668168735147 0.0007661721268745284 0.0007761670737594034 0.0009229861275852302 0.0007771283573333927 0.0005732550813971372 0.0006976769294448332 0.0008755159110651855 0.0007661721268745284 0.0005983443857350148 0.0006924775509944517 0.0006771757569797458 0.0006172772065866578 0.0007067488070086157 0.0006933540839688211 0.0007710861873206739 0.0006621351484821341 0.0006841287207644787 0.0015584302953217286
3.0 0.0008525678236200366 0.0005820399256612147 0.0 0.0007769701594381387 0.00042504866818418325 0.0008274106465694313 0.0008365075522934057 0.0009809138694151058 0.0008114475116226781 0.0006719406691875361 0.0007634620995178757 0.000934811208752881 0.0008274106465694313 0.0006782415565219751 0.0006094459618738054 0.0006874192903255255 0.0006775234886772607 0.0007725336481876813 0.0007606035091887797 0.0008312024017326692 0.0007326629236593542 0.0007522186326863838 0.0015962435872641757
4.0 0.0005440606529708291 0.0007130630311845016 0.0007769701594381387 0.0 0.0007490511386069462 0.0004690398449963333 0.0004678240210009923 0.0006449022712184505 0.0007784257881503997 0.0006383582231829889 0.0002891765549416027 0.0005977296478120116 0.0004690398449963333 0.0006118622228174368 0.0008417991084287917 0.0007947955714190657 0.0006715100529365151 0.00039404211490864287 0.0004591666660755286 0.0004496670359293917 0.0005284005597905403 0.000389910184563032 0.0014473163502444774
5.0 0.0008268997921258914 0.0005198668168735147 0.00042504866818418325 0.0007490511386069462 0.0 0.0008009423876575917 0.0008098542289250946 0.000954269146180975 0.0007847852993817569 0.0006327895331684598 0.0007351680313818428 0.0009085527470470885 0.0008009423876575917 0.0006504277136016818 0.0006395703286904969 0.0006558279090857253 0.0006558139668008413 0.0007449784355343904 0.000733202720023652 0.0008042987222155786 0.0007053405313734788 0.0007238586526776545 0.0015790882698864244
6.0 0.00038778431460889586 0.0007661721268745284 0.0008274106465694313 0.0004690398449963333 0.0008009423876575917 0.0 0.0003251403020131582 0.0005997535801907193 0.0008463479177951618 0.0007050926178558941 0.0004925584842908791 0.00047917907256574035 0.0 0.0006503133251820479 0.0008871030161555982 0.0008545255494308458 0.0007031895010988294 0.0004493100043588865 0.0004831710017208763 0.0004003828144229332 0.0005562523308491966 0.0004996740720988688 0.001394989565938905
7.0 0.0004594149921281305 0.0007761670737594034 0.0008365075522934057 0.0004678240210009923 0.0008098542289250946 0.0003251403020131582 0.0 0.000525977320169151 0.0008433180235007276 0.0007115571134997439 0.0005000548600061293 0.0004257005752251597 0.00032514021928361353 0.0006699855563265851 0.0008979559588481717 0.0008585005294457153 0.0007227177549825161 0.00048449763267231327 0.0005207900938475049 0.0002914482897567694 0.0005854523237320694 0.0005196437681908683 0.0014312050048801569
8.0 0.0006708158608649783 0.0009229861275852302 0.0009809138694151058 0.0006449022712184505 0.000954269146180975 0.0005997535801907193 0.000525977320169151 0.0 0.0009684962703214702 0.0008553417342830824 0.0006721140903498457 0.0005144692502550742 0.0005997536716488475 0.000831129058730476 0.0010445493791125735 0.0009952845854906038 0.0008824364881190607 0.0006774711066449391 0.0007078057785867741 0.000515285993088646 0.0007600280715337227 0.0006958117606124256 0.0016106364326111944
9.0 0.0008866491541972333 0.0007771283573333927 0.0008114475116226781 0.0007784257881503997 0.0007847852993817569 0.0008463479177951618 0.0008433180235007276 0.0009684962703214702 0.0 0.000712279147306806 0.0007698212667655715 0.0009440900980432063 0.0008463480617132423 0.0007902110749022419 0.0008933339413411408 0.0007468292637208932 0.0008260941344745633 0.0007974174907928124 0.0008000577086047233 0.0008294251171690085 0.0007970170769745038 0.0007738622548087099 0.0016875011757802483
10.0 0.0007385880278459583 0.0005732550813971372 0.0006719406691875361 0.0006383582231829889 0.0006327895331684598 0.0007050926178558941 0.0007115571134997439 0.0008553417342830824 0.000712279147306806 0.0 0.0006210158077596988 0.0008136813726525226 0.0007050929171150869 0.000587228274036297 0.0007588130077721557 0.0006734774237458192 0.0006393119260395485 0.0006408450701416425 0.000633545452161893 0.0007033223787670035 0.0006144200504096139 0.0006113838642949573 0.0015376480018542305
11.0 0.0005556517402060987 0.0006976769294448332 0.0007634620995178757 0.0002891765549416027 0.0007351680313818428 0.0004925584842908791 0.0005000548600061293 0.0006721140903498457 0.0007698212667655715 0.0006210158077596988 0.0 0.0006220706064169256 0.0004925586234536788 0.0005933292852811012 0.0008286189395840382 0.0007825765048228311 0.0006558720168028088 0.0003797898642018861 0.00043993895983583393 0.0004881176551133373 0.000507353310257749 0.00031909950609960026 0.0014455907840709677
12.0 0.0005214570402548236 0.0008755159110651855 0.000934811208752881 0.0005977296478120116 0.0009085527470470885 0.00047917907256574035 0.0004257005752251597 0.0005144692502550742 0.0009440900980432063 0.0008136813726525226 0.0006220706064169256 0.0 0.0004791790249178684 0.0007683418125432384 0.0009951053467379851 0.0009583233403657724 0.0008185576268709398 0.0006039425450134317 0.0006294290953288564 0.0004689942039539074 0.0006864833581208483 0.0006354552104633438 0.0014973642296594472
13.0 0.00038778431460889586 0.0007661721268745284 0.0008274106465694313 0.0004690398449963333 0.0008009423876575917 0.0 0.00032514021928361353 0.0005997536716488475 0.0008463480617132423 0.0007050929171150869 0.0004925586234536788 0.0004791790249178684 0.0 0.0006503133251820479 0.0008871030161555982 0.0008545255494308458 0.0007031895010988294 0.0004493100043588865 0.0004831710017208763 0.0004003828144229332 0.0005562523308491966 0.0004996740720988688 0.001394989565938905
14.0 0.0006663052990076832 0.0005983443857350148 0.0006782415565219751 0.0006118622228174368 0.0006504277136016818 0.0006503133251820479 0.0006699855563265851 0.000831129058730476 0.0007902110749022419 0.000587228274036297 0.0005933292852811012 0.0007683418125432384 0.0006503133251820479 0.0 0.0007323343195811514 0.0007464003658472694 0.0004472902973244072 0.0005825476352973406 0.0005517482610367534 0.000671350328254978 0.0004806616111490942 0.0005646468653188615 0.001447678096484701
15.0 0.0009087612113835125 0.0006924775509944517 0.0006094459618738054 0.0008417991084287917 0.0006395703286904969 0.0008871030161555982 0.0008979559588481717 0.0010445493791125735 0.0008933339413411408 0.0007588130077721557 0.0008286189395840382 0.0009951053467379851 0.0008871030161555982 0.0007323343195811514 0.0 0.0007949940742771779 0.000713706402066057 0.0008340940628399201 0.0008203049484616028 0.0008941569457770741 0.0007896797210928849 0.0008159619700736467 0.001626799323359739
16.0 0.0008868350040763248 0.0006771757569797458 0.0006874192903255255 0.0007947955714190657 0.0006558279090857253 0.0008545255494308458 0.0008585005294457153 0.0009952845854906038 0.0007468292637208932 0.0006734774237458192 0.0007825765048228311 0.0009583233403657724 0.0008545255494308458 0.0007464003658472694 0.0007949940742771779 0.0 0.0007698267162572401 0.0008005394609529854 0.0007950208055896877 0.0008494182329725342 0.0007782093216807852 0.000777526688532242 0.0016589870696367595
17.0 0.000714703412530385 0.0006172772065866578 0.0006775234886772607 0.0006715100529365151 0.0006558139668008413 0.0007031895010988294 0.0007227177549825161 0.0008824364881190607 0.0008260941344745633 0.0006393119260395485 0.0006558720168028088 0.0008185576268709398 0.0007031895010988294 0.0004472902973244072 0.000713706402066057 0.0007698267162572401 0.0 0.0006454569461284008 0.0006185321200649088 0.000724832370685247 0.0005612955637032405 0.0006319820936323299 0.0014653338380359452
18.0 0.0005021195966064634 0.0007067488070086157 0.0007725336481876813 0.00039404211490864287 0.0007449784355343904 0.0004493100043588865 0.00048449763267231327 0.0006774711066449391 0.0007974174907928124 0.0006408450701416425 0.0003797898642018861 0.0006039425450134317 0.0004493100043588865 0.0005825476352973406 0.0008340940628399201 0.0008005394609529854 0.0006454569461284008 0.0 0.0003220124224110907 0.0004899220683273936 0.00046436458132162255 0.00032233315596739477 0.0014107604599433428
19.0 0.0005100347563409589 0.0006933540839688211 0.0007606035091887797 0.0004591666660755286 0.000733202720023652 0.0004831710017208763 0.0005207900938475049 0.0007078057785867741 0.0008000577086047233 0.000633545452161893 0.00043993895983583393 0.0006294290953288564 0.0004831710017208763 0.0005517482610367534 0.0008203049484616028 0.0007950208055896877 0.0006185321200649088 0.0003220124224110907 0.0 0.0005298818848663691 0.00039358857604843004 0.00037642262931302157 0.0013960624735665473
20.0 0.0005068218644301627 0.0007710861873206739 0.0008312024017326692 0.0004496670359293917 0.0008042987222155786 0.0004003828144229332 0.0002914482897567694 0.000515285993088646 0.0008294251171690085 0.0007033223787670035 0.0004881176551133373 0.0004689942039539074 0.0004003828144229332 0.000671350328254978 0.0008941569457770741 0.0008494182329725342 0.000724832370685247 0.0004899220683273936 0.0005298818848663691 0.0 0.0005918132471434957 0.0005166087849153979 0.0014544616992408102
21.0 0.0005705355090574444 0.0006621351484821341 0.0007326629236593542 0.0005284005597905403 0.0007053405313734788 0.0005562523308491966 0.0005854523237320694 0.0007600280715337227 0.0007970170769745038 0.0006144200504096139 0.000507353310257749 0.0006864833581208483 0.0005562523308491966 0.0004806616111490942 0.0007896797210928849 0.0007782093216807852 0.0005612955637032405 0.00046436458132162255 0.00039358857604843004 0.0005918132471434957 0.0 0.0004581602518474654 0.001402318388568847
22.0 0.0005486280831770805 0.0006841287207644787 0.0007522186326863838 0.000389910184563032 0.0007238586526776545 0.0004996740720988688 0.0005196437681908683 0.0006958117606124256 0.0007738622548087099 0.0006113838642949573 0.00031909950609960026 0.0006354552104633438 0.0004996740720988688 0.0005646468653188615 0.0008159619700736467 0.000777526688532242 0.0006319820936323299 0.00032233315596739477 0.00037642262931302157 0.0005166087849153979 0.0004581602518474654 0.0 0.0014297449448528157
23.0 0.001342649284047456 0.0015584302953217286 0.0015962435872641757 0.0014473163502444774 0.0015790882698864244 0.001394989565938905 0.0014312050048801569 0.0016106364326111944 0.0016875011757802483 0.0015376480018542305 0.0014455907840709677 0.0014973642296594472 0.001394989565938905 0.001447678096484701 0.001626799323359739 0.0016589870696367595 0.0014653338380359452 0.0014107604599433428 0.0013960624735665473 0.0014544616992408102 0.001402318388568847 0.0014297449448528157 0.0
