0.0 1.0 2.0 3.0 4.0 5.0 6.0 7.0 8.0 9.0 10.0 11.0 12.0 13.0 14.0 15.0 16.0 17.0 18.0 19.0 20.0 21.0 22.0 23.0
1.0 0.0 0.0007879752708604968 0.0008528640513281181 0.0005562805971802557 0.0008350903406690962 0.00039305905094696146 0.0004693100845154378 0.0008360421730658817 0.0008619476523860038 0.0007485807744937885 0.0005703918714417911 0.000563793127987838 0.00039305905094696146 0.0006723351905378679 0.0008812801681355691 0.0008617567405827711 0.0007125419879561573 0.0005084974104119355 0.0005159731393741565 0.000518236808225026 0.0005755957175620504 0.0005571671451228258 0.0013621611714385016
2.0 0.0007879752708604968 0.0 0.0005706878587710956 0.0007151132886527233 0.0005151068263465905 0.0007683990308930427 0.0007817503024806394 0.0010774802646168335 0.0007303750838927505 0.0005648878032682974 0.0007016260210384591 0.0009229970472524166 0.0007683990308930427 0.0005898974506653345 0.0006525785671573219 0.0006357776415633536 0.0006008424838153147 0.0007018736030124542 0.0006872306519684776 0.0007734090141432515 0.0006547606989110911 0.0006812997030813126 0.0015356166985734418
3.0 0.0008528640513281181 0.0005706878587710956 0.0 0.0007838660354090637 0.0004294662382262127 0.0008343094400216974 0.0008468310998853352 0.0011401530765967028 0.0007685613611876779 0.0006698454285872229 0.0007723421532045453 0.0009870707304296903 0.0008343094400216974 0.0006752841339047872 0.0005742825066502143 0.0006522919712396342 0.0006663656585830563 0.0007725905722691891 0.000759438968935957 0.0008382695702282626 0.0007302919842638742 0.0007544207640245249 0.0015725032702495123
4.0 0.0005562805971802557 0.0007151132886527233 0.0007838660354090637 0.0 0.0007636073910931927 0.00048529722567732414 0.0004856745409491052 0.0008104761085480072 0.0007590178524466129 0.0006538451471214267 0.00030230750089876553 0.0006587354367757326 0.00048529722567732414 0.0006244608365678494 0.0008211114494899126 0.00077538822020986 0.0006761337620899272 0.0004027712334996347 0.0004692788199222355 0.0004631907744173981 0.0005389765749522338 0.00040142735613154547 0.0014621079931654841
5.0 0.0008350903406690962 0.0005151068263465905 0.0004294662382262127 0.0007636073910931927 0.0 0.0008156428267932012 0.0008279324160264147 0.0011211897939589893 0.0007493835507790614 0.0006377057737162019 0.0007516902194654087 0.0009686379060437237 0.0008156428267932012 0.0006551167359990335 0.0006122703369631162 0.0006274520670041938 0.0006524280512082712 0.0007527317978030272 0.0007397505854580267 0.0008190680971319401 0.0007106886949389022 0.0007337100576244302 0.0015652097434286972
6.0 0.00039305905094696146 0.0007683990308930427 0.0008343094400216974 0.00048529722567732414 0.0008156428267932012 0.0 0.00033727314387537783 0.0007670515039271922 0.0008280830582817226 0.0007212748802930212 0.000511891991400226 0.0005285538336179558 0.0 0.0006626978333132158 0.0008662706644084404 0.0008358062254225746 0.0007074584954309879 0.00046070282649812526 0.000494531660445146 0.00041485954045587434 0.0005671532537870838 0.0005134748929397591 0.0014153420123285691
7.0 0.0004693100845154378 0.0007817503024806394 0.0008468310998853352 0.0004856745409491052 0.0008279324160264147 0.00033727314387537783 0.0 0.0006920782511445817 0.0008285290884971622 0.0007309343473911199 0.0005216258024020016 0.00047879918814973984 0.0003372731772242802 0.0006857860667644792 0.0008805821136046275 0.0008430967024351988 0.000730440079268498 0.0004985441743585596 0.000535144103123769 0.00030444008185325075 0.0005996550847344888 0.0005363120506203791 0.0014537903641607458
8.0 0.0008360421730658817 0.0010774802646168335 0.0011401530765967028 0.0008104761085480072 0.0011211897939589893 0.0007670515039271922 0.0006920782511445817 0.0 0.001101912872166681 0.0010231997987708847 0.0008419831040081993 0.0007273016938056212 0.0007670517043576562 0.0009966239980621118 0.0011762806581022017 0.0011282929232030805 0.0010399079328119042 0.0008412245840748542 0.0008723176159378742 0.0006740573659891624 0.0009244057065738834 0.0008617221856554267 0.0017829264635438632
9.0 0.0008619476523860038 0.0007303750838927505 0.0007685613611876779 0.0007590178524466129 0.0007493835507790614 0.0008280830582817226 0.0008285290884971622 0.001101912872166681 0.0 0.0006790764176775 0.0007523182526508094 0.0009731751719064776 0.0008280829360518795 0.0007580570706837227 0.0008231898969242392 0.0006759235076510485 0.000784757807723663 0.0007712763104303344 0.0007724011990336792 0.0008105978372696921 0.0007671368351775902 0.0007496690380729817 0.0016446321787677008
10.0 0.0007485807744937885 0.0005648878032682974 0.0006698454285872229 0.0006538451471214267 0.0006377057737162019 0.0007212748802930212 0.0007309343473911199 0.0010231997987708847 0.0006790764176775 0.0 0.0006383585975960082 0.0008755458792364352 0.0007212748853588218 0.0005921345502845599 0.0007291262703659156 0.0006431609204082852 0.0006359242977798873 0.0006494831903071376 0.0006409234383857209 0.0007191162348504424 0.0006204085182888913 0.0006219816948376756 0.0015333221546721897
11.0 0.0005703918714417911 0.0007016260210384591 0.0007723421532045453 0.00030230750089876553 0.0007516902194654087 0.000511891991400226 0.0005216258024020016 0.0008419831040081993 0.0007523182526508094 0.0006383585975960082 0.0 0.0006862286172109278 0.0005118920453662754 0.0006076138987435402 0.000809908847938817 0.0007651485624365565 0.000662281163332901 0.00038979337576541026 0.0004511742087368486 0.0005058612147112024 0.0005192241271789337 0.0003304768674270574 0.0014613567825063592
12.0 0.000563793127987838 0.0009229970472524166 0.0009870707304296903 0.0006587354367757326 0.0009686379060437237 0.0005285538336179558 0.00047879918814973984 0.0007273016938056212 0.0009731751719064776 0.0008755458792364352 0.0006862286172109278 0.0 0.0005285538396335396 0.0008248106362621444 0.0010193757515919522 0.0009857283557593354 0.0008668329840921401 0.0006583102644172317 0.0006834662120949973 0.0005268183028457113 0.0007406548545089274 0.0006934907984785682 0.001559797742536194
13.0 0.00039305905094696146 0.0007683990308930427 0.0008343094400216974 0.00048529722567732414 0.0008156428267932012 0.0 0.0003372731772242802 0.0007670517043576562 0.0008280829360518795 0.0007212748853588218 0.0005118920453662754 0.0005285538396335396 0.0 0.0006626978333132158 0.0008662706644084404 0.0008358062254225746 0.0007074584954309879 0.00046070282649812526 0.000494531660445146 0.00041485954045587434 0.0005671532537870838 0.0005134748929397591 0.0014153420123285691
14.0 0.0006723351905378679 0.0005898974506653345 0.0006752841339047872 0.0006244608365678494 0.0006551167359990335 0.0006626978333132158 0.0006857860667644792 0.0009966239980621118 0.0007580570706837227 0.0005921345502845599 0.0006076138987435402 0.0008248106362621444 0.0006626978333132158 0.0 0.000702304317126651 0.0007166158400297401 0.0004412023438753658 0.0005877473448114023 0.0005556056681587468 0.0006844828777770985 0.0004832895153095161 0.0005717530815350449 0.0014432300098506721
15.0 0.0008812801681355691 0.0006525785671573219 0.0005742825066502143 0.0008211114494899126 0.0006122703369631162 0.0008662706644084404 0.0008805821136046275 0.0011762806581022017 0.0008231898969242392 0.0007291262703659156 0.000809908847938817 0.0010193757515919522 0.0008662706644084404 0.000702304317126651 0.0 0.0007312680943144954 0.0006764414968479238 0.0008065843662915255 0.0007916242306878007 0.000873662679242639 0.0007599415223538067 0.0007905766821255107 0.001572105136579829
16.0 0.0008617567405827711 0.0006357776415633536 0.0006522919712396342 0.00077538822020986 0.0006274520670041938 0.0008358062254225746 0.0008430967024351988 0.0011282929232030805 0.0006759235076510485 0.0006431609204082852 0.0007651485624365565 0.0009857283557593354 0.0008358062254225746 0.0007166158400297401 0.0007312680943144954 0.0 0.0007316122853886086 0.0007745164162564129 0.0007677631260684877 0.0008303306529954043 0.0007494905622278913 0.000753529830574253 0.00161398892228702
17.0 0.0007125419879561573 0.0006008424838153147 0.0006663656585830563 0.0006761337620899272 0.0006524280512082712 0.0007074584954309879 0.000730440079268498 0.0010399079328119042 0.000784757807723663 0.0006359242977798873 0.000662281163332901 0.0008668329840921401 0.0007074584954309879 0.0004412023438753658 0.0006764414968479238 0.0007316122853886086 0.0 0.0006429511103470589 0.0006147850008933184 0.0007299191285287435 0.0005564384411557726 0.0006314020255394003 0.0014492222574092263
18.0 0.0005084974104119355 0.0007018736030124542 0.0007725905722691891 0.0004027712334996347 0.0007527317978030272 0.00046070282649812526 0.0004985441743585596 0.0008412245840748542 0.0007712763104303344 0.0006494831903071376 0.00038979337576541026 0.0006583102644172317 0.00046070282649812526 0.0005877473448114023 0.0008065843662915255 0.0007745164162564129 0.0006429511103470589 0.0 0.0003235804416763437 0.0005014322354771319 0.0004669329303245486 0.0003251116296367312 0.0014209362658036632
19.0 0.0005159731393741565 0.0006872306519684776 0.000759438968935957 0.0004692788199222355 0.0007397505854580267 0.000494531660445146 0.000535144103123769 0.0008723176159378742 0.0007724011990336792 0.0006409234383857209 0.0004511742087368486 0.0006834662120949973 0.000494531660445146 0.0005556056681587468 0.0007916242306878007 0.0007677631260684877 0.0006147850008933184 0.0003235804416763437 0.0 0.0005419994268645329 0.0003946542178672565 0.00037981984997427563 0.0014049121424764268
20.0 0.000518236808225026 0.0007734090141432515 0.0008382695702282626 0.0004631907744173981 0.0008190680971319401 0.00041485954045587434 0.00030444008185325075 0.0006740573659891624 0.0008105978372696921 0.0007191162348504424 0.0005058612147112024 0.0005268183028457113 0.00041485954045587434 0.0006844828777770985 0.000873662679242639 0.0008303306529954043 0.0007299191285287435 0.0005014322354771319 0.0005419994268645329 0.0 0.00060368211181681 0.0005302820838363003 0.0014737681889613443
21.0 0.0005755957175620504 0.0006547606989110911 0.0007302919842638742 0.0005389765749522338 0.0007106886949389022 0.0005671532537870838 0.0005996550847344888 0.0009244057065738834 0.0007671368351775902 0.0006204085182888913 0.0005192241271789337 0.0007406548545089274 0.0005671532537870838 0.0004832895153095161 0.0007599415223538067 0.0007494905622278913 0.0005564384411557726 0.0004669329303245486 0.0003946542178672565 0.00060368211181681 0.0 0.0004622368296852814 0.0014061675513619806
22.0 0.0005571671451228258 0.0006812997030813126 0.0007544207640245249 0.00040142735613154547 0.0007337100576244302 0.0005134748929397591 0.0005363120506203791 0.0008617221856554267 0.0007496690380729817 0.0006219816948376756 0.0003304768674270574 0.0006934907984785682 0.0005134748929397591 0.0005717530815350449 0.0007905766821255107 0.000753529830574253 0.0006314020255394003 0.0003251116296367312 0.00037981984997427563 0.0005302820838363003 0.0004622368296852814 0.0 0.0014388243016592648
23.0 0.0013621611714385016 0.0015356166985734418 0.0015725032702495123 0.0014621079931654841 0.0015652097434286972 0.0014153420123285691 0.0014537903641607458 0.0017829264635438632 0.0016446321787677008 0.0015333221546721897 0.0014613567825063592 0.001559797742536194 0.0014153420123285691 0.0014432300098506721 0.001572105136579829 0.00161398892228702 0.0014492222574092263 0.0014209362658036632 0.0014049121424764268 0.0014737681889613443 0.0014061675513619806 0.0014388243016592648 0.0
