0.0 1.0 2.0 3.0 4.0 5.0 6.0 7.0 8.0 9.0 10.0 11.0 12.0 13.0 14.0 15.0 16.0 17.0 18.0 19.0 20.0 21.0 22.0 23.0
1.0 0.0 0.0008322268972437094 0.0008632974156061852 0.0005450187936865653 0.0008455361543755131 0.0003845005842669595 0.00045915429565575756 0.0008001024626959057 0.0008630698114871847 0.0007898478443530177 0.0005599885155202272 0.0005666883385645905 0.0003845005842669595 0.0006835963750044683 0.0009327622948670066 0.0008679286134239737 0.0007286470176966492 0.0005041360492757031 0.000516058430030972 0.0005062488272456111 0.0005786139247582797 0.0005572581874025679 0.001285308656724559
2.0 0.0008322268972437094 0.0 0.0006212977025435221 0.0007549140356664154 0.0005618027279465116 0.0008045548723069091 0.0008169367652565479 0.0010860786656075284 0.0007809311720700935 0.0006534199691947974 0.0007430342724214086 0.0009682496775447332 0.0008045548723069091 0.0006555503010680225 0.0007506479646209165 0.0006868383901301094 0.0006728501843239445 0.0007507368079050916 0.0007410050194626247 0.0008080666821468489 0.0007127545567847666 0.0007342052671230939 0.0015076423481799528
3.0 0.0008632974156061852 0.0006212977025435221 0.0 0.0007898909356021168 0.000436525465247148 0.0008366160998599863 0.0008480407593775281 0.0011144292835232326 0.0007826326297203641 0.0007285548206792755 0.0007801202141764494 0.0009982615054677636 0.0008366160998599863 0.0007092455034584787 0.0006290628170176906 0.0006675504212100417 0.0007060298812611494 0.0007878753538364287 0.0007798941731662061 0.0008388832308739193 0.000755509762987583 0.0007739521179392974 0.0015102112460061196
4.0 0.0005450187936865653 0.0007549140356664154 0.0007898909356021168 0.0 0.0007697421119556879 0.00046714441687711097 0.00046762431019998243 0.0007667542066335535 0.0007563399461274968 0.000691093955951982 0.00029199161629117577 0.0006502496274039906 0.00046714441687711097 0.0006321378652952867 0.0008687555611923894 0.000777317014714692 0.0006897501211502419 0.0003964757408035215 0.0004662803217634298 0.0004454627279135276 0.0005387520570683151 0.00039880971445460916 0.0013776410886259046
5.0 0.0008455361543755131 0.0005618027279465116 0.000436525465247148 0.0007697421119556879 0.0 0.0008180076002983277 0.000829259373623061 0.0010956971401373306 0.0007643654824741933 0.0006958868513673278 0.0007595361622552545 0.0009799426842009927 0.0008180076002983277 0.0006884631920672712 0.0006700586374417011 0.0006433965632466042 0.0006914462482411019 0.000768019816427354 0.0007601167091492549 0.0008198404761845348 0.0007356348018955927 0.0007532187633367177 0.0015027973683915366
6.0 0.0003845005842669595 0.0008045548723069091 0.0008366160998599863 0.00046714441687711097 0.0008180076002983277 0.0 0.0003230482092921 0.000724909108890195 0.0008211996447624972 0.0007546538296211751 0.0004939971296215458 0.0005240419375842095 0.0 0.0006663362808256078 0.000909890822388482 0.0008338456019992529 0.000716405356841762 0.00044867205140037886 0.00048689317924795 0.0003975453301683315 0.0005625830087707519 0.000505750711654403 0.0013295080294505428
7.0 0.00045915429565575756 0.0008169367652565479 0.0008480407593775281 0.00046762431019998243 0.000829259373623061 0.0003230482092921 0.0 0.0006536808974858775 0.0008207875328763538 0.0007637193102152893 0.0005032517065941535 0.00047652891386385497 0.0003230481785969956 0.000688829956901051 0.0009232287195265014 0.0008400936139354126 0.0007389631123775449 0.00048601270369854363 0.0005268946712784824 0.0002917817148281105 0.0005945195608142216 0.000527891974093892 0.0013668174461000915
8.0 0.0008001024626959057 0.0010860786656075284 0.0011144292835232326 0.0007667542066335535 0.0010956971401373306 0.000724909108890195 0.0006536808974858775 0.0 0.0010672637822698753 0.001030085023863198 0.0007977969480938291 0.0006971888937424449 0.0007249090649258424 0.000973999325518036 0.001192208648857037 0.001098286150183784 0.0010229098362638258 0.0008034307305443401 0.0008387377791368544 0.0006355976819606066 0.0008938170052676102 0.000827583655147876 0.001669660659765343
9.0 0.0008630698114871847 0.0007809311720700935 0.0007826326297203641 0.0007563399461274968 0.0007643654824741933 0.0008211996447624972 0.0008207875328763538 0.0010672637822698753 0.0 0.0007342592595125965 0.000751169151407416 0.0009750604344395011 0.0008211996349640745 0.0007830660233357168 0.0008804677459573556 0.0006848827594294017 0.0008158580905512266 0.0007772477419623138 0.0007834714800829816 0.0008024904647218633 0.0007828895430291212 0.0007600264776421798 0.0015718147391113359
10.0 0.0007898478443530177 0.0006534199691947974 0.0007285548206792755 0.000691093955951982 0.0006958868513673278 0.0007546538296211751 0.0007637193102152893 0.001030085023863198 0.0007342592595125965 0.0 0.0006768501564237482 0.0009183520107937 0.0007546538262586842 0.000652514468538444 0.0008309423802723866 0.0006995512160218895 0.0007041959500876065 0.0006950805070166523 0.0006909383143868715 0.000751635549550198 0.000673761385524373 0.0006713725374983822 0.001502839342666473
11.0 0.0005599885155202272 0.0007430342724214086 0.0007801202141764494 0.00029199161629117577 0.0007595361622552545 0.0004939971296215458 0.0005032517065941535 0.0007977969480938291 0.000751169151407416 0.0006768501564237482 0.0 0.0006778284790088488 0.0004939970474256679 0.0006168741143805544 0.0008593427360262973 0.0007687590127857912 0.0006775826247508854 0.0003854737340393829 0.0004501697932722446 0.0004873709985287512 0.0005208538171304034 0.00032990387507722226 0.00137837187754091
12.0 0.0005666883385645905 0.0009682496775447332 0.0009982615054677636 0.0006502496274039906 0.0009799426842009927 0.0005240419375842095 0.00047652891386385497 0.0006971888937424449 0.0009750604344395011 0.0009183520107937 0.0006778284790088488 0.0 0.0005240419123905902 0.0008381147586048955 0.0010719448004884206 0.0009925697520866007 0.000885395807000295 0.0006563423002791949 0.0006859130445141853 0.000521745535701868 0.000746028701609445 0.000695418777100664 0.0014839262619738432
13.0 0.0003845005842669595 0.0008045548723069091 0.0008366160998599863 0.00046714441687711097 0.0008180076002983277 0.0 0.0003230481785969956 0.0007249090649258424 0.0008211996349640745 0.0007546538262586842 0.0004939970474256679 0.0005240419123905902 0.0 0.0006663362808256078 0.000909890822388482 0.0008338456019992529 0.000716405356841762 0.00044867205140037886 0.00048689317924795 0.0003975453301683315 0.0005625830087707519 0.000505750711654403 0.0013295080294505428
14.0 0.0006835963750044683 0.0006555503010680225 0.0007092455034584787 0.0006321378652952867 0.0006884631920672712 0.0006663362808256078 0.000688829956901051 0.000973999325518036 0.0007830660233357168 0.000652514468538444 0.0006168741143805544 0.0008381147586048955 0.0006663362808256078 0.0 0.0007770619778364614 0.0007466573870286363 0.00047170407155877213 0.000603751811659704 0.0005755438734593721 0.0006872170735682033 0.0005050533627242635 0.0005918339035670259 0.0013830030640954675
15.0 0.0009327622948670066 0.0007506479646209165 0.0006290628170176906 0.0008687555611923894 0.0006700586374417011 0.000909890822388482 0.0009232287195265014 0.001192208648857037 0.0008804677459573556 0.0008309423802723866 0.0008593427360262973 0.0010719448004884206 0.000909890822388482 0.0007770619778364614 0.0 0.0007914549898680396 0.0007554031133949292 0.0008632612089862307 0.0008533495734742347 0.0009158147654948468 0.0008262751141639429 0.0008516682742557435 0.0015502710741856357
16.0 0.0008679286134239737 0.0006868383901301094 0.0006675504212100417 0.000777317014714692 0.0006433965632466042 0.0008338456019992529 0.0008400936139354126 0.001098286150183784 0.0006848827594294017 0.0006995512160218895 0.0007687590127857912 0.0009925697520866007 0.0008338456019992529 0.0007466573870286363 0.0007914549898680396 0.0 0.0007679690692630365 0.0007855407801230701 0.0007839560375899328 0.0008267958915303137 0.0007704429958297931 0.0007688380948406417 0.0015467576605584553
17.0 0.0007286470176966492 0.0006728501843239445 0.0007060298812611494 0.0006897501211502419 0.0006914462482411019 0.000716405356841762 0.0007389631123775449 0.0010229098362638258 0.0008158580905512266 0.0007041959500876065 0.0006775826247508854 0.000885395807000295 0.000716405356841762 0.00047170407155877213 0.0007554031133949292 0.0007679690692630365 0.0 0.0006645644345396115 0.0006404295689413249 0.0007383005465720453 0.0005845565938174756 0.0006575828318488697 0.0013923686858428926
18.0 0.0005041360492757031 0.0007507368079050916 0.0007878753538364287 0.0003964757408035215 0.000768019816427354 0.00044867205140037886 0.00048601270369854363 0.0008034307305443401 0.0007772477419623138 0.0006950805070166523 0.0003854737340393829 0.0006563423002791949 0.00044867205140037886 0.000603751811659704 0.0008632612089862307 0.0007855407801230701 0.0006645644345396115 0.0 0.000328284534742493 0.0004887081115965402 0.0004747811538819691 0.00033067339158452476 0.0013446280025432651
19.0 0.000516058430030972 0.0007410050194626247 0.0007798941731662061 0.0004662803217634298 0.0007601167091492549 0.00048689317924795 0.0005268946712784824 0.0008387377791368544 0.0007834714800829816 0.0006909383143868715 0.0004501697932722446 0.0006859130445141853 0.00048689317924795 0.0005755438734593721 0.0008533495734742347 0.0007839560375899328 0.0006404295689413249 0.000328284534742493 0.0 0.0005334197323596764 0.00040497583740781184 0.0003888068209402545 0.0013332159943700767
20.0 0.0005062488272456111 0.0008080666821468489 0.0008388832308739193 0.0004454627279135276 0.0008198404761845348 0.0003975453301683315 0.0002917817148281105 0.0006355976819606066 0.0008024904647218633 0.000751635549550198 0.0004873709985287512 0.000521745535701868 0.0003975453301683315 0.0006872170735682033 0.0009158147654948468 0.0008267958915303137 0.0007383005465720453 0.0004887081115965402 0.0005334197323596764 0.0 0.0005982265405987802 0.0005215350414754758 0.0013857570538998573
21.0 0.0005786139247582797 0.0007127545567847666 0.000755509762987583 0.0005387520570683151 0.0007356348018955927 0.0005625830087707519 0.0005945195608142216 0.0008938170052676102 0.0007828895430291212 0.000673761385524373 0.0005208538171304034 0.000746028701609445 0.0005625830087707519 0.0005050533627242635 0.0008262751141639429 0.0007704429958297931 0.0005845565938174756 0.0004747811538819691 0.00040497583740781184 0.0005982265405987802 0.0 0.00047427126116528575 0.001337821331673223
22.0 0.0005572581874025679 0.0007342052671230939 0.0007739521179392974 0.00039880971445460916 0.0007532187633367177 0.000505750711654403 0.000527891974093892 0.000827583655147876 0.0007600264776421798 0.0006713725374983822 0.00032990387507722226 0.000695418777100664 0.000505750711654403 0.0005918339035670259 0.0008516682742557435 0.0007688380948406417 0.0006575828318488697 0.00033067339158452476 0.0003888068209402545 0.0005215350414754758 0.00047427126116528575 0.0 0.0013669632820878324
23.0 0.001285308656724559 0.0015076423481799528 0.0015102112460061196 0.0013776410886259046 0.0015027973683915366 0.0013295080294505428 0.0013668174461000915 0.001669660659765343 0.0015718147391113359 0.001502839342666473 0.00137837187754091 0.0014839262619738432 0.0013295080294505428 0.0013830030640954675 0.0015502710741856357 0.0015467576605584553 0.0013923686858428926 0.0013446280025432651 0.0013332159943700767 0.0013857570538998573 0.001337821331673223 0.0013669632820878324 0.0
