0.0 1.0 2.0 3.0 4.0 5.0 6.0 7.0 8.0 9.0 10.0 11.0 12.0 13.0 14.0 15.0 16.0 17.0 18.0 19.0 20.0 21.0 22.0 23.0
1.0 0.0 0.0008408623687975775 0.0008867042775135892 0.0005929489440818391 0.000863875101229346 0.0004267810670414866 0.0005020613266381333 0.0007162997280920939 0.0009155083591970212 0.0008146523351962123 0.0005979251671386908 0.0005536410348379381 0.0004267810670414866 0.0006988789215401809 0.00100871379451276 0.000924644247092673 0.000764863897908371 0.0005532958334688327 0.0005374761691997787 0.0005498115191146758 0.0005974693688368757 0.000584732431559389 0.0013438019586024595
2.0 0.0008408623687975775 0.0 0.0006015186317294401 0.0007627908587919174 0.0005400984416170201 0.0008188029748616746 0.0008285808952727583 0.0009752686294410679 0.0007934551409045592 0.0006360827159362333 0.0007391351945687492 0.0009228663248268431 0.0008188029748616746 0.0006241592930396022 0.0007797823311210504 0.0007001839676593418 0.0006588323766464299 0.0007635104569521632 0.0007260780219809857 0.000826314060615771 0.0006906210398775143 0.0007207322279509766 0.0015541757981537936
3.0 0.0008867042775135892 0.0006015186317294401 0.0 0.0008123524620279129 0.00043080830798582247 0.0008655112959850281 0.000874204202664753 0.0010180528402446017 0.0008115806617555633 0.0007218620101255733 0.0007906927050114798 0.0009672949534134438 0.0008655112959850281 0.0006914104581327648 0.0006782208426443584 0.0006954578426196646 0.0007066987722227572 0.0008151531624694787 0.0007793223902231508 0.0008717049914009681 0.0007474964777974284 0.0007747322153585363 0.0015753490248287907
4.0 0.0005929489440818391 0.0007627908587919174 0.0008123524620279129 0.0 0.0007871280471853636 0.0005154574177433479 0.0005136497692616768 0.0006973390267434926 0.000806325350943102 0.0007136509416230952 0.0003123687194502928 0.0006438350873574805 0.0005154574177433479 0.0006465695424345616 0.0009436985941056234 0.0008326275882996283 0.0007243165830545817 0.00044523208481295684 0.0004908774473819879 0.0004976768853015574 0.0005589644376924928 0.00041761174513493923 0.0014544524314615576
5.0 0.000863875101229346 0.0005400984416170201 0.00043080830798582247 0.0007871280471853636 0.0 0.0008418404365318906 0.0008503808178805755 0.0009943149001857268 0.0007879847827268193 0.0006847250111800653 0.0007650542969647021 0.0009439283255579615 0.0008418404365318906 0.0006658116120780564 0.0007133959964811553 0.0006661911916316786 0.0006871338827114539 0.0007902843429098063 0.0007545720681485759 0.0008476521131642503 0.0007227031579111259 0.0007489989881755356 0.0015618266805973897
6.0 0.0004267810670414866 0.0008188029748616746 0.0008655112959850281 0.0005154574177433479 0.0008418404365318906 0.0 0.0003562783464980463 0.0006437153526468974 0.0008780392260510445 0.0007845251065131424 0.0005346468522146936 0.0005142556347013755 0.0 0.0006873271807126246 0.0009913203479675402 0.0008957443761649253 0.0007579886822283848 0.0005019050462128608 0.0005149239027307312 0.0004342872970509945 0.0005880228385629345 0.0005373186308229214 0.001402160770797787
7.0 0.0005020613266381333 0.0008285808952727583 0.000874204202664753 0.0005136497692616768 0.0008503808178805755 0.0003562783464980463 0.0 0.0005572401687457247 0.0008737483165483882 0.0007906718117358493 0.0005422732109281347 0.00044953004687315896 0.00035627834918831695 0.0007074987093061838 0.0010018844294217046 0.0008989759469367456 0.0007778121229675277 0.0005393336040259368 0.0005546730943013022 0.0003097233121426247 0.0006185959820826179 0.0005580412963025045 0.0014377665121145492
8.0 0.0007162997280920939 0.0009752686294410679 0.0010180528402446017 0.0006973390267434926 0.0009943149001857268 0.0006437153526468974 0.0005572401687457247 0.0 0.000996455607468257 0.0009343290207328261 0.0007189076005301793 0.0005402185155038739 0.0006437154519471994 0.000869998699482388 0.0011481390812019205 0.0010344995734417417 0.0009384784822184694 0.000738173063610133 0.0007459953996941047 0.0005488309993167528 0.0007960639577934765 0.0007382373435979167 0.0016174304637609385
9.0 0.0009155083591970212 0.0007934551409045592 0.0008115806617555633 0.000806325350943102 0.0007879847827268193 0.0008780392260510445 0.0008737483165483882 0.000996455607468257 0.0 0.0007557204781191294 0.0007897150365968546 0.0009697010460265788 0.0008780392504639029 0.0007985289837920904 0.0009612533370743246 0.000745419719001533 0.000850693788437126 0.000834260966757282 0.0008133574495174353 0.000863056522440997 0.0008064364949901563 0.0007896760799746404 0.001663912642760453
10.0 0.0008146523351962123 0.0006360827159362333 0.0007218620101255733 0.0007136509416230952 0.0006847250111800653 0.0007845251065131424 0.0007906718117358493 0.0009343290207328261 0.0007557204781191294 0.0 0.0006878168206031868 0.0008881655526931529 0.0007845252241638466 0.0006404325991567762 0.0008762119395403351 0.0007244029845848664 0.0007096402355363857 0.0007239962526917139 0.0006929014544895042 0.0007853823899281443 0.0006696326053412856 0.000673545197904731 0.0015630932193470577
11.0 0.0005979251671386908 0.0007391351945687492 0.0007906927050114798 0.0003123687194502928 0.0007650542969647021 0.0005346468522146936 0.0005422732109281347 0.0007189076005301793 0.0007897150365968546 0.0006878168206031868 0.0 0.0006628057272944119 0.0005346469777740011 0.0006195097088607587 0.0009223827969289389 0.0008122714098572918 0.000700317558443115 0.00042227175282904574 0.0004629517795335952 0.0005327722751553709 0.000529247484417841 0.0003338566410663649 0.0014449836358075467
12.0 0.0005536410348379381 0.0009228663248268431 0.0009672949534134438 0.0006438350873574805 0.0009439283255579615 0.0005142556347013755 0.00044953004687315896 0.0005402185155038739 0.0009697010460265788 0.0008881655526931529 0.0006628057272944119 0.0 0.0005142556386746761 0.000800817013136156 0.0010936432284094468 0.000993832768226579 0.0008682786832045361 0.0006566183796944383 0.0006594397229231719 0.0004950902567452343 0.0007149111062335727 0.0006712979163858036 0.0014956559485030515
13.0 0.0004267810670414866 0.0008188029748616746 0.0008655112959850281 0.0005154574177433479 0.0008418404365318906 0.0 0.00035627834918831695 0.0006437154519471994 0.0008780392504639029 0.0007845252241638466 0.0005346469777740011 0.0005142556386746761 0.0 0.0006873271807126246 0.0009913203479675402 0.0008957443761649253 0.0007579886822283848 0.0005019050462128608 0.0005149239027307312 0.0004342872970509945 0.0005880228385629345 0.0005373186308229214 0.001402160770797787
14.0 0.0006988789215401809 0.0006241592930396022 0.0006914104581327648 0.0006465695424345616 0.0006658116120780564 0.0006873271807126246 0.0007074987093061838 0.000869998699482388 0.0007985289837920904 0.0006404325991567762 0.0006195097088607587 0.000800817013136156 0.0006873271807126246 0.0 0.0008119082563281077 0.0007631537718213062 0.0004733355605744425 0.0006224109199012505 0.0005668668548008384 0.0007113132916270299 0.0004906130414254429 0.0005851079516207597 0.0014326176606430764
15.0 0.00100871379451276 0.0007797823311210504 0.0006782208426443584 0.0009436985941056234 0.0007133959964811553 0.0009913203479675402 0.0010018844294217046 0.0011481390812019205 0.0009612533370743246 0.0008762119395403351 0.0009223827969289389 0.0010936432284094468 0.0009913203479675402 0.0008119082563281077 0.0 0.0008717993740795153 0.0008092421734455648 0.0009428980027457955 0.0009051397638070948 0.0010008511187904923 0.0008706963487901055 0.0009048858345242004 0.001670037767137529
16.0 0.000924644247092673 0.0007001839676593418 0.0006954578426196646 0.0008326275882996283 0.0006661911916316786 0.0008957443761649253 0.0008989759469367456 0.0010344995734417417 0.000745419719001533 0.0007244029845848664 0.0008122714098572918 0.000993832768226579 0.0008957443761649253 0.0007631537718213062 0.0008717993740795153 0.0 0.0008029251112155095 0.0008464134861252913 0.0008171726180336386 0.0008928619254640815 0.0007964673938692661 0.0008027980772362987 0.001643583429793149
17.0 0.000764863897908371 0.0006588323766464299 0.0007066987722227572 0.0007243165830545817 0.0006871338827114539 0.0007579886822283848 0.0007778121229675277 0.0009384784822184694 0.000850693788437126 0.0007096402355363857 0.000700317558443115 0.0008682786832045361 0.0007579886822283848 0.0004733355605744425 0.0008092421734455648 0.0008029251112155095 0.0 0.0007037090802635014 0.0006522699948920341 0.0007823170760558179 0.0005904553679284914 0.000670905685562734 0.0014654227071622217
18.0 0.0005532958334688327 0.0007635104569521632 0.0008151531624694787 0.00044523208481295684 0.0007902843429098063 0.0005019050462128608 0.0005393336040259368 0.000738173063610133 0.000834260966757282 0.0007239962526917139 0.00042227175282904574 0.0006566183796944383 0.0005019050462128608 0.0006224109199012505 0.0009428980027457955 0.0008464134861252913 0.0007037090802635014 0.0 0.00035215398114487066 0.0005467945127597075 0.0004975577871789373 0.0003564259005105926 0.001422787964944018
19.0 0.0005374761691997787 0.0007260780219809857 0.0007793223902231508 0.0004908774473819879 0.0007545720681485759 0.0005149239027307312 0.0005546730943013022 0.0007459953996941047 0.0008133574495174353 0.0006929014544895042 0.0004629517795335952 0.0006594397229231719 0.0005149239027307312 0.0005668668548008384 0.0009051397638070948 0.0008171726180336386 0.0006522699948920341 0.00035215398114487066 0.0 0.0005657814611733636 0.0004010587888608069 0.00039190024224677487 0.001383940326653412
20.0 0.0005498115191146758 0.000826314060615771 0.0008717049914009681 0.0004976768853015574 0.0008476521131642503 0.0004342872970509945 0.0003097233121426247 0.0005488309993167528 0.000863056522440997 0.0007853823899281443 0.0005327722751553709 0.0004950902567452343 0.0004342872970509945 0.0007113132916270299 0.0010008511187904923 0.0008928619254640815 0.0007823170760558179 0.0005467945127597075 0.0005657814611733636 0.0 0.0006271749183567258 0.00055721546093244 0.001461748881324379
21.0 0.0005974693688368757 0.0006906210398775143 0.0007474964777974284 0.0005589644376924928 0.0007227031579111259 0.0005880228385629345 0.0006185959820826179 0.0007960639577934765 0.0008064364949901563 0.0006696326053412856 0.000529247484417841 0.0007149111062335727 0.0005880228385629345 0.0004906130414254429 0.0008706963487901055 0.0007964673938692661 0.0005904553679284914 0.0004975577871789373 0.0004010587888608069 0.0006271749183567258 0.0 0.0004734278465720885 0.0013870442088182665
22.0 0.000584732431559389 0.0007207322279509766 0.0007747322153585363 0.00041761174513493923 0.0007489989881755356 0.0005373186308229214 0.0005580412963025045 0.0007382373435979167 0.0007896760799746404 0.000673545197904731 0.0003338566410663649 0.0006712979163858036 0.0005373186308229214 0.0005851079516207597 0.0009048858345242004 0.0008027980772362987 0.000670905685562734 0.0003564259005105926 0.00039190024224677487 0.00055721546093244 0.0004734278465720885 0.0 0.0014235373224466127
23.0 0.0013438019586024595 0.0015541757981537936 0.0015753490248287907 0.0014544524314615576 0.0015618266805973897 0.001402160770797787 0.0014377665121145492 0.0016174304637609385 0.001663912642760453 0.0015630932193470577 0.0014449836358075467 0.0014956559485030515 0.001402160770797787 0.0014326176606430764 0.001670037767137529 0.001643583429793149 0.0014654227071622217 0.001422787964944018 0.001383940326653412 0.001461748881324379 0.0013870442088182665 0.0014235373224466127 0.0
