0.0 1.0 2.0 3.0 4.0 5.0 6.0 7.0 8.0 9.0 10.0 11.0 12.0 13.0 14.0 15.0 16.0 17.0 18.0 19.0 20.0 21.0 22.0 23.0
1.0 0.0 0.0007950396130210063 0.0008404966021087808 0.0005655330971863679 0.0008196975933958536 0.0004039847569060201 0.00047642167063323713 0.0006950500910890292 0.0009059502571433394 0.0007582111660245447 0.0005720311395106287 0.0005432488989393578 0.0004039847569060201 0.0006575939760728969 0.0010529254785321294 0.0009587587044076733 0.0007036582836745403 0.0005210131037142465 0.0005122316442330882 0.0005270608691347896 0.0005681078060283856 0.0005572536733436965 0.0011271059636489883
2.0 0.0007950396130210063 0.0 0.0006042948440501857 0.0007488658312434938 0.0005417238200138013 0.0007892398128897954 0.0008013270669938294 0.0009602140262678416 0.0008320353530157697 0.0006212069788688377 0.000730380700852623 0.000897376794429227 0.0007892398128897954 0.0006341622707378323 0.0008809605184759812 0.0007762481344610786 0.0006614658657497048 0.0007368844891732528 0.0007112878633422635 0.0008036074277552901 0.0006926251388990359 0.0007115429185483855 0.0012185060817579507
3.0 0.0008404966021087808 0.0006042948440501857 0.0 0.0008004134390154054 0.00043034525469744104 0.0008364113116305283 0.0008478729591101096 0.001004422284782942 0.0008599071630330606 0.0007126737443952257 0.0007840653194652793 0.0009423643169386183 0.0008364113116305283 0.0007031180584915247 0.0007697964120377074 0.0007782421613546273 0.0007111280864420593 0.0007897780150621977 0.0007653003781854723 0.0008502736734197763 0.0007501275417752371 0.0007673379637383587 0.001220803756771495
4.0 0.0005655330971863679 0.0007488658312434938 0.0008004134390154054 0.0 0.0007763011978835881 0.0005013379579113762 0.0004976595561972847 0.00068909119724772 0.0008219355404473065 0.0006847881327805388 0.0003079783200725702 0.0006293828920480635 0.0005013379579113762 0.000636971954901897 0.001024623879290898 0.0008968953500780369 0.0006997835580874134 0.0004235733906518956 0.0004803753910824762 0.0004828130592708018 0.0005541184852581334 0.0004102508773285202 0.001188466668325658
5.0 0.0008196975933958536 0.0005417238200138013 0.00043034525469744104 0.0007763011978835881 0.0 0.0008144396737762107 0.0008255815737995163 0.0009820666236923254 0.0008350079933898288 0.0006751126400118176 0.0007594752983335177 0.0009206342817438233 0.0008144396737762107 0.0006784391642141723 0.0008111823815113172 0.0007466038403233146 0.0006924236046074003 0.0007662639088174628 0.0007420456931669793 0.0008275935599129724 0.0007267434082007825 0.0007427460332855001 0.0012157908602289417
6.0 0.0004039847569060201 0.0007892398128897954 0.0008364113116305283 0.0005013379579113762 0.0008144396737762107 0.0 0.0003404672269939301 0.00063242621858638 0.0008819145954490799 0.0007428074347679154 0.0005217516478255911 0.0005028889462961357 0.0 0.000662131494941838 0.0010535506951930636 0.0009454349281102369 0.0007146827570310257 0.0004815506313776074 0.0005012321022535343 0.00042288761571207046 0.0005722244616476203 0.0005226526079864593 0.0011651355301691287
7.0 0.00047642167063323713 0.0008013270669938294 0.0008478729591101096 0.0004976595561972847 0.0008255815737995163 0.0003404672269939301 0.0 0.0005542791929248298 0.0008783975436001345 0.0007504021143187948 0.0005280884466139627 0.00044120138856843774 0.000340467114547932 0.0006846247566848185 0.0010673156404706705 0.0009507429487368056 0.0007377720621010813 0.0005160706323002499 0.0005392612713020072 0.00030279605080750624 0.0006036177681230411 0.0005424615908597014 0.0011930324846887096
8.0 0.0006950500910890292 0.0009602140262678416 0.001004422284782942 0.00068909119724772 0.0009820666236923254 0.00063242621858638 0.0005542791929248298 0.0 0.0010119765258792262 0.0009056015043440491 0.0007134791605587663 0.0005240073935485345 0.0006324260756875942 0.000858749131403085 0.00122660977405493 0.0010985894022913579 0.0009110005691800639 0.0007210686992926896 0.0007376327037257409 0.0005509022535415568 0.0007906230268424612 0.0007312934349340469 0.001369808279177526
9.0 0.0009059502571433394 0.0008320353530157697 0.0008599071630330606 0.0008219355404473065 0.0008350079933898288 0.0008819145954490799 0.0008783975436001345 0.0010119765258792262 0.0 0.0007677320344857366 0.0008104834704507097 0.0009758496004828519 0.0008819143616071834 0.0008376280871153492 0.0011057690277848477 0.000865470709040298 0.0008821725943079593 0.0008392088993393256 0.0008308122025862434 0.0008703089632585234 0.0008385590978987446 0.0008107846101265298 0.0013800851293232473
10.0 0.0007582111660245447 0.0006212069788688377 0.0007126737443952257 0.0006847881327805388 0.0006751126400118176 0.0007428074347679154 0.0007504021143187948 0.0009056015043440491 0.0007677320344857366 0.0 0.0006638211312884467 0.0008498932579942888 0.0007428070987006224 0.0006321625023921872 0.000963259602278018 0.0007833640533758987 0.000692485104133612 0.0006833192810202153 0.0006644589494066266 0.0007487407627945682 0.0006562029183052139 0.0006494619297106874 0.001233748260605656
11.0 0.0005720311395106287 0.000730380700852623 0.0007840653194652793 0.0003079783200725702 0.0007594752983335177 0.0005217516478255911 0.0005280884466139627 0.0007134791605587663 0.0008104834704507097 0.0006638211312884467 0.0 0.0006508491507008735 0.0005217515586633093 0.000615158980935754 0.0010087974405415378 0.0008815197435931928 0.0006813735306228567 0.0004035247786949802 0.00045592414810668373 0.0005204178083248328 0.0005291706609477203 0.0003324063448264113 0.0011780615019173657
12.0 0.0005432488989393578 0.000897376794429227 0.0009423643169386183 0.0006293828920480635 0.0009206342817438233 0.0005028889462961357 0.00044120138856843774 0.0005240073935485345 0.0009758496004828519 0.0008498932579942888 0.0006508491507008735 0.0 0.0005028886339929912 0.000780547199139318 0.001160293859214523 0.0010471461143939627 0.0008302925712293332 0.0006366375769464624 0.0006480838360359471 0.0004882852094347533 0.0007037583143161655 0.0006585890091583102 0.0012709548333333942
13.0 0.0004039847569060201 0.0007892398128897954 0.0008364113116305283 0.0005013379579113762 0.0008144396737762107 0.0 0.000340467114547932 0.0006324260756875942 0.0008819143616071834 0.0007428070987006224 0.0005217515586633093 0.0005028886339929912 0.0 0.000662131494941838 0.0010535506951930636 0.0009454349281102369 0.0007146827570310257 0.0004815506313776074 0.0005012321022535343 0.00042288761571207046 0.0005722244616476203 0.0005226526079864593 0.0011651355301691287
14.0 0.0006575939760728969 0.0006341622707378323 0.0007031180584915247 0.000636971954901897 0.0006784391642141723 0.000662131494941838 0.0006846247566848185 0.000858749131403085 0.0008376280871153492 0.0006321625023921872 0.000615158980935754 0.000780547199139318 0.000662131494941838 0.0 0.0009188137098014157 0.0008482682967712628 0.00047648441929923086 0.000600555295201418 0.0005573882543232114 0.0006934407496170368 0.0004999225364135041 0.0005805242089928064 0.0011273749517905715
15.0 0.0010529254785321294 0.0008809605184759812 0.0007697964120377074 0.001024623879290898 0.0008111823815113172 0.0010535506951930636 0.0010673156404706705 0.00122660977405493 0.0011057690277848477 0.000963259602278018 0.0010087974405415378 0.001160293859214523 0.0010535506951930636 0.0009188137098014157 0.0 0.0010535577813425216 0.0009103061686802204 0.0010099107146586176 0.0009832931208045815 0.0010716774640257163 0.0009663116353075041 0.000990425458132099 0.0013885682499727725
16.0 0.0009587587044076733 0.0007762481344610786 0.0007782421613546273 0.0008968953500780369 0.0007466038403233146 0.0009454349281102369 0.0009507429487368056 0.0010985894022913579 0.000865470709040298 0.0007833640533758987 0.0008815197435931928 0.0010471461143939627 0.0009454349281102369 0.0008482682967712628 0.0010535577813425216 0.0 0.0008804654908917341 0.0008980421772328494 0.0008804292080949775 0.0009486170890054974 0.0008748389635837957 0.0008714266581841344 0.0013860866085266823
17.0 0.0007036582836745403 0.0006614658657497048 0.0007111280864420593 0.0006997835580874134 0.0006924236046074003 0.0007146827570310257 0.0007377720621010813 0.0009110005691800639 0.0008821725943079593 0.000692485104133612 0.0006813735306228567 0.0008302925712293332 0.0007146827570310257 0.00047648441929923086 0.0009103061686802204 0.0008804654908917341 0.0 0.0006657396309643162 0.0006259355278262501 0.0007480931025134889 0.0005846598874317358 0.0006514596215704493 0.0011272522528897506
18.0 0.0005210131037142465 0.0007368844891732528 0.0007897780150621977 0.0004235733906518956 0.0007662639088174628 0.0004815506313776074 0.0005160706323002499 0.0007210686992926896 0.0008392088993393256 0.0006833192810202153 0.0004035247786949802 0.0006366375769464624 0.0004815506313776074 0.000600555295201418 0.0010099107146586176 0.0008980421772328494 0.0006657396309643162 0.0 0.0003358037945437448 0.000525848701359046 0.00048335623096280335 0.0003373281945593014 0.001154992833027749
19.0 0.0005122316442330882 0.0007112878633422635 0.0007653003781854723 0.0004803753910824762 0.0007420456931669793 0.0005012321022535343 0.0005392612713020072 0.0007376327037257409 0.0008308122025862434 0.0006644589494066266 0.00045592414810668373 0.0006480838360359471 0.0005012321022535343 0.0005573882543232114 0.0009832931208045815 0.0008804292080949775 0.0006259355278262501 0.0003358037945437448 0.0 0.0005534581541126047 0.00040179431853925955 0.0003847479012473313 0.0011233393648444137
20.0 0.0005270608691347896 0.0008036074277552901 0.0008502736734197763 0.0004828130592708018 0.0008275935599129724 0.00042288761571207046 0.00030279605080750624 0.0005509022535415568 0.0008703089632585234 0.0007487407627945682 0.0005204178083248328 0.0004882852094347533 0.00042288761571207046 0.0006934407496170368 0.0010716774640257163 0.0009486170890054974 0.0007480931025134889 0.000525848701359046 0.0005534581541126047 0.0 0.0006164594790003412 0.0005443356848266931 0.001211593157466641
21.0 0.0005681078060283856 0.0006926251388990359 0.0007501275417752371 0.0005541184852581334 0.0007267434082007825 0.0005722244616476203 0.0006036177681230411 0.0007906230268424612 0.0008385590978987446 0.0006562029183052139 0.0005291706609477203 0.0007037583143161655 0.0005722244616476203 0.0004999225364135041 0.0009663116353075041 0.0008748389635837957 0.0005846598874317358 0.00048335623096280335 0.00040179431853925955 0.0006164594790003412 0.0 0.00047364838541088085 0.0011180365842247016
22.0 0.0005572536733436965 0.0007115429185483855 0.0007673379637383587 0.0004102508773285202 0.0007427460332855001 0.0005226526079864593 0.0005424615908597014 0.0007312934349340469 0.0008107846101265298 0.0006494619297106874 0.0003324063448264113 0.0006585890091583102 0.0005226526079864593 0.0005805242089928064 0.000990425458132099 0.0008714266581841344 0.0006514596215704493 0.0003373281945593014 0.0003847479012473313 0.0005443356848266931 0.00047364838541088085 0.0 0.0011552681182650318
23.0 0.0011271059636489883 0.0012185060817579507 0.001220803756771495 0.001188466668325658 0.0012157908602289417 0.0011651355301691287 0.0011930324846887096 0.001369808279177526 0.0013800851293232473 0.001233748260605656 0.0011780615019173657 0.0012709548333333942 0.0011651355301691287 0.0011273749517905715 0.0013885682499727725 0.0013860866085266823 0.0011272522528897506 0.001154992833027749 0.0011233393648444137 0.001211593157466641 0.0011180365842247016 0.0011552681182650318 0.0
