"","1","2","3","4","5","6","7","8","9"
"1",0,1.28108745216193,1.88956950816508,0.816707867176696,0.976665525223809,1.96477902130236,1.3854815669382,1.16150376403537,0.977767406059556
"2",1.28108745216193,0,0.679648582181565,1.19434745228113,1.26110526123755,0.823520628329082,2.44305838090366,1.0456755382851,2.25647421631109
"3",1.88956950816508,0.679648582181565,0,1.87181756833702,1.93009176806013,0.928961614375472,3.11758973745898,1.23275087197819,2.86397018071879
"4",0.816707867176696,1.19434745228113,1.87181756833702,0,0.16113960840625,1.54866698469961,1.31350301955622,1.68295581039455,1.46938351079527
"5",0.976665525223809,1.26110526123755,1.93009176806013,0.16113960840625,0,1.5269245274187,1.33758174624866,1.82304947430535,1.58478586075194
"6",1.96477902130236,0.823520628329082,0.928961614375472,1.54866698469961,1.5269245274187,0,2.85879122622346,1.85176850859795,2.89484572287986
"7",1.3854815669382,2.44305838090366,3.11758973745898,1.31350301955622,1.33758174624866,2.85879122622346,0,2.54605319843236,0.928192982883789
"8",1.16150376403537,1.0456755382851,1.23275087197819,1.68295581039455,1.82304947430535,1.85176850859795,2.54605319843236,0,1.97701673728876
"9",0.977767406059556,2.25647421631109,2.86397018071879,1.46938351079527,1.58478586075194,2.89484572287986,0.928192982883789,1.97701673728876,0
