0.0 1.0 2.0 3.0 4.0 5.0 6.0 7.0
1.0 0.0 0.002169979132303948 0.24240736461791135 0.00373098775588017 0.07001349265950399 0.010788654762576504 0.0011256221321589057
2.0 0.002169979132303948 0.0 0.24376597299122432 0.0045624363233324845 0.07137214357813745 0.012147537353322004 0.002487605972314664
3.0 0.24240736461791135 0.24376597299122432 0.0 0.24512912817207763 0.2578626216487647 0.24818966270236326 0.24221098043203612
4.0 0.00373098775588017 0.0045624363233324845 0.24512912817207763 0.0 0.0727350994537489 0.013509781133796965 0.003904860359886818
5.0 0.07001349265950399 0.07137214357813745 0.2578626216487647 0.0727350994537489 0.0 0.07577555525827723 0.06981725595171327
6.0 0.010788654762576504 0.012147537353322004 0.24818966270236326 0.013509781133796965 0.07577555525827723 0.0 0.010592964416485154
7.0 0.0011256221321589057 0.002487605972314664 0.24221098043203612 0.003904860359886818 0.06981725595171327 0.010592964416485154 0.0
