0.0 1.0 2.0 3.0 4.0 5.0 6.0 7.0
1.0 0.0 0.0022210880065702465 0.12272185133670307 0.003997982765219974 0.08516028656264998 0.03541206881984202 0.0013108414350665152
2.0 0.0022210880065702465 0.0 0.12413836179491325 0.00487245155597111 0.08657685949787575 0.036829573954866274 0.0027334114976441783
3.0 0.12272185133670307 0.12413836179491325 0.0 0.12569972766618165 0.06922980973758161 0.14845905269575957 0.12269502056390309
4.0 0.003997982765219974 0.00487245155597111 0.12569972766618165 0.0 0.08813792424030428 0.038387704801712136 0.004353498208593496
5.0 0.08516028656264998 0.08657685949787575 0.06922980973758161 0.08813792424030428 0.0 0.11083431934771254 0.085133754853096
6.0 0.03541206881984202 0.036829573954866274 0.14845905269575957 0.038387704801712136 0.11083431934771254 0.0 0.035388674864396716
7.0 0.0013108414350665152 0.0027334114976441783 0.12269502056390309 0.004353498208593496 0.085133754853096 0.035388674864396716 0.0
