0.0 1.0 2.0 3.0 4.0 5.0 6.0 7.0
1.0 0.0 0.0023460255526210104 0.4513115979775098 0.004596180868753151 0.0610311529548717 0.06351735054898655 0.001563269016132283
2.0 0.0023460255526210104 0.0 0.4528209729023605 0.005680345291904903 0.06254069718712378 0.06502796002419334 0.003077612134911957
3.0 0.4513115979775098 0.4528209729023605 0.0 0.45478384894667584 0.42768626519167074 0.5061009324787678 0.4513194733993383
4.0 0.004596180868753151 0.005680345291904903 0.45478384894667584 0.0 0.06450318109241816 0.06698809655138421 0.00511944170249484
5.0 0.0610311529548717 0.06254069718712378 0.42768626519167074 0.06450318109241816 0.0 0.11577469893644415 0.061039125207211095
6.0 0.06351735054898655 0.06502796002419334 0.5061009324787678 0.06698809655138421 0.11577469893644415 0.0 0.06352594863770898
7.0 0.001563269016132283 0.003077612134911957 0.4513194733993383 0.00511944170249484 0.061039125207211095 0.06352594863770898 0.0
