0.0 1.0 2.0 3.0 4.0 5.0 6.0 7.0
1.0 0.0 0.00231355419502312 0.0432322369343901 0.0032854560970074077 0.01095785781318703 0.00840587098200043 0.0016308995230644907
2.0 0.00231355419502312 0.0 0.044504699263465605 0.003807681455550335 0.012230799307230932 0.009680469910402478 0.0029374757246422656
3.0 0.0432322369343901 0.044504699263465605 0.0 0.045280628476401574 0.0377895182416413 0.04536903058550323 0.04320448313575848
4.0 0.0032854560970074077 0.003807681455550335 0.045280628476401574 0.0 0.013005826633868265 0.010452313340093977 0.0037925141391230753
5.0 0.01095785781318703 0.012230799307230932 0.0377895182416413 0.013005826633868265 0.0 0.013060081774938078 0.010929996417731193
6.0 0.00840587098200043 0.009680469910402478 0.04536903058550323 0.010452313340093977 0.013060081774938078 0.0 0.008377761971970774
7.0 0.0016308995230644907 0.0029374757246422656 0.04320448313575848 0.0037925141391230753 0.010929996417731193 0.008377761971970774 0.0
