0.0 1.0 2.0 3.0 4.0 5.0 6.0 7.0
1.0 0.0 0.002453907424053314 0.09052712204867264 0.003647578378636909 0.014098974412319398 0.037133690340140586 0.0014547520692025657
2.0 0.002453907424053314 0.0 0.09204341186775677 0.0044189532345455355 0.015615807332873596 0.03865313856402606 0.0029944252695846846
3.0 0.09052712204867264 0.09204341186775677 0.0 0.09302960073325221 0.08111303364653066 0.12160300017984838 0.09038947274655518
4.0 0.003647578378636909 0.0044189532345455355 0.09302960073325221 0.0 0.01660119297414363 0.039634345507752376 0.00404918186735307
5.0 0.014098974412319398 0.015615807332873596 0.08111303364653066 0.01660119297414363 0.0 0.045143686808706666 0.013960961060779294
6.0 0.037133690340140586 0.03865313856402606 0.12160300017984838 0.039634345507752376 0.045143686808706666 0.0 0.03699424466158299
7.0 0.0014547520692025657 0.0029944252695846846 0.09038947274655518 0.00404918186735307 0.013960961060779294 0.03699424466158299 0.0
