0.0 1.0 2.0 3.0 4.0 5.0 6.0 7.0
1.0 0.0 0.00234128954517412 0.17914991572230635 0.004556694357943947 0.09493007885031457 0.016604692999055884 0.0019066260103118324
2.0 0.00234128954517412 0.0 0.18063868378334128 0.005606276339988831 0.09641904178182625 0.01809542025400676 0.003400725960647562
3.0 0.17914991572230635 0.18063868378334128 0.0 0.18257669312106128 0.12518552678645706 0.18379325767879295 0.17941088171201913
4.0 0.004556694357943947 0.005606276339988831 0.18257669312106128 0.0 0.09835657876394 0.020029964361634962 0.005412025231058585
5.0 0.09493007885031457 0.09641904178182625 0.12518552678645706 0.09835657876394 0.0 0.09950691641553276 0.09519144863208696
6.0 0.016604692999055884 0.01809542025400676 0.18379325767879295 0.020029964361634962 0.09950691641553276 0.0 0.016869023115519823
7.0 0.0019066260103118324 0.003400725960647562 0.17941088171201913 0.005412025231058585 0.09519144863208696 0.016869023115519823 0.0
