0.0 1.0 2.0 3.0 4.0 5.0 6.0 7.0 8.0 9.0 10.0
1.0 0.0 0.0034732296727581842 0.004048247391602253 0.002857096760310206 0.022094278567754068 0.021528231104666604 0.004906284922477916 0.00713089074303936 0.0036867716913558755 0.0030890741716148645
2.0 0.0034732296727581842 0.0 0.0015558318978221549 0.0014493435551611498 0.01965803846535876 0.019091393508364585 0.0029674449785281557 0.0048282886544981675 0.0013564523951474792 0.0010648836082959466
3.0 0.004048247391602253 0.0015558318978221549 0.0 0.0020366459658407725 0.019181591724552333 0.018613444090267203 0.0033852387137625114 0.005125084812784845 0.001594463414696868 0.0016583972492104204
4.0 0.002857096760310206 0.0014493435551611498 0.0020366459658407725 0.0 0.020088513795774754 0.019522471322778602 0.0029797610165100737 0.005133593411487889 0.0016885041733218217 0.0010614850490844006
5.0 0.022094278567754068 0.01965803846535876 0.019181591724552333 0.020088513795774754 0.0 0.001953787927050761 0.021484755917140372 0.023254761607766725 0.019733418824862736 0.01974020904926945
6.0 0.021528231104666604 0.019091393508364585 0.018613444090267203 0.019522471322778602 0.001953787927050761 0.0 0.020918212216820067 0.022687957234826885 0.019166548290628367 0.01917385202223249
7.0 0.004906284922477916 0.0029674449785281557 0.0033852387137625114 0.0029797610165100737 0.021484755917140372 0.020918212216820067 0.0 0.006194565411227516 0.00274251821976333 0.0027453044471136955
8.0 0.00713089074303936 0.0048282886544981675 0.005125084812784845 0.005133593411487889 0.023254761607766725 0.022687957234826885 0.006194565411227516 0.0 0.0043460684857772516 0.004776112861241514
9.0 0.0036867716913558755 0.0013564523951474792 0.001594463414696868 0.0016885041733218217 0.019733418824862736 0.019166548290628367 0.00274251821976333 0.0043460684857772516 0.0 0.0013296622384685623
10.0 0.0030890741716148645 0.0010648836082959466 0.0016583972492104204 0.0010614850490844006 0.01974020904926945 0.01917385202223249 0.0027453044471136955 0.004776112861241514 0.0013296622384685623 0.0
