0.0 1.0 2.0 3.0 4.0 5.0 6.0 7.0 8.0 9.0 10.0
1.0 0.0 0.06616070947149848 0.05001133285456498 0.046362126641373805 0.4275841516453586 0.40251617687130986 0.047549952762557766 0.04898531168706595 0.048780205951045014 0.047699249069499385
2.0 0.06616070947149848 0.0 0.02322153431897142 0.02258771848778411 0.4008917044408588 0.3758222412292063 0.02278168466174272 0.023121245589218895 0.022768408815109678 0.02185510621221936
3.0 0.05001133285456498 0.02322153431897142 0.0 0.006628186871389358 0.3804680215344723 0.35539191050734836 0.006335479039072667 0.006428735649246023 0.005934026536235669 0.005580164761164928
4.0 0.046362126641373805 0.02258771848778411 0.006628186871389358 0.0 0.38417671530731107 0.35910933012299623 0.004557148086151437 0.005740810664058862 0.0055114815064358225 0.004343716933482643
5.0 0.4275841516453586 0.4008917044408588 0.3804680215344723 0.38417671530731107 0.0 0.039905217259174675 0.38401111180286535 0.3841599405922172 0.3836834139596432 0.3832712685614016
6.0 0.40251617687130986 0.3758222412292063 0.35539191050734836 0.35910933012299623 0.039905217259174675 0.0 0.3589417070388955 0.3590897543235415 0.3586130147032315 0.3582015652070819
7.0 0.047549952762557766 0.02278168466174272 0.006335479039072667 0.004557148086151437 0.38401111180286535 0.3589417070388955 0.0 0.00501028423343923 0.004857949198106268 0.004203232146944444
8.0 0.04898531168706595 0.023121245589218895 0.006428735649246023 0.005740810664058862 0.3841599405922172 0.3590897543235415 0.00501028423343923 0.0 0.004827266527932347 0.004782703212671456
9.0 0.048780205951045014 0.022768408815109678 0.005934026536235669 0.0055114815064358225 0.3836834139596432 0.3586130147032315 0.004857949198106268 0.004827266527932347 0.0 0.0045147421586491515
10.0 0.047699249069499385 0.02185510621221936 0.005580164761164928 0.004343716933482643 0.3832712685614016 0.3582015652070819 0.004203232146944444 0.004782703212671456 0.0045147421586491515 0.0
