0.0 1.0 2.0 3.0 4.0 5.0 6.0 7.0 8.0 9.0 10.0
1.0 0.0 0.0023182730102080528 0.002842426585376157 0.0017481050969278791 0.012392483553280103 0.011827011850604719 0.0024452350112282705 0.004064376157669654 0.0024293680397948973 0.0019557565757600554
2.0 0.0023182730102080528 0.0 0.0015472573688969375 0.001363126970118042 0.011143123534456822 0.010576819259210701 0.0017590260248967178 0.002986389771673586 0.0013087378233222874 0.0010626734280875525
3.0 0.002842426585376157 0.0015472573688969375 0.0 0.0019043004720997979 0.010699838563719819 0.010130952735972051 0.002188445989183751 0.003287488518827383 0.0015511532875568637 0.0016202006655694381
4.0 0.0017481050969278791 0.001363126970118042 0.0019043004720997979 0.0 0.011453243731211026 0.010887874890459505 0.0016059550368336221 0.0031476990467793767 0.0015090675988148942 0.0009936651729636793
5.0 0.012392483553280103 0.011143123534456822 0.010699838563719819 0.011453243731211026 0.0 0.0019225790370133618 0.011773022828361084 0.012904934046442901 0.011178495634791426 0.011196725015137443
6.0 0.011827011850604719 0.010576819259210701 0.010130952735972051 0.010887874890459505 0.0019225790370133618 0.0 0.011206981782684134 0.012338414138240165 0.010611846751546921 0.010630872085887491
7.0 0.0024452350112282705 0.0017590260248967178 0.002188445989183751 0.0016059550368336221 0.011773022828361084 0.011206981782684134 0.0 0.0032454044322542943 0.0016250950824297536 0.0014943288358628872
8.0 0.004064376157669654 0.002986389771673586 0.003287488518827383 0.0031476990467793767 0.012904934046442901 0.012338414138240165 0.0032454044322542943 0.0 0.002546349636369904 0.002897106909939786
9.0 0.0024293680397948973 0.0013087378233222874 0.0015511532875568637 0.0015090675988148942 0.011178495634791426 0.010611846751546921 0.0016250950824297536 0.002546349636369904 0.0 0.00125203814364483
10.0 0.0019557565757600554 0.0010626734280875525 0.0016202006655694381 0.0009936651729636793 0.011196725015137443 0.010630872085887491 0.0014943288358628872 0.002897106909939786 0.00125203814364483 0.0
