0.0 1.0 2.0 3.0 4.0 5.0 6.0 7.0 8.0 9.0 10.0
1.0 0.0 0.0022893602684599555 0.0027651606954836407 0.0014290054746431218 0.009307487334995828 0.008916978048971784 0.0017799170932453787 0.0021837431428663318 0.0021188657564681045 0.0018074773900097487
2.0 0.0022893602684599555 0.0 0.0021442359382317353 0.0017931001146751428 0.00873048237114749 0.008338680916439158 0.0018235755455611614 0.0018776382588589855 0.0017463552560488252 0.0015653779792920801
3.0 0.0027651606954836407 0.0021442359382317353 0.0 0.0023086075089940026 0.007900317511253823 0.007502968053354146 0.002207299885333049 0.0021703035436978282 0.0019593687532463563 0.002101639127023043
4.0 0.0014290054746431218 0.0017931001146751428 0.0023086075089940026 0.0 0.008840366983032812 0.008450269871093485 0.0014357304298326292 0.0017606579123125368 0.0016895243960275536 0.0013052954566893313
5.0 0.009307487334995828 0.00873048237114749 0.007900317511253823 0.008840366983032812 0.0 0.001988247682533806 0.008787606379273612 0.008780993972491076 0.008585110587403426 0.008674250039101952
6.0 0.008916978048971784 0.008338680916439158 0.007502968053354146 0.008450269871093485 0.001988247682533806 0.0 0.008396090099426674 0.008388880862141292 0.008192717300180887 0.008283041761684356
7.0 0.0017799170932453787 0.0018235755455611614 0.002207299885333049 0.0014357304298326292 0.008787606379273612 0.008396090099426674 0.0 0.0015150580266219973 0.0014642063559661606 0.0014126286988062748
8.0 0.0021837431428663318 0.0018776382588589855 0.0021703035436978282 0.0017606579123125368 0.008780993972491076 0.008388880862141292 0.0015150580266219973 0.0 0.0013018260938231678 0.0015893560304153025
9.0 0.0021188657564681045 0.0017463552560488252 0.0019593687532463563 0.0016895243960275536 0.008585110587403426 0.008192717300180887 0.0014642063559661606 0.0013018260938231678 0.0 0.001509735882183765
10.0 0.0018074773900097487 0.0015653779792920801 0.002101639127023043 0.0013052954566893313 0.008674250039101952 0.008283041761684356 0.0014126286988062748 0.0015893560304153025 0.001509735882183765 0.0
