0.0 1.0 2.0 3.0 4.0 5.0 6.0 7.0 8.0 9.0 10.0
1.0 0.0 0.0024407423231128733 0.0030908577771789256 0.0018754586996824001 0.009464900029083307 0.009043943567045236 0.0029573446311094275 0.004042551940120322 0.0025981583905979643 0.0020696056457902507
2.0 0.0024407423231128733 0.0 0.0016430227872650852 0.001360628414177769 0.008066982246344633 0.0076448728842774955 0.002156837938528902 0.0027539484861372294 0.0012936142344349526 0.0010423100863835018
3.0 0.0030908577771789256 0.0016430227872650852 0.0 0.0020253819385461455 0.00777912425012451 0.007353875351787904 0.002708823669872314 0.0031667000455402796 0.0016610466519567995 0.0017187723551906932
4.0 0.0018754586996824001 0.001360628414177769 0.0020253819385461455 0.0 0.008399321226888298 0.007978475350236366 0.00200981859759875 0.0029909631682922926 0.0015469420038276864 0.0009843321784924362
5.0 0.009464900029083307 0.008066982246344633 0.00777912425012451 0.008399321226888298 0.0 0.0016904058056023373 0.009118032670864761 0.009615266907063283 0.008116563983650061 0.008121807488282843
6.0 0.009043943567045236 0.0076448728842774955 0.007353875351787904 0.007978475350236366 0.0016904058056023373 0.0 0.008696294658823085 0.009192806596424059 0.007693990131626767 0.007700304725458194
7.0 0.0029573446311094275 0.002156837938528902 0.002708823669872314 0.00200981859759875 0.009118032670864761 0.008696294658823085 0.0 0.003515729091086186 0.002051766309086288 0.0018924112193867935
8.0 0.004042551940120322 0.0027539484861372294 0.0031667000455402796 0.0029909631682922926 0.009615266907063283 0.009192806596424059 0.003515729091086186 0.0 0.0023052773866601498 0.0026993196406711866
9.0 0.0025981583905979643 0.0012936142344349526 0.0016610466519567995 0.0015469420038276864 0.008116563983650061 0.007693990131626767 0.002051766309086288 0.0023052773866601498 0.0 0.0012567685743970153
10.0 0.0020696056457902507 0.0010423100863835018 0.0017187723551906932 0.0009843321784924362 0.008121807488282843 0.007700304725458194 0.0018924112193867935 0.0026993196406711866 0.0012567685743970153 0.0
