0.0 1.0 2.0 3.0 4.0 5.0 6.0 7.0 8.0 9.0 10.0
1.0 0.0 0.004457604325832744 0.0049621122420873175 0.003955571957989165 0.012971431982667158 0.01241666650365854 0.005398026384825788 0.005126070084114948 0.004584570748680478 0.004105867975754498
2.0 0.004457604325832744 0.0 0.0014920944601605124 0.0013829571037001854 0.009552501789298621 0.008996042163226697 0.002459514491334896 0.0018268337178204645 0.001264993712264701 0.0010230622957833379
3.0 0.0049621122420873175 0.0014920944601605124 0.0 0.0019026244334529518 0.0090950179842367 0.008534783396638495 0.0028537515526793067 0.0021112640153639 0.0015010621654492759 0.001553081902888451
4.0 0.003955571957989165 0.0013829571037001854 0.0019026244334529518 0.0 0.009918342582257985 0.009363518021508971 0.002430271095103095 0.002079801618647176 0.0015384355632367067 0.0010259942526598198
5.0 0.012971431982667158 0.009552501789298621 0.0090950179842367 0.009918342582257985 0.0 0.0019382226143424153 0.010907533725892126 0.010193411820638907 0.009590440123085566 0.009595910546238942
6.0 0.01241666650365854 0.008996042163226697 0.008534783396638495 0.009363518021508971 0.0019382226143424153 0.0 0.010351474809659937 0.009636609292552091 0.009033480566623382 0.009040206832435883
7.0 0.005398026384825788 0.002459514491334896 0.0028537515526793067 0.002430271095103095 0.010907533725892126 0.010351474809659937 0.0 0.002850765602482739 0.0022789908447857655 0.0022241761973446766
8.0 0.005126070084114948 0.0018268337178204645 0.0021112640153639 0.002079801618647176 0.010193411820638907 0.009636609292552091 0.002850765602482739 0.0 0.0013926221028310592 0.0017456285900813813
9.0 0.004584570748680478 0.001264993712264701 0.0015010621654492759 0.0015384355632367067 0.009590440123085566 0.009033480566623382 0.0022789908447857655 0.0013926221028310592 0.0 0.0012049798844790223
10.0 0.004105867975754498 0.0010230622957833379 0.001553081902888451 0.0010259942526598198 0.009595910546238942 0.009040206832435883 0.0022241761973446766 0.0017456285900813813 0.0012049798844790223 0.0
