0.0 1.0 2.0 3.0 4.0 5.0 6.0 7.0 8.0 9.0 10.0
1.0 0.0 0.0034453192294611273 0.003689587963552215 0.002413040563775337 0.015814872304688362 0.015051367504746525 0.002751241502319602 0.0029671472396198577 0.002948937130724558 0.0027172072699439688
2.0 0.0034453192294611273 0.0 0.0024292633143195175 0.0020888790872533964 0.014590709344363378 0.013826466323352622 0.0021250430413679434 0.0020117159537745488 0.0019327179326361055 0.0018048347159336825
3.0 0.003689587963552215 0.0024292633143195175 0.0 0.0023763568966248764 0.013532244928414004 0.012764463324331992 0.0022788617360169935 0.002074910542638599 0.0019189588425373469 0.002106557069853986
4.0 0.002413040563775337 0.0020888790872533964 0.0023763568966248764 0.0 0.014491570634755296 0.013728342489681807 0.0015522053289227429 0.0016885812673732388 0.0016636248306368885 0.0013537325794773934
5.0 0.015814872304688362 0.014590709344363378 0.013532244928414004 0.014491570634755296 0.0 0.002325855242911328 0.014436768258232561 0.014256485151933153 0.01411266458944398 0.01425711866768795
6.0 0.015051367504746525 0.013826466323352622 0.012764463324331992 0.013728342489681807 0.002325855242911328 0.0 0.013672677679619315 0.013492042172997976 0.013348056759128289 0.013493209896171608
7.0 0.002751241502319602 0.0021250430413679434 0.0022788617360169935 0.0015522053289227429 0.014436768258232561 0.013672677679619315 0.0 0.0014552972812320866 0.0014513961003863305 0.0014659352858115674
8.0 0.0029671472396198577 0.0020117159537745488 0.002074910542638599 0.0016885812673732388 0.014256485151933153 0.013492042172997976 0.0014552972812320866 0.0 0.0011473752748442302 0.0014625393827118623
9.0 0.002948937130724558 0.0019327179326361055 0.0019189588425373469 0.0016636248306368885 0.01411266458944398 0.013348056759128289 0.0014513961003863305 0.0011473752748442302 0.0 0.0014272721360577127
10.0 0.0027172072699439688 0.0018048347159336825 0.002106557069853986 0.0013537325794773934 0.01425711866768795 0.013493209896171608 0.0014659352858115674 0.0014625393827118623 0.0014272721360577127 0.0
