0.0 1.0 2.0 3.0 4.0 5.0 6.0 7.0 8.0
1.0 0.0 0.4783656107130345 0.3678431651018871 0.7786543585667491 0.5861663938592934 0.7195028455566103 1.1049705543789394 0.6296213843687886
2.0 0.4783656107130345 0.0 0.4868580115675172 0.7716904185306359 0.6466099605025153 0.7557562453298469 1.0660432121723686 0.6672630875714294
3.0 0.3678431651018871 0.4868580115675172 0.0 0.7701246513692976 0.5460960712880267 0.6899140446864759 1.0938342672456058 0.6008200156681411
4.0 0.7786543585667491 0.7716904185306359 0.7701246513692976 0.0 0.8663287708314387 0.9411901520371183 1.4171708380935013 0.8257862022746922
5.0 0.5861663938592934 0.6466099605025153 0.5460960712880267 0.8663287708314387 0.0 0.7357130949689944 1.2411080198032507 0.6291019183842508
6.0 0.7195028455566103 0.7557562453298469 0.6899140446864759 0.9411901520371183 0.7357130949689944 0.0 1.325392136871673 0.5901909377611019
7.0 1.1049705543789394 1.0660432121723686 1.0938342672456058 1.4171708380935013 1.2411080198032507 1.325392136871673 0.0 1.2563467338663243
8.0 0.6296213843687886 0.6672630875714294 0.6008200156681411 0.8257862022746922 0.6291019183842508 0.5901909377611019 1.2563467338663243 0.0
