0.0 1.0 2.0 3.0 4.0 5.0 6.0 7.0 8.0
1.0 0.0 0.0037945198468726546 0.0008055912832127523 0.006263149154627017 0.001238671325601009 0.003821258108326238 0.06410872337204561 0.0025544419040605163
2.0 0.0037945198468726546 0.0 0.003745668582731017 0.007557699569653596 0.004030966984506095 0.006480482335431758 0.06614785733383492 0.0052037765690744735
3.0 0.0008055912832127523 0.003745668582731017 0.0 0.006172246045486664 0.0010867752946797527 0.003681426666766203 0.06401937460912842 0.0024129381188230568
4.0 0.006263149154627017 0.007557699569653596 0.006172246045486664 0.0 0.006281983834866467 0.008298402505765952 0.06732788350236753 0.0068258111518230795
5.0 0.001238671325601009 0.004030966984506095 0.0010867752946797527 0.006281983834866467 0.0 0.003626203682978422 0.06423553892469362 0.0023080196309255793
6.0 0.003821258108326238 0.006480482335431758 0.003681426666766203 0.008298402505765952 0.003626203682978422 0.0 0.06660062915748148 0.0039044444558395384
7.0 0.06410872337204561 0.06614785733383492 0.06401937460912842 0.06732788350236753 0.06423553892469362 0.06660062915748148 0.0 0.06534503776979281
8.0 0.0025544419040605163 0.0052037765690744735 0.0024129381188230568 0.0068258111518230795 0.0023080196309255793 0.0039044444558395384 0.06534503776979281 0.0
