0.0 1.0 2.0 3.0 4.0 5.0 6.0 7.0 8.0
1.0 0.0 0.002171136361821601 0.001005140854838922 0.003528739541477417 0.0028694029084906404 0.0040471239787661295 0.03324045262251268 0.0035352120241953916
2.0 0.002171136361821601 0.0 0.002031475779277903 0.0024446382662212255 0.0035889170702538354 0.004423072006210894 0.03289147044098668 0.003935808757828251
3.0 0.001005140854838922 0.002031475779277903 0.0 0.003377321499274651 0.0026138552646915673 0.003823004848310223 0.03308026521798361 0.0033085228295622344
4.0 0.003528739541477417 0.0024446382662212255 0.003377321499274651 0.0 0.004816677089033825 0.0053444877286382446 0.03433267244794375 0.004842244447037052
5.0 0.0028694029084906404 0.0035889170702538354 0.0026138552646915673 0.004816677089033825 0.0 0.00460090826206738 0.03462882859220571 0.004018944164249633
6.0 0.0040471239787661295 0.004423072006210894 0.003823004848310223 0.0053444877286382446 0.00460090826206738 0.0 0.03546876357219337 0.002416527825839113
7.0 0.03324045262251268 0.03289147044098668 0.03308026521798361 0.03433267244794375 0.03462882859220571 0.03546876357219337 0.0 0.03501655666514727
8.0 0.0035352120241953916 0.003935808757828251 0.0033085228295622344 0.004842244447037052 0.004018944164249633 0.002416527825839113 0.03501655666514727 0.0
