0.0 1.0 2.0 3.0 4.0 5.0 6.0 7.0 8.0
1.0 0.0 0.001702384685113165 0.00085525785277666 0.00307291909933186 0.0015789275873050058 0.002363036048080706 0.007709918966207637 0.001937927022914408
2.0 0.001702384685113165 0.0 0.0016248415920167786 0.0025007098273566253 0.002101412184596127 0.002721532809535154 0.007498906961697059 0.0023075028397822493
3.0 0.00085525785277666 0.0016248415920167786 0.0 0.0029769379499329975 0.0014122980107228065 0.0022123133935642797 0.007610434143266253 0.001785590055203603
4.0 0.00307291909933186 0.0025007098273566253 0.0029769379499329975 0.0 0.0033243090932896513 0.0037825239493130694 0.00900608066783487 0.003330772291589657
5.0 0.0015789275873050058 0.002101412184596127 0.0014122980107228065 0.0033243090932896513 0.0 0.002239184943614788 0.00807500815253017 0.0017600219339777962
6.0 0.002363036048080706 0.002721532809535154 0.0022123133935642797 0.0037825239493130694 0.002239184943614788 0.0 0.00868019890767029 0.0017353426937699104
7.0 0.007709918966207637 0.007498906961697059 0.007610434143266253 0.00900608066783487 0.00807500815253017 0.00868019890767029 0.0 0.008303035248072427
8.0 0.001937927022914408 0.0023075028397822493 0.001785590055203603 0.003330772291589657 0.0017600219339777962 0.0017353426937699104 0.008303035248072427 0.0
