0.0 1.0 2.0 3.0 4.0 5.0 6.0 7.0 8.0
1.0 0.0 0.002260907001344763 0.0008092880245890778 0.0032201133781572158 0.001228361257922393 0.0020540499087341956 0.022334638554820714 0.0016805627195286544
2.0 0.002260907001344763 0.0 0.0021851998774747978 0.0026026776081052323 0.0023947756402756446 0.003125109737443977 0.022640967247577894 0.0027552700836561026
3.0 0.0008092880245890778 0.0021851998774747978 0.0 0.003133235160020568 0.0010756073906866416 0.001909044841056752 0.022240117118660696 0.0015340827455700083
4.0 0.0032201133781572158 0.0026026776081052323 0.003133235160020568 0.0 0.0032767333839014887 0.00394153416408697 0.02368032187235026 0.003544601542613811
5.0 0.001228361257922393 0.0023947756402756446 0.0010756073906866416 0.0032767333839014887 0.0 0.0017504915987619847 0.02243426034935657 0.001329228150358207
6.0 0.0020540499087341956 0.003125109737443977 0.001909044841056752 0.00394153416408697 0.0017504915987619847 0.0 0.023157965777742574 0.0016996364936083801
7.0 0.022334638554820714 0.022640967247577894 0.022240117118660696 0.02368032187235026 0.02243426034935657 0.023157965777742574 0.0 0.022817063319244955
8.0 0.0016805627195286544 0.0027552700836561026 0.0015340827455700083 0.003544601542613811 0.001329228150358207 0.0016996364936083801 0.022817063319244955 0.0
