0.0 1.0 2.0 3.0 4.0 5.0 6.0 7.0 8.0
1.0 0.0 0.005454371616513572 0.000913502534658714 0.006148707922195996 0.0018372626145546724 0.0037253280210314305 0.04563222254428069 0.002814349891995526
2.0 0.005454371616513572 0.0 0.005391829077733308 0.0077174138968169785 0.006058725470026227 0.007733561529635457 0.048500938795733584 0.006795034596777901
3.0 0.000913502534658714 0.005391829077733308 0.0 0.006043087420835271 0.0016483528238150926 0.0035494730674411495 0.04552256237866964 0.0026380093398817037
4.0 0.006148707922195996 0.0077174138968169785 0.006043087420835271 0.0 0.006470955325655808 0.007739278944652737 0.048317136331460175 0.00666147756535916
5.0 0.0018372626145546724 0.006058725470026227 0.0016483528238150926 0.006470955325655808 0.0 0.0036120029138145926 0.04610815812314223 0.0026395914793236686
6.0 0.0037253280210314305 0.007733561529635457 0.0035494730674411495 0.007739278944652737 0.0036120029138145926 0.0 0.047720624795519445 0.0031800502421823456
7.0 0.04563222254428069 0.048500938795733584 0.04552256237866964 0.048317136331460175 0.04610815812314223 0.047720624795519445 0.0 0.04683563418216574
8.0 0.002814349891995526 0.006795034596777901 0.0026380093398817037 0.00666147756535916 0.0026395914793236686 0.0031800502421823456 0.04683563418216574 0.0
