0.0 1.0 2.0 3.0 4.0 5.0 6.0 7.0 8.0
1.0 0.0 0.002007995287380674 0.0007965689553967156 0.0026953841430201186 0.0011105843254393163 0.0018936022424958414 0.011258404545672496 0.0015139556177357944
2.0 0.002007995287380674 0.0 0.0019538006798091954 0.002584548580985894 0.0020896336126506234 0.002794859910220651 0.011656765781509551 0.0024146275832757536
3.0 0.0007965689553967156 0.0019538006798091954 0.0 0.0026222058086378935 0.0009754505624531399 0.0017682655345812029 0.011181936027734735 0.001386432922113655
4.0 0.0026953841430201186 0.002584548580985894 0.0026222058086378935 0.0 0.0026669382584127675 0.003306307411264648 0.012412289603370541 0.002877126641931294
5.0 0.0011105843254393163 0.0020896336126506234 0.0009754505624531399 0.0026669382584127675 0.0 0.0016115719778993882 0.011295681500532478 0.001178806173511313
6.0 0.0018936022424958414 0.002794859910220651 0.0017682655345812029 0.003306307411264648 0.0016115719778993882 0.0 0.011983917049541912 0.0016695316936634667
7.0 0.011258404545672496 0.011656765781509551 0.011181936027734735 0.012412289603370541 0.011295681500532478 0.011983917049541912 0.0 0.01163736831566638
8.0 0.0015139556177357944 0.0024146275832757536 0.001386432922113655 0.002877126641931294 0.001178806173511313 0.0016695316936634667 0.01163736831566638 0.0
