"","1","2","3","4","5","6","7","8"
"1",0,547.17477124869,184.542823094127,952.901525636115,596.835588637919,1536.42421491127,1091.46435500289,1190.03253424817
"2",547.17477124869,0,730.509900386388,773.559731029296,1140.49000878176,2083.55817264976,812.196719160679,1726.87798540248
"3",184.542823094127,730.509900386388,0,1087.54814014763,423.229035763636,1354.11975096731,1210.05153385052,1019.87603332908
"4",952.901525636115,773.559731029296,1087.54814014763,0,1331.24914488323,2220.06405449567,1570.17902399847,1781.10062254793
"5",596.835588637919,1140.49000878176,423.229035763636,1331.24914488323,0,949.383906211224,1608.2238410816,596.755017412809
"6",1536.42421491127,2083.55817264976,1354.11975096731,2220.06405449567,949.383906211224,0,2429.66846668032,454.916463795462
"7",1091.46435500289,812.196719160679,1210.05153385052,1570.17902399847,1608.2238410816,2429.66846668032,0,2189.10543982282
"8",1190.03253424817,1726.87798540248,1019.87603332908,1781.10062254793,596.755017412809,454.916463795462,2189.10543982282,0
