0.0 1.0 2.0 3.0 4.0 5.0 6.0 7.0 8.0 9.0 10.0 11.0 12.0 13.0 14.0 15.0
1.0 0.0 0.0030705127918373037 0.0039447968883961505 0.002553016468760421 0.002103677510852721 0.0015604704584437459 0.00222161490692484 0.002401979514933865 0.003488906411839757 0.0015998943821092582 0.0023494925299599365 0.0038618769144770013 0.0014419452199000973 0.0045219886115164245 0.0032013309998413075
2.0 0.0030705127918373037 0.0 0.005765115445472096 0.004314441579180557 0.004000719193574463 0.0026148510000445577 0.004081730392114353 0.002445224783652644 0.0033114404640336667 0.003524117545564893 0.0038162915755059084 0.005681269033018918 0.003399165054863309 0.004416235305019092 0.004892367331044966
3.0 0.0039447968883961505 0.005765115445472096 0.0 0.003495874484988026 0.003736056829685799 0.004382244534934493 0.003061261876257118 0.005033760213592637 0.0061420119029763215 0.0034856969900470287 0.004330484093548385 0.0017889823293436502 0.003964541947033644 0.007163059587841397 0.006031362033896136
4.0 0.002553016468760421 0.004314441579180557 0.003495874484988026 0.0 0.0025710959992239196 0.002961523845851204 0.002258650756320972 0.003561337876168351 0.00467710541312636 0.002219125054583799 0.0026567745080306403 0.0033995699884930225 0.002624708768576474 0.005694733652156833 0.004583696071754841
5.0 0.002103677510852721 0.004000719193574463 0.003736056829685799 0.0025710959992239196 0.0 0.0025764199058696214 0.0018505627424870354 0.0032984027169424123 0.004396649551141545 0.0014889390394416636 0.002849020758602525 0.0036570147165041963 0.0020393954093766258 0.005422457118612708 0.004263298217940921
6.0 0.0015604704584437459 0.0026148510000445577 0.004382244534934493 0.002961523845851204 0.0025764199058696214 0.0 0.002678569788682976 0.0020571705785318245 0.0031072926051652875 0.002091311358445375 0.002598698490662478 0.004298876549869858 0.0019123748273589944 0.0041567003142748095 0.003493374155615887
7.0 0.00222161490692484 0.004081730392114353 0.003061261876257118 0.002258650756320972 0.0018505627424870354 0.002678569788682976 0.0 0.003365140523236311 0.004468287601832148 0.0016823109011478755 0.0027901162875667742 0.0029903155030872094 0.00220733460633285 0.005491757205869964 0.004344676523439464
8.0 0.002401979514933865 0.002445224783652644 0.005033760213592637 0.003561337876168351 0.0032984027169424123 0.0020571705785318245 0.003365140523236311 0.0 0.002281540303830948 0.002824054071896887 0.0029714619457866837 0.004949557585808902 0.0027318150351499865 0.003241436780764947 0.004153321164742532
9.0 0.003488906411839757 0.0033114404640336667 0.0061420119029763215 0.00467710541312636 0.004396649551141545 0.0031072926051652875 0.004468287601832148 0.002281540303830948 0.0 0.003921603148862775 0.0041188428129763765 0.006057932504170475 0.003818294179079777 0.004365131158371084 0.005263581304531553
10.0 0.0015998943821092582 0.003524117545564893 0.0034856969900470287 0.002219125054583799 0.0014889390394416636 0.002091311358445375 0.0016823109011478755 0.002824054071896887 0.003921603148862775 0.0 0.0024056114642105665 0.0034046914951009824 0.0015331462777486158 0.0049480500664981055 0.003774620917487777
11.0 0.0023494925299599365 0.0038162915755059084 0.004330484093548385 0.0026567745080306403 0.002849020758602525 0.002598698490662478 0.0027901162875667742 0.0029714619457866837 0.0041188428129763765 0.0024056114642105665 0.0 0.004243138977566112 0.0025772345694510665 0.0051219918290346675 0.004156119391334073
12.0 0.0038618769144770013 0.005681269033018918 0.0017889823293436502 0.0033995699884930225 0.0036570147165041963 0.004298876549869858 0.0029903155030872094 0.004949557585808902 0.006057932504170475 0.0034046914951009824 0.004243138977566112 0.0 0.003882444908798407 0.007078923151123955 0.005947564690740327
13.0 0.0014419452199000973 0.003399165054863309 0.003964541947033644 0.002624708768576474 0.0020393954093766258 0.0019123748273589944 0.00220733460633285 0.0027318150351499865 0.003818294179079777 0.0015331462777486158 0.0025772345694510665 0.003882444908798407 0.0 0.004849982416749274 0.003686535229189057
14.0 0.0045219886115164245 0.004416235305019092 0.007163059587841397 0.005694733652156833 0.005422457118612708 0.0041567003142748095 0.005491757205869964 0.003241436780764947 0.004365131158371084 0.0049480500664981055 0.0051219918290346675 0.007078923151123955 0.004849982416749274 0.0 0.006292503756768647
15.0 0.0032013309998413075 0.004892367331044966 0.006031362033896136 0.004583696071754841 0.004263298217940921 0.003493374155615887 0.004344676523439464 0.004153321164742532 0.005263581304531553 0.003774620917487777 0.004156119391334073 0.005947564690740327 0.003686535229189057 0.006292503756768647 0.0
