0.0 1.0 2.0 3.0 4.0 5.0 6.0 7.0 8.0 9.0 10.0 11.0 12.0 13.0 14.0 15.0 16.0
1.0 0.0 0.003485970616186847 0.002604758024036955 0.005844104307819523 0.005344035798424001 0.0022882730400919492 0.0017065814706620384 0.0029206691522233037 0.0032666736155794775 0.003067789646999213 0.0016538941028107234 0.003934314408982513 0.005344035798424001 0.0013722650412803091 0.00899601472951474 0.005433530433271107
2.0 0.003485970616186847 0.0 0.001846776979569433 0.008201650839094445 0.007700032721298711 0.0047551426658820626 0.0027611197952273113 0.005354786062777804 0.0020315574299939465 0.0017209542463533845 0.004136115256114648 0.005767409802557337 0.007700032721298711 0.0038850853037512446 0.00716710760675587 0.007251423723908383
3.0 0.002604758024036955 0.001846776979569433 0.0 0.007341023869970376 0.006839557974868737 0.003883638623867588 0.0018366009058666693 0.004486706539429357 0.0018595223477017222 0.0014324669339201225 0.0032638625997855213 0.004955114872298977 0.006839557974868737 0.003006075681144099 0.007422083766412929 0.006396305928802798
4.0 0.005844104307819523 0.008201650839094445 0.007341023869970376 0.0 0.0017248181826006355 0.005715847612630829 0.00653275205273626 0.0051498759942936075 0.007966414832267238 0.007785654688121615 0.005306591630305479 0.00731171255068692 0.0017248181826006355 0.005832535490544689 0.013703604843405378 0.010184248437937528
5.0 0.005344035798424001 0.007700032721298711 0.006839557974868737 0.0017248181826006355 0.0 0.005220819772360994 0.0060318621577630125 0.004669517966274135 0.007464669065121351 0.00728404982699048 0.00480971156111621 0.006800235011388736 0.0 0.005333489841335827 0.013201925255564705 0.00968278031733442
6.0 0.0022882730400919492 0.0047551426658820626 0.003883638623867588 0.005715847612630829 0.005220819772360994 0.0 0.0030337230871227538 0.002542087286750661 0.004529004696228137 0.004338208223418481 0.001502670093806191 0.004564420118413306 0.005220821188789601 0.0021861031920610372 0.010261480478942656 0.006730106101380024
7.0 0.0017065814706620384 0.0027611197952273113 0.0018366009058666693 0.00653275205273626 0.0060318621577630125 0.0030337230871227538 0.0 0.0036500134666269933 0.0025789299913240252 0.0023410982115532534 0.002408975194900002 0.004336061185837362 0.006031859159895011 0.0021208123957104346 0.00828382375128734 0.005642366520120892
8.0 0.0029206691522233037 0.005354786062777804 0.004486706539429357 0.0051498759942936075 0.004669517966274135 0.002542087286750661 0.0036500134666269933 0.0 0.005125771480594184 0.004938138090192373 0.002224961422026964 0.004946202020247378 0.004669518546615983 0.0028586310434321237 0.010859758762381069 0.007329547794284769
9.0 0.0032666736155794775 0.0020315574299939465 0.0018595223477017222 0.007966414832267238 0.007464669065121351 0.004529004696228137 0.0025789299913240252 0.005125771480594184 0.0 0.0017299655519656142 0.003910322082062092 0.005491814012968998 0.007464667434094983 0.0036646714049656222 0.007360209705268728 0.007005578786069734
10.0 0.003067789646999213 0.0017209542463533845 0.0014324669339201225 0.007785654688121615 0.00728404982699048 0.004338208223418481 0.0023410982115532534 0.004938138090192373 0.0017299655519656142 0.0 0.003719026662542997 0.005355623975277291 0.007284048024220696 0.0034673853790133224 0.007292188909818684 0.006832202974032971
11.0 0.0016538941028107234 0.004136115256114648 0.0032638625997855213 0.005306591630305479 0.00480971156111621 0.001502670093806191 0.002408975194900002 0.002224961422026964 0.003910322082062092 0.003719026662542997 0.0 0.003994416638751288 0.00480971194310616 0.0015448086981536858 0.009642715003359302 0.006106467958539535
12.0 0.003934314408982513 0.005767409802557337 0.004955114872298977 0.00731171255068692 0.006800235011388736 0.004564420118413306 0.004336061185837362 0.004946202020247378 0.005491814012968998 0.005355623975277291 0.003994416638751288 0.0 0.006800235909849024 0.00412707919089438 0.011250257917643731 0.007879001819189371
13.0 0.005344035798424001 0.007700032721298711 0.006839557974868737 0.0017248181826006355 0.0 0.005220821188789601 0.006031859159895011 0.004669518546615983 0.007464667434094983 0.007284048024220696 0.00480971194310616 0.006800235909849024 0.0 0.005333489841335827 0.013201925255564705 0.00968278031733442
14.0 0.0013722650412803091 0.0038850853037512446 0.003006075681144099 0.005832535490544689 0.005333489841335827 0.0021861031920610372 0.0021208123957104346 0.0028586310434321237 0.0036646714049656222 0.0034673853790133224 0.0015448086981536858 0.00412707919089438 0.005333489841335827 0.0 0.009394182294588476 0.005883717157553621
15.0 0.00899601472951474 0.00716710760675587 0.007422083766412929 0.013703604843405378 0.013201925255564705 0.010261480478942656 0.00828382375128734 0.010859758762381069 0.007360209705268728 0.007292188909818684 0.009642715003359302 0.011250257917643731 0.013201925255564705 0.009394182294588476 0.0 0.012755566960618381
16.0 0.005433530433271107 0.007251423723908383 0.006396305928802798 0.010184248437937528 0.00968278031733442 0.006730106101380024 0.005642366520120892 0.007329547794284769 0.007005578786069734 0.006832202974032971 0.006106467958539535 0.007879001819189371 0.00968278031733442 0.005883717157553621 0.012755566960618381 0.0
