0.0 1.0 2.0 3.0 4.0 5.0 6.0 7.0 8.0 9.0 10.0 11.0 12.0 13.0 14.0 15.0
1.0 0.0 0.0024344990252020754 0.006177713019503907 0.0036683801397025275 0.002649936652836152 0.0016001167313839549 0.0026274387408912188 0.002681302418663375 0.0025387745259363432 0.0015564108433985503 0.0037010670625454998 0.005810689247489223 0.0012051038319842264 0.005649092243254892 0.0019116332618819459
2.0 0.0024344990252020754 0.0 0.007530947432172891 0.004913183105940334 0.004101262476076579 0.0017903260096340803 0.004043199802506631 0.0015475755181538833 0.0012796640633854378 0.003018142758852092 0.0045381305253426605 0.007162647871011967 0.0026919685108685665 0.004406022291903006 0.0027274982372200926
3.0 0.006177713019503907 0.007530947432172891 0.0 0.005776602156077804 0.0064009499210207505 0.006769275908069119 0.005108280826135618 0.0077565275805128175 0.007621618595650276 0.0055312597493653885 0.007659554239104536 0.002235313419501044 0.005976410281048064 0.010728700275031004 0.007027130917232699
4.0 0.0036683801397025275 0.004913183105940334 0.005776602156077804 0.0 0.004193831932513844 0.00418989426012534 0.0034979433681474243 0.005126948474639122 0.004996307739328279 0.00324244968597597 0.004394615068147656 0.005382990505512957 0.0035438693655653027 0.008101651983612812 0.004420048074994919
5.0 0.002649936652836152 0.004101262476076579 0.0064009499210207505 0.004193831932513844 0.0 0.00330413170990627 0.0026725307159308994 0.004337808363802983 0.004198939612679331 0.001789938095008994 0.004818771151578205 0.006037541959326468 0.0023637605721091096 0.007307650978037868 0.0035897783482709052
6.0 0.0016001167313839549 0.0017903260096340803 0.006769275908069119 0.00418989426012534 0.00330413170990627 0.0 0.0032593607484524847 0.0020898434194376618 0.0019300440701537996 0.0022177228459754556 0.003961002602204015 0.006401428936639766 0.0018663612237402674 0.005044594527713024 0.002019995073393329
7.0 0.0026274387408912188 0.004043199802506631 0.005108280826135618 0.0034979433681474243 0.0026725307159308994 0.0032593607484524847 0.0 0.0042756141930995455 0.004138235483721451 0.0018540965697680957 0.004542800751492395 0.004752959030136662 0.0023819951161515533 0.00724634893887971 0.0035329641453385324
8.0 0.002681302418663375 0.0015475755181538833 0.0077565275805128175 0.005126948474639122 0.004337808363802983 0.0020898434194376618 0.0042756141930995455 0.0 0.0011655642985057353 0.0032554194443948463 0.00470645040888138 0.007388089461899571 0.002936250259228222 0.004094654187000278 0.0029463811237115285
9.0 0.0025387745259363432 0.0012796640633854378 0.007621618595650276 0.004996307739328279 0.004198939612679331 0.0019300440701537996 0.004138235483721451 0.0011655642985057353 0.0 0.003116294893353273 0.004592338712483663 0.0072532309419487215 0.0027946660840121595 0.0040291535142556525 0.002812528265125786
10.0 0.0015564108433985503 0.003018142758852092 0.0055312597493653885 0.00324244968597597 0.001789938095008994 0.0022177228459754556 0.0018540965697680957 0.0032554194443948463 0.003116294893353273 0.0 0.003780727109464273 0.005166829308884759 0.001266490951676289 0.0062251539344897935 0.002504500254554191
11.0 0.0037010670625454998 0.0045381305253426605 0.007659554239104536 0.004394615068147656 0.004818771151578205 0.003961002602204015 0.004542800751492395 0.00470645040888138 0.004592338712483663 0.003780727109464273 0.0 0.007283657883631426 0.0037656625568784794 0.007690927890407916 0.004143474059510839
12.0 0.005810689247489223 0.007162647871011967 0.002235313419501044 0.005382990505512957 0.006037541959326468 0.006401428936639766 0.004752959030136662 0.007388089461899571 0.0072532309419487215 0.005166829308884759 0.007283657883631426 0.0 0.005610289608560462 0.01036029081524809 0.006658959358571078
13.0 0.0012051038319842264 0.0026919685108685665 0.005976410281048064 0.0035438693655653027 0.0023637605721091096 0.0018663612237402674 0.0023819951161515533 0.002936250259228222 0.0027946660840121595 0.001266490951676289 0.0037656625568784794 0.005610289608560462 0.0 0.00590446101536098 0.002201159805777008
14.0 0.005649092243254892 0.004406022291903006 0.010728700275031004 0.008101651983612812 0.007307650978037868 0.005044594527713024 0.00724634893887971 0.004094654187000278 0.0040291535142556525 0.0062251539344897935 0.007690927890407916 0.01036029081524809 0.00590446101536098 0.0 0.005921903960447304
15.0 0.0019116332618819459 0.0027274982372200926 0.007027130917232699 0.004420048074994919 0.0035897783482709052 0.002019995073393329 0.0035329641453385324 0.0029463811237115285 0.002812528265125786 0.002504500254554191 0.004143474059510839 0.006658959358571078 0.002201159805777008 0.005921903960447304 0.0
