0.0 1.0 2.0 3.0 4.0 5.0 6.0 7.0 8.0 9.0 10.0 11.0 12.0 13.0 14.0 15.0 16.0
1.0 0.0 0.003371060645305744 0.0027439874569387106 0.004986549716492353 0.00477796085500575 0.0022518158885164678 0.001631817542821071 0.0025771151178977797 0.002932924323703798 0.005088129171888366 0.0019803202380303544 0.003527680825655827 0.00477796085500575 0.0016523998527178591 0.00912270819545824 0.006995707611377464
2.0 0.003371060645305744 0.0 0.0024997998304587717 0.007084038668679021 0.006874165531244971 0.004430128689630917 0.002930755668607658 0.004718938300821118 0.002313003190151869 0.004156827747651754 0.004175518656783988 0.005197263027046928 0.006874165531244971 0.0038764240839678182 0.007858333778587644 0.00880189513970613
3.0 0.0027439874569387106 0.0024997998304587717 0.0 0.006499504540293789 0.006289945621850403 0.003825108795822353 0.0022129070790372894 0.004123657238805944 0.002483922508182063 0.004225763622056066 0.0035691364441702692 0.0047036822465058095 0.006289945621850403 0.0032473716456491923 0.008457522635600446 0.008232827337281649
4.0 0.004986549716492353 0.007084038668679021 0.006499504540293789 0.0 0.002217770904990859 0.004854893514523714 0.005485205608606664 0.004146686699364095 0.006606616390461029 0.008800318445258186 0.004802853050966971 0.006309695045133401 0.002217770904990859 0.005194102342196107 0.012811910091981765 0.01081555618793777
5.0 0.00477796085500575 0.006874165531244971 0.006289945621850403 0.002217770904990859 0.0 0.0046517087230363765 0.005276181866318621 0.003959143660368726 0.006396430377863848 0.008590429872169947 0.004596976726014661 0.006093742951378087 0.0 0.004986450406729003 0.012601855866464055 0.010605907935187685
6.0 0.0022518158885164678 0.004430128689630917 0.003825108795822353 0.004854893514523714 0.0046517087230363765 0.0 0.0027750500636795497 0.002258091166781926 0.003972932080120195 0.006147364373862142 0.0018872343609694741 0.004044768453209169 0.00465170856440539 0.0023797358492633164 0.010169700399190816 0.008150912890754047
7.0 0.001631817542821071 0.002930755668607658 0.0022129070790372894 0.005485205608606664 0.005276181866318621 0.0027750500636795497 0.0 0.0030909273081616223 0.002582551225995563 0.004653467141125574 0.0025142360655481797 0.003854493395552334 0.005276182272216759 0.002151112902436514 0.008728688107376294 0.007223633753627316
8.0 0.0025771151178977797 0.004718938300821118 0.004123657238805944 0.004146686699364095 0.003959143660368726 0.002258091166781926 0.0030909273081616223 0.0 0.004252174525243339 0.006435729558838072 0.0023011188921145793 0.004150516347811018 0.003959143507742766 0.002752799197827865 0.010453004503294994 0.008442198368636841
9.0 0.002932924323703798 0.002313003190151869 0.002483922508182063 0.006606616390461029 0.006396430377863848 0.003972932080120195 0.002582551225995563 0.004252174525243339 0.0 0.004023074170736013 0.003719202499734143 0.004630332853673784 0.00639643018150692 0.003442126004004071 0.007719014898866963 0.008299101686421263
10.0 0.005088129171888366 0.004156827747651754 0.004225763622056066 0.008800318445258186 0.008590429872169947 0.006147364373862142 0.004653467141125574 0.006435729558838072 0.004023074170736013 0.0 0.00589264103609145 0.006909515498822898 0.008590429416584144 0.005594577699318771 0.010043480883155164 0.010511492407435093
11.0 0.0019803202380303544 0.004175518656783988 0.0035691364441702692 0.004802853050966971 0.004596976726014661 0.0018872343609694741 0.0025142360655481797 0.0023011188921145793 0.003719202499734143 0.00589264103609145 0.0 0.003822040280106622 0.004596976377965675 0.0021104410518485443 0.00991570170313448 0.007889249516469358
12.0 0.003527680825655827 0.005197263027046928 0.0047036822465058095 0.006309695045133401 0.006093742951378087 0.004044768453209169 0.003854493395552334 0.004150516347811018 0.004630332853673784 0.006909515498822898 0.003822040280106622 0.0 0.00609374331382327 0.0038982170689596395 0.010873511219894192 0.009090545204701182
13.0 0.00477796085500575 0.006874165531244971 0.006289945621850403 0.002217770904990859 0.0 0.00465170856440539 0.005276182272216759 0.003959143507742766 0.00639643018150692 0.008590429416584144 0.004596976377965675 0.00609374331382327 0.0 0.004986450406729003 0.012601855866464055 0.010605907935187685
14.0 0.0016523998527178591 0.0038764240839678182 0.0032473716456491923 0.005194102342196107 0.004986450406729003 0.0023797358492633164 0.002151112902436514 0.002752799197827865 0.003442126004004071 0.005594577699318771 0.0021104410518485443 0.0038982170689596395 0.004986450406729003 0.0 0.009629000025647115 0.0076206641476737015
15.0 0.00912270819545824 0.007858333778587644 0.008457522635600446 0.012811910091981765 0.012601855866464055 0.010169700399190816 0.008728688107376294 0.010453004503294994 0.007719014898866963 0.010043480883155164 0.00991570170313448 0.010873511219894192 0.012601855866464055 0.009629000025647115 0.0 0.014524490815367042
16.0 0.006995707611377464 0.00880189513970613 0.008232827337281649 0.01081555618793777 0.010605907935187685 0.008150912890754047 0.007223633753627316 0.008442198368636841 0.008299101686421263 0.010511492407435093 0.007889249516469358 0.009090545204701182 0.010605907935187685 0.0076206641476737015 0.014524490815367042 0.0
