0.0 1.0 2.0 3.0 4.0 5.0 6.0 7.0 8.0 9.0 10.0 11.0 12.0 13.0 14.0 15.0 16.0
1.0 0.0 0.0037206571128747387 0.002965324587971943 0.0047085349370794465 0.004569436888886537 0.0028542747043269062 0.0020308976443779376 0.003015341687893108 0.003338419015722299 0.003220842179765691 0.0018581967155815201 0.004298413401142766 0.004569436888886537 0.0015639242341063554 0.0051737003370536955 0.008688288377087693
2.0 0.0037206571128747387 0.0 0.0017050583785748015 0.00682556952516641 0.006684027643772079 0.005186687066248646 0.0027199138886854863 0.005252563787215586 0.0016476042602052996 0.0014293430402778874 0.004221695109329007 0.005546176954094083 0.006684027643772079 0.003958590530625085 0.003047322073377481 0.010149532530406458
3.0 0.002965324587971943 0.0017050583785748015 0.0 0.006115672538246786 0.005974385613670677 0.0044539231473581554 0.0019061833996486133 0.004530144218491808 0.0015173141856101528 0.0012342196257455343 0.0034865617998941435 0.004925998262177562 0.005974385613670677 0.003210484948288979 0.0032090586294553167 0.009459460487951571
4.0 0.0047085349370794465 0.00682556952516641 0.006115672538246786 0.0 0.0013849586184913887 0.004443107320029954 0.00536281195791422 0.0032618263876566553 0.00641117333301942 0.006322122293519133 0.0037507300238192776 0.005865176253821757 0.0013849586184913887 0.004313081441173255 0.008268976170916138 0.011832073023123644
5.0 0.004569436888886537 0.006684027643772079 0.005974385613670677 0.0013849586184913887 0.0 0.004307547515973315 0.005222492111112364 0.003132124705073553 0.006269446732933429 0.0061805582942854 0.003614190717161882 0.005714953907480377 0.0 0.004175126937355624 0.008127379318658286 0.011690617201779198
6.0 0.0028542747043269062 0.005186687066248646 0.0044539231473581554 0.004443107320029954 0.004307547515973315 0.0 0.0036145505208150606 0.002573013904358648 0.004788854969099039 0.004685211330142135 0.0016698299198294989 0.005003014649530275 0.004307546495524166 0.00234433322119773 0.006635003953299768 0.010188617965414457
7.0 0.0020308976443779376 0.0027199138886854863 0.0019061833996486133 0.00536281195791422 0.005222492111112364 0.0036145505208150606 0.0 0.003729738995940157 0.002378750719767968 0.0022252289416085968 0.0026365017502151303 0.004514902395638072 0.005222492495910726 0.002308910144932009 0.00418440977591014 0.008802788299142245
8.0 0.003015341687893108 0.005252563787215586 0.004530144218491808 0.0032618263876566553 0.003132124705073553 0.002573013904358648 0.003729738995940157 0.0 0.004847219671732765 0.0047501880516651355 0.0019314360336238766 0.0047181550267795785 0.0031321248854812387 0.0025635741798790516 0.00669866038558292 0.010254765106986835
9.0 0.003338419015722299 0.0016476042602052996 0.0015173141856101528 0.00641117333301942 0.006269446732933429 0.004788854969099039 0.002378750719767968 0.004847219671732765 0.0 0.0011499076900892595 0.0038254114032100586 0.005066692091810286 0.006269445554966986 0.0035715093612349183 0.0029656908029108385 0.009718859075064996
10.0 0.003220842179765691 0.0014293430402778874 0.0012342196257455343 0.006322122293519133 0.0061805582942854 0.004685211330142135 0.0022252289416085968 0.0047501880516651355 0.0011499076900892595 0.0 0.0037203595537394596 0.0050349461063877304 0.006180557469843929 0.0034583301476753597 0.0028918015564042086 0.009642026498535183
11.0 0.0018581967155815201 0.004221695109329007 0.0034865617998941435 0.0037507300238192776 0.003614190717161882 0.0016698299198294989 0.0026365017502151303 0.0019314360336238766 0.0038254114032100586 0.0037203595537394596 0.0 0.0041186380059381935 0.00361419081801952 0.001339523243703288 0.005670499398899596 0.009218292755072265
12.0 0.004298413401142766 0.005546176954094083 0.004925998262177562 0.005865176253821757 0.005714953907480377 0.005003014649530275 0.004514902395638072 0.0047181550267795785 0.005066692091810286 0.0050349461063877304 0.0041186380059381935 0.0 0.0057149560939312935 0.004254582146877343 0.006970531734668491 0.010656591023323957
13.0 0.004569436888886537 0.006684027643772079 0.005974385613670677 0.0013849586184913887 0.0 0.004307546495524166 0.005222492495910726 0.0031321248854812387 0.006269445554966986 0.006180557469843929 0.00361419081801952 0.0057149560939312935 0.0 0.004175126937355624 0.008127379318658286 0.011690617201779198
14.0 0.0015639242341063554 0.003958590530625085 0.003210484948288979 0.004313081441173255 0.004175126937355624 0.00234433322119773 0.002308910144932009 0.0025635741798790516 0.0035715093612349183 0.0034583301476753597 0.001339523243703288 0.004254582146877343 0.004175126937355624 0.0 0.005410099951057484 0.009010204608444022
15.0 0.0051737003370536955 0.003047322073377481 0.0032090586294553167 0.008268976170916138 0.008127379318658286 0.006635003953299768 0.00418440977591014 0.00669866038558292 0.0029656908029108385 0.0028918015564042086 0.005670499398899596 0.006970531734668491 0.008127379318658286 0.005410099951057484 0.0 0.011590874879391956
16.0 0.008688288377087693 0.010149532530406458 0.009459460487951571 0.011832073023123644 0.011690617201779198 0.010188617965414457 0.008802788299142245 0.010254765106986835 0.009718859075064996 0.009642026498535183 0.009218292755072265 0.010656591023323957 0.011690617201779198 0.009010204608444022 0.011590874879391956 0.0
