0.0 1.0 2.0 3.0 4.0 5.0 6.0 7.0 8.0 9.0 10.0 11.0 12.0 13.0 14.0 15.0
1.0 0.0 1.011294734955092 1.2231368955919417 1.0202453939670293 0.9651661586127587 0.8715093084804149 1.0594068108617818 1.060361371151159 1.052645651849463 0.8947760599331039 0.9188921229045726 1.2002695465606155 0.799103538619578 1.269503000420232 0.7813292279322672
2.0 1.011294734955092 0.0 1.3983791739574154 1.1973048607343215 1.148985942147471 0.9108720730123394 1.2375609396093252 0.9072004380752872 0.8285280214977448 1.1045881009797593 1.0671007417913265 1.3755148049700816 1.0440144904117454 1.105531007381648 0.9836804829823338
3.0 1.2231368955919417 1.3983791739574154 0.0 1.05459250866019 1.130792338972953 1.2984866777054667 1.0653822176364094 1.4367387949125394 1.4335576893386488 1.1439016440792513 1.2195190271777594 0.7035466762233056 1.2009597205483313 1.643261714799655 1.2518930865551878
4.0 1.0202453939670293 1.1973048607343215 1.05459250866019 0.0 0.987565170308218 1.0988737667792738 0.9944244643818303 1.2301436814692086 1.2294324589508698 0.9599128709819503 0.9884899901459867 1.0274132612554752 1.0120549610383023 1.4377583810064938 1.0432539253827275
5.0 0.9651661586127587 1.148985942147471 1.130792338972953 0.987565170308218 0.0 1.0422732447199337 0.8872050663965445 1.2001699052983437 1.1912838454822245 0.8249091489677768 1.0312063306999977 1.1104042263507208 0.9064463526301232 1.4047426267260177 1.0112601865333353
6.0 0.8715093084804149 0.9108720730123394 1.2984866777054667 1.0988737667792738 1.0422732447199337 0.0 1.1342586137324009 0.9893825046542783 0.9698036807230337 0.9934045085969921 0.9788622437654539 1.2757218378718438 0.9189537626624489 1.199945295458302 0.8440346512205441
7.0 1.0594068108617818 1.2375609396093252 1.0653822176364094 0.9944244643818303 0.8872050663965445 1.1342586137324009 0.0 1.2837704511709211 1.277086045977812 0.9532682837038745 1.0950529185702942 1.0480788531960967 1.019448953897217 1.4890244642949073 1.0973174935747094
8.0 1.060361371151159 0.9072004380752872 1.4367387949125394 1.2301436814692086 1.2001699052983437 0.9893825046542783 1.2837704511709211 0.0 0.810309056301509 1.1525974334941065 1.08141492457527 1.413582801397144 1.1000376770205111 1.0490102562189623 1.0227707945682645
9.0 1.052645651849463 0.8285280214977448 1.4335576893386488 1.2294324589508698 1.1912838454822245 0.9698036807230337 1.277086045977812 0.810309056301509 0.0 1.1451796340431435 1.0889298796682947 1.4105321017121564 1.0891772773750004 1.0510313778000226 1.0193196546918628
10.0 0.8947760599331039 1.1045881009797593 1.1439016440792513 0.9599128709819503 0.8249091489677768 0.9934045085969921 0.9532682837038745 1.1525974334941065 1.1451796340431435 0.0 0.9727813629287796 1.1217446471067758 0.8302662690734111 1.3585009284812137 0.9500914742451076
11.0 0.9188921229045726 1.0671007417913265 1.2195190271777594 0.9884899901459867 1.0312063306999977 0.9788622437654539 1.0950529185702942 1.08141492457527 1.0889298796682947 0.9727813629287796 0.0 1.1952729393536594 0.9617245186587462 1.293080254399564 0.8979883591895248
12.0 1.2002695465606155 1.3755148049700816 0.7035466762233056 1.0274132612554752 1.1104042263507208 1.2757218378718438 1.0480788531960967 1.413582801397144 1.4105321017121564 1.1217446471067758 1.1952729393536594 0.0 1.1787171360106816 1.6201570935625027 1.228728224250534
13.0 0.799103538619578 1.0440144904117454 1.2009597205483313 1.0120549610383023 0.9064463526301232 0.9189537626624489 1.019448953897217 1.1000376770205111 1.0891772773750004 0.8302662690734111 0.9617245186587462 1.1787171360106816 0.0 1.3055308764461497 0.8868107282775068
14.0 1.269503000420232 1.105531007381648 1.643261714799655 1.4377583810064938 1.4047426267260177 1.199945295458302 1.4890244642949073 1.0490102562189623 1.0510313778000226 1.3585009284812137 1.293080254399564 1.6201570935625027 1.3055308764461497 0.0 1.2367239481825671
15.0 0.7813292279322672 0.9836804829823338 1.2518930865551878 1.0432539253827275 1.0112601865333353 0.8440346512205441 1.0973174935747094 1.0227707945682645 1.0193196546918628 0.9500914742451076 0.8979883591895248 1.228728224250534 0.8868107282775068 1.2367239481825671 0.0
