0.0 1.0 2.0 3.0 4.0 5.0 6.0 7.0 8.0 9.0 10.0 11.0 12.0 13.0 14.0 15.0
1.0 0.0 0.002111856920938446 0.004156937616341218 0.002352872794523592 0.0023481419826001434 0.0014744982110068616 0.0024781021353109485 0.0022574305369577104 0.0021750120510631524 0.0013443023636124929 0.005801787098691155 0.003976180699593624 0.001149008265521594 0.003601613239335947 0.00198484143522702
2.0 0.002111856920938446 0.0 0.005407775255159809 0.0035784062738120014 0.0036399437753106 0.001479866127756213 0.003740858667544796 0.0012048323809330328 0.0010250554062482668 0.0026426122250480313 0.006469835078340681 0.005226783983131396 0.0024591248881179265 0.002452414271024682 0.002667206493211349
3.0 0.004156937616341218 0.005407775255159809 0.0 0.0033169558822462608 0.004397652235338324 0.004808217650125342 0.0032868183225709616 0.005543855395966444 0.0054648867895623395 0.003571076522735705 0.00794048580310057 0.0020813324858352618 0.004016141121168797 0.006890423258394047 0.005312820274403945
4.0 0.002352872794523592 0.0035784062738120014 0.0033169558822462608 0.0 0.002690827690842932 0.0029875943902937883 0.0019996243529370314 0.0037121160157713344 0.0036340165030861564 0.0018231746255816853 0.0058124456946914045 0.003129069070106464 0.0022303760478431245 0.005059301714505311 0.0034953811541976443
5.0 0.0023481419826001434 0.0036399437753106 0.004397652235338324 0.002690827690842932 0.0 0.0030257829912042466 0.002666019535736361 0.003779986887026991 0.0036995679937914935 0.0016381696040436064 0.006660624333346219 0.004217853869631119 0.002159141800264582 0.005125525821626543 0.0035273732697597864
6.0 0.0014744982110068616 0.001479866127756213 0.004808217650125342 0.0029875943902937883 0.0030257829912042466 0.0 0.0031371712400176483 0.0016648651079015355 0.0015701720252694826 0.002026468204111666 0.006068210572564008 0.004627308015947986 0.0018286267951708511 0.0029986207996804664 0.0021358008296079923
7.0 0.0024781021353109485 0.003740858667544796 0.0032868183225709616 0.0019996243529370314 0.002666019535736361 0.0031371712400176483 0.0 0.003878061178414309 0.0037986813321001945 0.001864581123178897 0.006413355679280391 0.0031123631395381535 0.0023283807321364857 0.005224340787280957 0.0036403094551445913
8.0 0.0022574305369577104 0.0012048323809330328 0.005543855395966444 0.0037121160157713344 0.003779986887026991 0.0016648651079015355 0.003878061178414309 0.0 0.0009278667599574679 0.0027830551416339975 0.006552322239794718 0.005362842161855825 0.0026028501149943165 0.002230881528030625 0.002797450634829351
9.0 0.0021750120510631524 0.0010250554062482668 0.0054648867895623395 0.0036340165030861564 0.0036995679937914935 0.0015701720252694826 0.0037986813321001945 0.0009278667599574679 0.0 0.002702490691535324 0.006493062342087363 0.005283881659806207 0.002521126042238548 0.0021782699780206125 0.002719508635309303
10.0 0.0013443023636124929 0.0026426122250480313 0.003571076522735705 0.0018231746255816853 0.0016381696040436064 0.002026468204111666 0.001864581123178897 0.0027830551416339975 0.002702490691535324 0.0 0.005721713613309802 0.0033908460327797514 0.0011554306699854586 0.004128515251902372 0.002526664755912555
11.0 0.005801787098691155 0.006469835078340681 0.00794048580310057 0.0058124456946914045 0.006660624333346219 0.006068210572564008 0.006413355679280391 0.006552322239794718 0.006493062342087363 0.005721713613309802 0.0 0.007756741361715051 0.005871922758431191 0.007912952835557891 0.006686475765330293
12.0 0.003976180699593624 0.005226783983131396 0.0020813324858352618 0.003129069070106464 0.004217853869631119 0.004627308015947986 0.0031123631395381535 0.005362842161855825 0.005283881659806207 0.0033908460327797514 0.007756741361715051 0.0 0.003835555306047119 0.006709415620778265 0.005131939527420911
13.0 0.001149008265521594 0.0024591248881179265 0.004016141121168797 0.0022303760478431245 0.002159141800264582 0.0018286267951708511 0.0023283807321364857 0.0026028501149943165 0.002521126042238548 0.0011554306699854586 0.005871922758431191 0.003835555306047119 0.0 0.003947472218873446 0.0023546706991416214
14.0 0.003601613239335947 0.002452414271024682 0.006890423258394047 0.005059301714505311 0.005125525821626543 0.0029986207996804664 0.005224340787280957 0.002230881528030625 0.0021782699780206125 0.004128515251902372 0.007912952835557891 0.006709415620778265 0.003947472218873446 0.0 0.004145856213725157
15.0 0.00198484143522702 0.002667206493211349 0.005312820274403945 0.0034953811541976443 0.0035273732697597864 0.0021358008296079923 0.0036403094551445913 0.002797450634829351 0.002719508635309303 0.002526664755912555 0.006686475765330293 0.005131939527420911 0.0023546706991416214 0.004145856213725157 0.0
