0.0 1.0 2.0 3.0 4.0 5.0 6.0 7.0 8.0 9.0
1.0 0.0 0.010360151642361561 0.0026977267788142792 0.001120176246877846 0.00621234359019142 0.011734519360584991 0.003684515139475043 0.004991961620866937 0.010906204661042099
2.0 0.010360151642361561 0.0 0.009329959060652862 0.010208989280329903 0.012821515977009269 0.0024610705609253193 0.010483712389665261 0.01298335000643603 0.0012845929892806376
3.0 0.0026977267788142792 0.009329959060652862 0.0 0.002516379380540159 0.0050919371141615755 0.010732007746023908 0.0025655117735303807 0.005911240258501798 0.009875393862267268
4.0 0.001120176246877846 0.010208989280329903 0.002516379380540159 0.0 0.006031696711964496 0.011586204656533747 0.003503459465297146 0.005048605470031487 0.010755068048505071
5.0 0.00621234359019142 0.012821515977009269 0.0050919371141615755 0.006031696711964496 0.0 0.014198339618014692 0.003344355710734717 0.009415335776682557 0.013363609024727545
6.0 0.011734519360584991 0.0024610705609253193 0.010732007746023908 0.011586204656533747 0.014198339618014692 0.0 0.011870986146601582 0.014296194684711244 0.002981327940560047
7.0 0.003684515139475043 0.010483712389665261 0.0025655117735303807 0.003503459465297146 0.003344355710734717 0.011870986146601582 0.0 0.006895646830932571 0.01102765935164085
8.0 0.004991961620866937 0.01298335000643603 0.005911240258501798 0.005048605470031487 0.009415335776682557 0.014296194684711244 0.006895646830932571 0.0 0.013528665155127038
9.0 0.010906204661042099 0.0012845929892806376 0.009875393862267268 0.010755068048505071 0.013363609024727545 0.002981327940560047 0.01102765935164085 0.013528665155127038 0.0
