0.0 1.0 2.0 3.0 4.0 5.0 6.0 7.0 8.0 9.0
1.0 0.0 0.010386684195116978 0.0027568914796659554 0.0009512774000403994 0.005736055359013821 0.011666164944873169 0.003509273386400752 0.006037041077687327 0.010976675989603573
2.0 0.010386684195116978 0.0 0.009177672653667805 0.010178511337255761 0.01217504824517735 0.0022865124174669387 0.01008603444854698 0.014032253945455412 0.001260556370741692
3.0 0.0027568914796659554 0.009177672653667805 0.0 0.0025182923877694946 0.0043839677451978105 0.010486219275315931 0.0021581716572474895 0.0070336343401989024 0.009767328481746882
4.0 0.0009512774000403994 0.010178511337255761 0.0025182923877694946 0.0 0.005497860326178045 0.011460738516634431 0.0032707807375106576 0.0060435189806483346 0.010768534848206142
5.0 0.005736055359013821 0.01217504824517735 0.0043839677451978105 0.005497860326178045 0.0 0.013464566963435471 0.002963130916283846 0.010006852549077872 0.012762221759531648
6.0 0.011666164944873169 0.0022865124174669387 0.010486219275315931 0.011460738516634431 0.013464566963435471 0.0 0.011383039249054126 0.015249582619500731 0.0028485796903810045
7.0 0.003509273386400752 0.01008603444854698 0.0021581716572474895 0.0032707807375106576 0.002963130916283846 0.011383039249054126 0.0 0.007786357187918175 0.01067455395004784
8.0 0.006037041077687327 0.014032253945455412 0.0070336343401989024 0.0060435189806483346 0.010006852549077872 0.015249582619500731 0.007786357187918175 0.0 0.014621364272804338
9.0 0.010976675989603573 0.001260556370741692 0.009767328481746882 0.010768534848206142 0.012762221759531648 0.0028485796903810045 0.01067455395004784 0.014621364272804338 0.0
