0.0 1.0 2.0 3.0 4.0 5.0 6.0 7.0 8.0 9.0
1.0 0.0 0.23496936222920775 0.1958231661982513 0.13167723678549328 0.6220226622798898 0.44323984641315595 0.2600671293855931 0.19165115422682127 0.319165059526626
2.0 0.23496936222920775 0.0 0.17345125949253276 0.282710329689311 0.6219409574039215 0.2937811718602279 0.275392193724255 0.3002614112883581 0.1360344482692567
3.0 0.1958231661982513 0.17345125949253276 0.0 0.24208054687581745 0.5762844221401172 0.39600757846062185 0.21875293323581912 0.2663767698287566 0.25762984380112464
4.0 0.13167723678549328 0.282710329689311 0.24208054687581745 0.0 0.6682952019548473 0.49204576967976865 0.3061464919158416 0.24812090470721698 0.36695376330466734
5.0 0.6220226622798898 0.6219409574039215 0.5762844221401172 0.6682952019548473 0.0 0.8323795424414426 0.50119136038746 0.6918633208790275 0.703600775702752
6.0 0.44323984641315595 0.2937811718602279 0.39600757846062185 0.49204576967976865 0.8323795424414426 0.0 0.4894102659846454 0.5037036045152827 0.37028922679475484
7.0 0.2600671293855931 0.275392193724255 0.21875293323581912 0.3061464919158416 0.50119136038746 0.4894102659846454 0.0 0.3306303900556982 0.3583744024999256
8.0 0.19165115422682127 0.3002614112883581 0.2663767698287566 0.24812090470721698 0.6918633208790275 0.5037036045152827 0.3306303900556982 0.0 0.3841944705744367
9.0 0.319165059526626 0.1360344482692567 0.25762984380112464 0.36695376330466734 0.703600775702752 0.37028922679475484 0.3583744024999256 0.3841944705744367 0.0
