0.0 1.0 2.0 3.0 4.0 5.0 6.0 7.0 8.0 9.0
1.0 0.0 0.018363414283134344 0.0026642584988941405 0.0011141551249813095 0.005459743820044872 0.01970792794256127 0.0034249594028260993 0.007769392352278364 0.01899044453913009
2.0 0.018363414283134344 0.0 0.017268697324892213 0.018215154172581502 0.02007430799392115 0.0024123357143090614 0.018185951292730762 0.023280401409546327 0.0013511779679536082
3.0 0.0026642584988941405 0.017268697324892213 0.0 0.0024837507974585634 0.0042428469237575685 0.018627588645206705 0.002208620068507522 0.00872026822413455 0.01789551757572589
4.0 0.0011141551249813095 0.018215154172581502 0.0024837507974585634 0.0 0.005279528149211194 0.01956118958489848 0.003244579274500076 0.00784742222897918 0.018842197020523796
5.0 0.005459743820044872 0.02007430799392115 0.0042428469237575685 0.005279528149211194 0.0 0.021422534502596385 0.002713326380482889 0.011509843600938522 0.020699823689557105
6.0 0.01970792794256127 0.0024123357143090614 0.018627588645206705 0.01956118958489848 0.021422534502596385 0.0 0.01953838408850137 0.024566195092720046 0.003016723985782368
7.0 0.0034249594028260993 0.018185951292730762 0.002208620068507522 0.003244579274500076 0.002713326380482889 0.01953838408850137 0.0 0.009480944138650341 0.018812165752590655
8.0 0.007769392352278364 0.023280401409546327 0.00872026822413455 0.00784742222897918 0.011509843600938522 0.024566195092720046 0.009480944138650341 0.0 0.02390677330328174
9.0 0.01899044453913009 0.0013511779679536082 0.01789551757572589 0.018842197020523796 0.020699823689557105 0.003016723985782368 0.018812165752590655 0.02390677330328174 0.0
