0.0 1.0 2.0 3.0 4.0 5.0 6.0 7.0 8.0 9.0
1.0 0.0 0.006203298326426122 0.0033950317674877866 0.0018124367563880114 0.006322221118559882 0.008482163425638928 0.004030280791436396 0.003687354518433901 0.00664660039660335
2.0 0.006203298326426122 0.0 0.0050443409624959055 0.006352063411206239 0.008387211430983891 0.003511694850183312 0.006248340663515839 0.00735927744457512 0.0012802528542970454
3.0 0.0033950317674877866 0.0050443409624959055 0.0 0.003511401175995223 0.005426945970485797 0.007407061110223455 0.003137350121575006 0.00479226718741767 0.0054843726160432905
4.0 0.0018124367563880114 0.006352063411206239 0.003511401175995223 0.0 0.006439008180776121 0.008638897039684495 0.004146062035011637 0.004055037543383465 0.00679544563877383
5.0 0.006322221118559882 0.008387211430983891 0.005426945970485797 0.006439008180776121 0.0 0.010682858195101556 0.0036324208752832408 0.007714709238986795 0.008820917432556542
6.0 0.008482163425638928 0.003511694850183312 0.007407061110223455 0.008638897039684495 0.010682858195101556 0.0 0.008562033284426777 0.00956943936133519 0.00391844819874293
7.0 0.004030280791436396 0.006248340663515839 0.003137350121575006 0.004146062035011637 0.0036324208752832408 0.008562033284426777 0.0 0.005430683654526113 0.006685726947137521
8.0 0.003687354518433901 0.00735927744457512 0.00479226718741767 0.004055037543383465 0.007714709238986795 0.00956943936133519 0.005430683654526113 0.0 0.007801571913619472
9.0 0.00664660039660335 0.0012802528542970454 0.0054843726160432905 0.00679544563877383 0.008820917432556542 0.00391844819874293 0.006685726947137521 0.007801571913619472 0.0
