0.0 1.0 2.0 3.0 4.0 5.0 6.0 7.0 8.0 9.0
1.0 0.0 0.006876409286290263 0.0029082525989548398 0.0016543152588869552 0.006315299731969783 0.008893775680044923 0.0038331782853056923 0.0037735451887589942 0.007675929437195601
2.0 0.006876409286290263 0.0 0.005858526519950444 0.007151631583589689 0.009551346534800293 0.0031625515471292043 0.007212058419645857 0.008444025412091476 0.001557915857439732
3.0 0.0029082525989548398 0.005858526519950444 0.0 0.0031596150199334457 0.005479423683844034 0.007933211530465077 0.003001758580368745 0.004749258226320802 0.006655970917037585
4.0 0.0016543152588869552 0.007151631583589689 0.0031596150199334457 0.0 0.006567214692275945 0.009173576618271048 0.004084599493483386 0.004215575504318966 0.00795120375459724
5.0 0.006315299731969783 0.009551346534800293 0.005479423683844034 0.006567214692275945 0.0 0.011574266906155047 0.003908803408975415 0.008151561521305528 0.0103433982844609
6.0 0.008893775680044923 0.0031625515471292043 0.007933211530465077 0.009173576618271048 0.011574266906155047 0.0 0.009250304652642136 0.0104021696679534 0.003922866522192285
7.0 0.0038331782853056923 0.007212058419645857 0.003001758580368745 0.004084599493483386 0.003908803408975415 0.009250304652642136 0.0 0.005675245714962042 0.00800703471828525
8.0 0.0037735451887589942 0.008444025412091476 0.004749258226320802 0.004215575504318966 0.008151561521305528 0.0104021696679534 0.005675245714962042 0.0 0.009242630771063461
9.0 0.007675929437195601 0.001557915857439732 0.006655970917037585 0.00795120375459724 0.0103433982844609 0.003922866522192285 0.00800703471828525 0.009242630771063461 0.0
