0.0 1.0 2.0 3.0 4.0 5.0 6.0 7.0
1.0 0.0 0.0008456160828924414 0.004360943920838685 0.00413196680610626 0.001237198498917945 0.0013195739932960518 0.003752942490493553
2.0 0.0008456160828924414 0.0 0.004399855023793967 0.004194484317525904 0.0010681211664831278 0.0014718192091252831 0.0038163680995598284
3.0 0.004360943920838685 0.004399855023793967 0.0 0.003372024702796599 0.0046254137055355615 0.0047972781728513395 0.0029541690077286987
4.0 0.00413196680610626 0.004194484317525904 0.003372024702796599 0.0 0.00442866553945461 0.004484750374498091 0.0011057508412731331
5.0 0.001237198498917945 0.0010681211664831278 0.0046254137055355615 0.00442866553945461 0.0 0.0018162693990601375 0.00405249031599819
6.0 0.0013195739932960518 0.0014718192091252831 0.0047972781728513395 0.004484750374498091 0.0018162693990601375 0.0 0.004106687358341528
7.0 0.003752942490493553 0.0038163680995598284 0.0029541690077286987 0.0011057508412731331 0.00405249031599819 0.004106687358341528 0.0
