0.0 1.0 2.0 3.0 4.0 5.0 6.0 7.0
1.0 0.0 0.0008920361036657707 0.014086560036660945 0.012278126747777892 0.0013975268005993683 0.0016465266236355032 0.012133256786975789
2.0 0.0008920361036657707 0.0 0.014123574063098042 0.01233795317590751 0.0011924004546822041 0.0017822940633373929 0.012193317700035788
3.0 0.014086560036660945 0.014123574063098042 0.0 0.0081355503099605 0.014427081241339946 0.014749848650298502 0.007933369237081003
4.0 0.012278126747777892 0.01233795317590751 0.0081355503099605 0.0 0.012651875441122017 0.012866042606049738 0.00133758877615342
5.0 0.0013975268005993683 0.0011924004546822041 0.014427081241339946 0.012651875441122017 0.0 0.002211434866786548 0.012507871441080839
6.0 0.0016465266236355032 0.0017822940633373929 0.014749848650298502 0.012866042606049738 0.002211434866786548 0.0 0.01272178159972975
7.0 0.012133256786975789 0.012193317700035788 0.007933369237081003 0.00133758877615342 0.012507871441080839 0.01272178159972975 0.0
