0.0 1.0 2.0 3.0 4.0 5.0 6.0 7.0
1.0 0.0 0.0008468237139131748 0.10467178848374056 0.08779505515001196 0.0013000796832441015 0.0017398368105987871 0.08731388613732621
2.0 0.0008468237139131748 0.0 0.10471224463595166 0.08786015882671608 0.001076928435609855 0.0019400006421120925 0.08737901694777389
3.0 0.10467178848374056 0.10471224463595166 0.0 0.05304844587389759 0.10498841724071493 0.1054228916996674 0.05251924438871722
4.0 0.08779505515001196 0.08786015882671608 0.05304844587389759 0.0 0.08815110691440954 0.08845420158306463 0.0011332126051385588
5.0 0.0013000796832441015 0.001076928435609855 0.10498841724071493 0.08815110691440954 0.0 0.0023850171974309875 0.08767002835535007
6.0 0.0017398368105987871 0.0019400006421120925 0.1054228916996674 0.08845420158306463 0.0023850171974309875 0.0 0.0879730868318784
7.0 0.08731388613732621 0.08737901694777389 0.05251924438871722 0.0011332126051385588 0.08767002835535007 0.0879730868318784 0.0
