0.0 1.0 2.0 3.0 4.0 5.0 6.0 7.0
1.0 0.0 0.0008746543301456341 0.02113316350872053 0.018379928742105353 0.0013158252721156619 0.0015982879132952006 0.01802933581616766
2.0 0.0008746543301456341 0.0 0.021148133467120706 0.018413898343300233 0.0011040448231958023 0.0017119447185834046 0.01806340961748517
3.0 0.02113316350872053 0.021148133467120706 0.0 0.01078022902078958 0.02140955085647265 0.021715584278961458 0.010372531531029405
4.0 0.018379928742105353 0.018413898343300233 0.01078022902078958 0.0 0.018684730221836053 0.018892804480091487 0.0010597893606319499
5.0 0.0013158252721156619 0.0011040448231958023 0.02140955085647265 0.018684730221836053 0.0 0.0020935675796499745 0.018334544606863026
6.0 0.0015982879132952006 0.0017119447185834046 0.021715584278961458 0.018892804480091487 0.0020935675796499745 0.0 0.01854260422692644
7.0 0.01802933581616766 0.01806340961748517 0.010372531531029405 0.0010597893606319499 0.018334544606863026 0.01854260422692644 0.0
