0.0 1.0 2.0 3.0 4.0 5.0 6.0 7.0
1.0 0.0 0.0008368288030053564 0.01566547073707448 0.013660001789716006 0.0012611263391788682 0.001535499760949876 0.01317563572082945
2.0 0.0008368288030053564 0.0 0.01570555403223857 0.013723664951368012 0.0010545299680899752 0.0017168019183597368 0.013239501324192465
3.0 0.01566547073707448 0.01570555403223857 0.0 0.009220529071411871 0.015963015491492448 0.016286560374833118 0.008692345970289343
4.0 0.013660001789716006 0.013723664951368012 0.009220529071411871 0.0 0.013994393189027796 0.014197658531643245 0.0011447784789958629
5.0 0.0012611263391788682 0.0010545299680899752 0.015963015491492448 0.013994393189027796 0.0 0.002128261256697014 0.013510672134946989
6.0 0.001535499760949876 0.0017168019183597368 0.016286560374833118 0.014197658531643245 0.002128261256697014 0.0 0.01371358051965528
7.0 0.01317563572082945 0.013239501324192465 0.008692345970289343 0.0011447784789958629 0.013510672134946989 0.01371358051965528 0.0
