0,3.98588855409597,3.6993784292528,3.73495849173751,3.56326047216343,5.13336943020617,5.26462207260282,3.55568410284411,3.23253619034149,4.01931984628621,5.25761901198661,3.58202359268561,3.66922605481914,3.85431131958137,3.20911401524746,3.75370135599957,5.08866257987105,3.63939616172587,3.45730878025127,4.89810390333328,3.58790434448156,5.60008226080483,3.61099283403558,3.30991717687649,3.74154083038962,3.45203528857467,4.09580324744198,3.35912231917021,3.23280006166123,4.67187040822234,3.35327960413418,4.06971387819344,3.19578662380471,3.39435906149244,4.58638312039487,3.45905350943489,4.80952167148279,4.0658935392372,4.2169301668586,3.37267221757624,3.33860451894977,4.4002651822626,5.33803467270099,3.57745638088144,4.30925684212234,4.45975049549697,3.32316582844344,5.46017327334737,4.13409570036104,3.33100998818356,5.38481714840141,6.09118985600107,4.04138017809492,3.45135847466403,3.27883782726341,3.55233990404158,3.64227413651484,5.35151798192551,4.96072732699816,3.24903007609808,3.44758020760306,3.56930195485666,4.31351508813,5.25695299252941,4.90262470463171,3.87617483119817,4.67694655146317,3.18754913136215,3.40375431792105,3.3219605380379,4.56035314128435,4.0497405902586,5.55316708803684,3.42126556799823,3.75635053337289,4.40175020876961,4.37393385885782,2.67821695231716,4.92236315941064,4.34575917197505,5.20559287392788,5.20559287392788,4.08605295996212,4.86349316356435,4.04289024456697,4.41208561944858,3.96787181068196,3.47903173822328,4.03935126803554,4.72167749135816,4.17107517913169,4.22022656465835,4.3746612833789,3.52598780534115,4.08533906909297,3.85540968077295,3.80074480019154,4.1785990868107,3.36730081515087,4.64384530800594
3.98588855409597,0,1.7215349457947,2.11726069564909,1.91516220174348,2.44966947319895,3.6868235347946,1.76939963940918,1.86763171128544,0.743614383217292,3.72754331307628,2.05458975101246,3.9193729800082,2.22735673665532,1.66687581341635,1.92876935772854,3.39066748443468,1.89091568347378,1.83006570702737,3.21216824472469,2.06031382642689,3.05151032808569,2.02373939327566,1.69061821203035,2.05915949225897,1.77949817997769,1.35896483385808,1.62205501666947,1.69538110306636,2.95327822253227,1.71631825110478,1.96021936251929,1.79641534484594,1.68717731502303,2.17944717307448,2.09249080528089,2.02674001512156,1.8459741158853,1.33163189152931,1.74822199352435,1.75277253837966,2.19874184098626,2.60509164710033,2.04952647269535,2.15227268095914,1.90003314229772,1.64274799032645,3.78094825349064,1.93143570037011,2.01517804641835,2.75047555026966,4.29634941435689,1.85754948689222,1.95192611194938,1.68165639623376,1.68091397496055,2.02781558847222,2.61741962027774,3.27554705442208,1.89980599173753,1.90197399642511,2.16248451959855,2.37194152697106,2.86855280153183,3.1800179909069,2.28522712931275,2.34231570172708,1.80863387338704,1.71100420264563,1.72730875435813,2.30318167172545,2.52976502013828,2.7773947804339,1.63484618438888,2.17353493700074,1.67866480595237,1.75609623728177,2.7144007263296,3.16979201055508,1.75813768305415,2.52948156983306,2.52948156983306,0.950221384278545,2.07875973431477,2.51270000529304,2.84480127542979,1.31692698271101,2.05599000556427,1.84292732078596,2.04058524960265,2.03218880359718,1.35442674853555,1.60480125687991,1.73635469474202,1.80454123598775,1.84249192895463,2.22917158421079,2.02406341757977,1.73844057461465,2.95366817116775
3.6993784292528,1.7215349457947,0,2.02391446898797,1.42047238113356,2.94857743190566,3.28917249436179,1.72907357650142,1.50871166500547,1.76373908048363,3.62262419144696,1.64070202996627,3.6427485137713,1.76412459575485,1.37338648396637,1.9303102711176,3.04438125369775,1.25368680498508,1.35074930738544,2.86186168338384,1.64661257248529,3.21211826171347,1.90986285544449,1.50754671676564,1.51957455746805,1.33423704063621,1.71451493553805,1.21847105122083,1.30347968953562,2.6175552392108,1.57131935683211,1.17165162632703,1.51612375837737,1.49822503713111,2.53906998417148,1.92394905954734,2.56329052161102,2.09349710310217,2.0071839330052,1.6028763632053,1.5763620928165,2.43234302737251,3.12777134518146,1.63529588821401,2.35835702952295,1.99602079284875,1.30034392634561,3.42880603522849,1.66300327245971,1.76254497430081,3.22720280604605,4.00777912605395,2.08134757363556,1.53647843864752,1.37144289382949,0.822049964060385,1.56896109357866,3.14073117091946,2.9252891083946,1.6781201090899,1.71887661411468,2.01170255179829,2.44347564925414,3.2163290797666,2.84612961818829,1.86657144523409,2.65826127853895,1.55192025032714,1.57776194157207,1.54435281396706,2.57111381335287,2.12190649366401,3.32232472975033,1.06728043122759,1.75518720649936,2.0306192671935,1.93241386882319,2.39985525263032,2.85633228684761,2.23159654120203,3.02573969837686,3.02573969837686,1.83556255849997,2.57320440466195,2.39866720164364,2.42904223164599,1.62335758354333,1.90080393638181,2.0745820971196,2.37779440529475,2.22684801176648,1.88080959080252,2.1999619585142,1.68115425092799,2.09419093761611,0.71419022417221,1.82064989593176,2.22905318832922,1.58792377363984,2.5984722649832
3.73495849173751,2.11726069564909,2.02391446898797,0,1.9918268138127,3.20003417282594,3.75285968400682,1.39082957841583,1.7926842069255,2.14249923738096,2.92895933188592,2.08757417864803,3.62799214177598,2.29804747148368,1.53853712277175,1.47390318694382,3.53605137636291,2.01935759070267,1.89537249994398,3.34997675089913,2.09355683538288,3.81678332730169,1.27969700867933,1.41676184871912,2.15185606642848,1.82043079157679,2.27906187068128,1.68178467602344,1.66956327688567,3.11303995919824,1.34213884728421,2.36829180646323,1.59910999110225,1.54678798304054,2.54432467757639,1.49333228732344,2.91983767531617,1.96781966573651,2.30076718013296,1.34901245589582,1.42105673871372,2.29331776211201,3.42339710259159,2.0824555043958,2.18849780082445,2.67617644285466,1.63422827174091,3.91476334397432,2.40371147243794,1.74470391204835,3.43021474697247,4.51083066634085,1.93163722697358,1.9624263477958,1.5990377495697,1.89663103580581,2.09158964093184,3.43723818650973,3.41300611920655,1.54501982346538,1.55077274355198,1.46704629508504,2.1094171744142,3.20951983872798,3.34258771167874,2.34852378110395,2.61245990334554,1.5589099076095,1.41683603663005,1.42488611186972,2.47151698891946,2.56613216393896,3.65252569574519,1.76682333071618,2.23275029903082,2.58291648196047,2.57927273247726,2.53080724903527,3.3541316821151,2.35624978723142,3.26837393145194,3.26837393145194,2.2030591202371,3.00301553389153,1.60144598760672,2.89705900799602,2.16662296695883,1.40339917853409,1.93296820807947,2.90113836624349,2.04437519000163,2.38612796886618,2.43171573408105,1.44358572817166,2.00533409859517,2.17375335907067,2.2869255218562,2.06022204115108,1.37189300442166,3.09219066927537
3.56326047216343,1.91516220174348,1.42047238113356,1.9918268138127,0,3.09683278789343,2.95856370651079,1.71630402714983,1.33395868053652,1.95295390386379,3.58400055416561,1.31114754695306,3.50862931313482,1.19056757989785,1.28575563768601,1.92589010681199,2.74800643109722,1.2410302490866,0.764456392032789,2.56365320226333,1.31703941074486,3.42504864141034,1.87240128590417,1.46007712100559,1.09883085470078,1.26752718971206,1.96750365067135,1.22536178174721,1.13653128668168,2.33084127881619,1.53146726823451,1.82746766657934,1.4124253655508,1.46742672667452,2.62952478837958,1.86425183401658,2.74052772625387,2.15035435707281,2.1728782759115,1.56176065907063,1.52612111683358,2.4875894261272,3.28784078649607,1.30531191922857,2.40605690468947,2.28799879269994,1.26231743868077,3.1300546005253,1.96292525781624,1.67066936455024,3.36400750331537,3.76520790695814,2.13280050719153,1.23796360984437,1.29535005026931,1.25709255345556,1.04347686327449,3.30106974998554,2.62737447246268,1.60109096041299,1.66378526855763,1.9580650049412,2.45703616712579,3.30373117823047,2.56134543734311,1.48833009704152,2.73596492218699,1.46055354967907,1.54605556382497,1.49382266027383,2.63573388040075,1.79662461728184,3.49294236305896,1.18220726085128,1.38315305476702,2.27279892615885,2.21762680695508,2.24294912315245,2.59012813541596,2.35240622838724,3.17198140270896,3.17198140270896,2.02191445259195,2.77048147047405,2.35823995999824,2.07278620457864,1.8564131956944,1.84655255318265,2.12819222903182,2.58949247817834,2.27162614112957,2.11363088018946,2.34902395506536,1.66741371000232,2.1593162898023,1.5798098100322,1.47471065767098,2.27582203425524,1.54640431747159,2.29085282111508
5.13336943020617,2.44966947319895,2.94857743190566,3.20003417282594,3.09683278789343,0,4.84568330496537,2.83874471277089,3.03440756235561,2.42687942062161,4.81110365947138,3.2220945681448,5.06289660209682,3.40358177695776,2.82923120136208,2.95760770658702,4.52605476636622,3.08948115819741,3.00978458297979,4.3492671832588,3.22773033026877,4.14331860428447,3.11828105663013,2.82534983499412,3.24667889320925,2.96824314877233,2.59261689851342,2.8193001323944,2.86997107555147,4.08431198127756,2.83340487416485,3.21192274581376,2.94936708803147,2.84608303509729,2.75340618475964,3.20643605470129,2.34377369622612,2.69980896847454,2.27163089420874,2.86384016063286,2.88065288112162,2.99014547716912,2.03771466726621,3.21714006824335,2.99544935664335,3.0802873621814,2.82737121184605,4.91878347108782,3.23483888911944,3.15982532487501,1.78043838223807,5.40616340457501,2.71302092345261,3.12309237678238,2.85178710623596,2.89657007147922,3.20341311580116,2.06944412214201,4.41258902268478,3.03514979595847,3.02990177866059,3.26894603140528,3.34329093044559,3.43613960348287,4.31050200275597,3.4504172373072,3.01395211164602,2.95534673028826,2.83236034917102,2.8590311554906,3.03681410718631,3.69493922545321,2.89079052347317,2.84089284254766,3.33909508828381,2.83783324252088,2.95576330828427,3.8688022756445,4.28978584640195,2.31702985983265,0.8295523470399,0.8295523470399,2.39521738896735,2.86172088954223,3.60283457001659,4.01046365355971,2.75187221342902,3.16505445839763,2.68442636116061,3.03115715136799,2.88781132500978,2.69025345880617,2.36950328239762,2.82738769170908,2.69278721222063,3.07116857267413,3.39216727115305,2.89591773477911,2.85758178670475,4.09323522933915
5.26462207260282,3.6868235347946,3.28917249436179,3.75285968400682,2.95856370651079,4.84568330496537,0,3.48225820351636,3.04593287904265,3.72276861479097,5.34138401002247,2.53131132407948,5.20099469084417,3.1541864651425,3.05277898720007,3.68993908358353,3.64352466222602,3.18085731243405,2.82562336605244,3.33158828386103,2.52875363351365,5.13442316126602,3.63344242983583,3.22795156533001,3.20478916527563,3.0971315324588,3.72944906138038,3.04798993794531,2.90170522157888,3.27371650494835,3.29737302865211,3.6756688085367,3.16153261202835,3.2449677745172,4.39021824534691,3.61838036708552,4.4899215413799,3.91361319875106,3.93491883038689,3.32684915886268,3.29088393784865,4.25025020405187,5.03662226387329,2.53542162582604,4.16917818124171,4.04317575696551,3.06215134193001,3.82348047661398,3.78658586850476,3.4204397380936,5.11520331099197,4.76809157058565,3.89607113213826,2.79244014055858,3.073700490873,3.13873382343781,2.91873455161268,5.04990225052975,3.37942878391879,3.35494199452734,3.4263798589445,3.71294279300056,4.22103983382371,5.06441877794138,3.51214941249438,2.80445748283024,4.49753498497451,3.21262767196637,3.3151278237311,3.2596918073242,4.39788967306974,2.80902801274544,5.24363338518242,3.04227927038971,2.64024116242521,4.02681021488665,3.97670545139261,3.93183130694654,3.54514994075544,4.1124519619126,4.92140676758971,4.92140676758971,3.78931902789956,4.51808224646117,4.11641581842622,3.20792360257428,3.64715154838605,3.60239551099327,3.89132674418451,4.31960062972603,4.03485453505939,3.88167925305125,4.10995654281922,3.43536326651746,3.92287706481005,3.44413479552036,2.35351243457079,4.03925014089918,3.31220148174888,3.28214483889023
3.55568410284411,1.76939963940918,1.72907357650142,1.39082957841583,1.71630402714983,2.83874471277089,3.48225820351636,0,1.53863596592281,1.79247802666887,3.05067665526719,1.8200276439329,3.47397532258846,2.02405796006042,1.27482219423491,1.17544346781062,3.25826068167645,1.73699172941244,1.62120843569466,3.07290696571057,1.82600060480048,3.49117640818596,1.31417262832742,1.13166488979226,1.8739769257468,1.540907509901,1.94592253753613,1.39457195180834,1.40237040240526,2.83402985251104,1.06695074760888,2.06687932289023,1.36889964966482,1.22583189361127,2.15915014243984,1.48489973508611,2.56844148662471,1.56532391627801,1.94228507408276,1.09655919902636,1.16678882906692,1.90001567516016,3.0662495181619,1.81487801511436,1.79279425297698,2.3512895266889,1.34895576832575,3.63809491935437,2.09678968663262,1.54503572165143,3.06428331447634,4.2272839053378,1.53013038478924,1.69671902601673,1.32408068589749,1.60710867391332,1.81838406024157,3.08017018570395,3.13598154400538,1.38156384161707,1.32368503503445,1.52730275660172,1.7408480041804,2.82360217666762,3.06334356272725,2.07701006317768,2.22258046089751,1.34650204377276,1.06636252563533,1.15848810512616,2.0791769765263,2.29904530862703,3.29851961884691,1.48022711939747,1.96174275859125,2.24911382073917,2.25168748200679,2.32395114781203,3.07308412319816,1.98104143664358,2.90621194024499,2.90621194024499,1.85200087247956,2.65867952375401,1.82935245225231,2.62702954631276,1.83947411803857,1.42534485963078,1.53310915939707,2.56656452175019,1.64872644455282,2.04850717729261,2.06690202879529,0.948487462361372,1.60140686958735,1.87716611568754,2.01666327185491,1.65713379295512,1.10106877209075,2.81486096213496
3.23253619034149,1.86763171128544,1.50871166500547,1.7926842069255,1.33395868053652,3.03440756235561,3.04593287904265,1.53863596592281,0,1.90352629289885,3.37637388957203,1.35658096285896,3.19447304120754,1.62317304110265,1.05724599626612,1.75139280751002,2.8749851373071,1.42586703105733,1.22526954314448,2.68433695613777,1.36280044158518,3.45216458868431,1.66898192378727,1.25994089028938,1.51712510280421,1.24116870514357,1.95902218066999,1.17506011662546,0.962096112811738,2.4596913355344,1.33334047868872,1.88943090041565,1.11166321408088,1.29956161305607,2.52152615482487,1.63370774550098,2.69673731753284,2.0188959093897,2.11293318528637,1.3611238483855,1.31723346959206,2.35520832790378,3.23318414188449,1.35148155225937,2.26842703204257,2.31110483841488,1.14864438901569,3.2467009723798,1.96691638973267,1.39280164108407,3.29253927360174,3.88557550590532,1.99770788851151,1.20544325214112,1.11076111613743,1.35368636970806,1.41009290902251,3.24655474653101,2.74711393836732,1.34889600819212,1.44662169654438,1.73473564164766,2.29561847778712,3.19373909586625,2.69073584527715,1.64821684707919,2.61907669613712,1.18521697339233,1.36020648687927,1.28697610397371,2.50986620628731,1.84003815715889,3.44389934126134,1.22338825137782,1.52862858303476,2.26564820648974,2.2292150726878,1.87788353325458,2.713361893672,2.26463155352863,3.10785610371843,3.10785610371843,1.97195803866986,2.74125119279909,2.14944742165267,2.18534910198952,1.82738386457683,1.62267061009662,1.99458029217738,2.58624731893478,2.13198499251283,2.08967242160454,2.27902339233516,1.49237421708306,2.03323621049339,1.66723846392683,1.57694131129473,2.13754638327866,1.34672790895592,2.42849303347423
4.01931984628621,0.743614383217292,1.76373908048363,2.14249923738096,1.95295390386379,2.42687942062161,3.72276861479097,1.79247802666887,1.90352629289885,0,3.75302959671426,2.09107537255503,3.95231778229322,2.26464114041095,1.70208966896557,1.94776419999507,3.42508391263495,1.93043948320341,1.86767556738288,3.2467027961625,2.09679348192855,3.07711107470518,2.05035861071913,1.72218190577377,2.09752931817172,1.81800073763333,1.39216442469897,1.66163466387892,1.7322212348952,2.98739835251098,1.74561626335946,2.00507055966808,1.83045545316411,1.72185349307999,2.16544582754967,2.12159784486674,2.00727224694096,1.84439225964199,1.27409476532365,1.77735774151516,1.78348833655842,2.19766125527772,2.58182454900717,2.08602063173112,2.15385784235622,1.93191343711821,1.68078414282273,3.81553600224602,1.98424071405169,2.04815433356608,2.72820141237661,4.3291085215535,1.85786861965306,1.98860984262968,1.71785911836214,1.72217065127194,2.06505248533318,2.5941302235957,3.31007974959954,1.93158805911852,1.93272493155573,2.19066712552923,2.38525755237504,2.85588774909429,3.21409252000411,2.32164880940544,2.33298008602065,1.8418665446147,1.74070403873106,1.7585084474245,2.2987556706967,2.56607901036268,2.75382574233694,1.67531196441885,2.20997187752584,1.70533057744407,1.78875543641762,2.74873380839959,3.20324044104959,1.73107785670383,2.50652044702378,2.50652044702378,0.82638359727552,2.07391496558624,2.53890042503448,2.8812209826209,1.388473531927,2.08447837538591,1.84245074093324,2.05596103868853,2.03480549325155,1.39030129763674,1.56078920496123,1.76170777539925,1.80017406901564,1.88470497377612,2.26540333249603,2.02606323997798,1.76800765206439,2.9883400727639
5.25761901198661,3.72754331307628,3.62262419144696,2.92895933188592,3.58400055416561,4.81110365947138,5.34138401002247,3.05067665526719,3.37637388957203,3.75302959671426,0,3.67514950452379,5.10507008518179,3.88929929472993,3.13297278572549,3.09751739039278,5.12699937954719,3.61459767249471,3.486964177849,4.94065458796696,3.68112272295466,5.42141328675423,2.9737233239467,3.03648825250083,3.74516170755023,3.41626306835475,3.88588220674512,3.28116785994065,3.26028355058887,4.70435326709851,2.98213197498006,3.96860988022313,3.17870014028079,3.16359432130847,4.15855558083647,2.95719392441956,4.52958237482248,3.58561467945907,3.91201124387909,2.98988675960289,3.0396940140147,3.90698039474838,5.03393894386158,3.67006753322853,3.80259828271804,4.28098973090661,3.23427453349919,5.50527386080927,4.00611177991253,3.31077606027266,5.04188876361584,6.103395685666,3.54867368412411,3.54983563760899,3.19675710482936,3.49414952938054,3.68250669824796,5.04777057718279,5.00365796291769,3.09735832799175,3.15841685616729,2.83594960186214,3.70729327099089,4.82372732545713,4.93397235686936,3.93805309024183,4.22724854406622,3.13212120025339,3.05330392931741,3.04247024130982,4.08586160991046,4.15288694327905,5.26268407655399,3.36442803957787,3.82203865254853,4.18972493825002,4.18476417595018,4.07308912737481,4.94598743394053,3.96962209231359,4.87956608522078,4.87956608522078,3.81354364857537,4.61161422544621,2.60281311269214,4.4858364092011,3.77338833341464,2.89528560239014,3.54947613626562,4.50777351091988,3.65823244222125,3.99406651527895,4.04380319464932,3.08928750927411,3.62430709351475,3.77282584099874,3.87561273261065,3.67766639028865,3.00823145396575,4.68309270411471
3.58202359268561,2.05458975101246,1.64070202996627,2.08757417864803,1.31114754695306,3.2220945681448,2.53131132407948,1.8200276439329,1.35658096285896,2.09107537255503,3.67514950452379,0,3.52008013757115,1.52565399134597,1.37895265230024,2.02946501448984,2.52064338196375,1.52272106987144,1.17755700960256,2.31032901754585,0.383515059882593,3.55585916904396,1.96719804894195,1.55964221358675,1.55056966521964,1.42903809254535,2.1129173524613,1.3828374805853,1.2217029268393,2.12215260375817,1.63043761845557,2.03096593064068,1.48467738825702,1.57839013754413,2.74856730577937,1.94859122447802,2.87085837922715,2.26457742804446,2.30481526894099,1.65975574456158,1.62228714618493,2.60130162868775,3.41507190011741,0.44790992127581,2.51863933682032,2.43912739912804,1.39378560537367,2.86159079133408,2.13836661099628,1.74536338429551,3.48802913944356,3.588457861335,2.24610077240829,1.06064541484778,1.40157651716083,1.48432696978271,1.29109248330138,3.42836099980415,2.37114391844979,1.68227533010679,1.75707694584552,2.04416860323161,2.56393620934516,3.4222612379727,2.35643587140668,1.31292557988786,2.85313718963542,1.53769626896537,1.64928133926122,1.59099861201756,2.75087938362104,1.23210965215444,3.62250624415139,1.38154414535442,1.16115378673641,2.41493793263066,2.3672841112232,2.24500907077836,2.39129908702957,2.47632189583827,3.29707142092614,3.29707142092614,2.1588232592258,2.90379574738425,2.44981101662932,1.73910156761587,2.00891019280722,1.93347862631734,2.24180812336678,2.72162875229954,2.38374374881429,2.25763505520299,2.47788705079767,1.77269135243057,2.2750497968425,1.79833244066276,1.09347005617819,2.3883817936216,1.64499348636395,2.08666725283802
3.66922605481914,3.9193729800082,3.6427485137713,3.62799214177598,3.50862931313482,5.06289660209682,5.20099469084417,3.47397532258846,3.19447304120754,3.95231778229322,5.10507008518179,3.52008013757115,0,3.79886351332431,3.16068350356476,3.66503870036546,5.02696577156,3.58497210195282,3.40261946084933,4.83601181758747,3.52580700569689,5.53641725166968,3.50901320654402,3.24604682042706,3.68721843359588,3.39941009523914,4.03148348788913,3.30476483334223,3.18466966667753,4.61020424485467,3.28051291718849,4.01184253519346,3.16146933936968,3.33247904584519,4.51035163495819,3.33299071760493,4.74133821834796,3.98698230044023,4.14763208772935,3.29858381338698,3.27277357515128,4.32075775271071,5.2685438734598,3.51576485969577,4.229021539949,4.39670304958234,3.26945000090909,5.39769021815866,4.07543380156827,3.31337508331535,5.31325984855211,6.02913717720093,3.96181637254737,3.39688995705846,3.22766345387598,3.49681093321005,3.58667856478002,5.28204677930208,4.89853237205241,3.20558567571657,3.38265453004446,3.41890985986205,4.22840573298795,5.18063128818127,4.84096589881806,3.81733800029994,4.59973689484723,3.15595755220646,3.33308357468915,3.25790034091718,4.48183031103032,3.97981966457804,5.48444009162652,3.36663154661123,3.69711584791713,4.33717806037556,4.31049746334301,2.8195254491367,4.86040562312605,4.27252495761237,5.13492503195453,5.13492503195453,4.01864912118627,4.79676656015379,3.91009129318103,4.35185817329286,3.90529696288861,3.35758695373391,3.95995372375241,4.65662655260935,4.09051413078395,4.15525604117545,4.30391980854792,3.44922411243397,4.0074477604629,3.79839850452207,3.73932495804419,4.09857928490778,3.29562169735153,4.58266848443039
3.85431131958137,2.22735673665532,1.76412459575485,2.29804747148368,1.19056757989785,3.40358177695776,3.1541864651425,2.02405796006042,1.62317304110265,2.26464114041095,3.88929929472993,1.52565399134597,3.79886351332431,0,1.59183576723877,2.23331571092104,2.92536778865663,1.6140307001378,1.08188682097966,2.74431697580596,1.53129164020281,3.72008355299945,2.17851404323795,1.76761285635413,1.56068743724197,1.59278876881325,2.27724955283434,1.5502379623842,1.43775120302987,2.50817460156031,1.83867883458227,2.16406711364136,1.71360461773928,1.77794177517949,2.9377509350882,2.16829859194879,3.04753680124044,2.45860391739808,2.4824635785287,1.8687394715542,1.83279891567864,2.7956870194135,3.59467507436234,1.5198162212979,2.71413314071432,2.594662699344,1.57906632552633,3.31274192780099,2.2907826702224,1.9725594763552,3.67106728124049,3.95325366361956,2.44096811601043,1.48394963373744,1.60480666732934,1.60544692663032,0.908298942558066,3.60791536677941,2.80854739115283,1.90445582495225,1.96980867773753,2.26246113535091,2.76475430008661,3.61191314188303,2.73860689793718,1.65015045970813,3.04417895510434,1.76294175180372,1.85425894435794,1.80077022167744,2.94387159143625,2.00869718782398,3.80019743637541,1.52116330023766,1.55308352669333,2.5805267623181,2.52602936050695,2.53038254462599,2.77329890938923,2.6609376859534,3.47881701658149,3.47881701658149,2.33299563891956,3.07703972036605,2.66365680561332,2.25971442818113,2.17415698309653,2.1511098512832,2.43636431501283,2.89157285062465,2.57967914833909,2.42511570466217,2.6581394417494,1.97566305222456,2.46775907661409,1.92160384271959,1.66478855087983,2.58395017971138,1.85355045035408,2.45989802784919
3.20911401524746,1.66687581341635,1.37338648396637,1.53853712277175,1.28575563768601,2.82923120136208,3.05277898720007,1.27482219423491,1.05724599626612,1.70208966896557,3.13297278572549,1.37895265230024,3.16068350356476,1.59183576723877,0,1.4950012293961,2.85588959678246,1.32574385640927,1.18674366452134,2.66805913202882,1.38505639873371,3.29217129617136,1.4128214513346,0.965726803395899,1.44911447267074,1.10020238004588,1.77852620466958,0.98516970358748,0.918051143016833,2.4366844978752,1.05536672215564,1.74217647460036,0.919805364120629,1.01230513990116,2.29354803104678,1.39720629052475,2.50033208131651,1.7794061827851,1.90748034807656,1.08536559762375,1.03499600882379,2.1157038516955,3.03169166881391,1.37369664991014,2.02642658594874,2.14570172468468,0.916973181965084,3.23200502952119,1.79390133935444,1.18194913913126,3.08283878781174,3.84966451515623,1.75663283964161,1.2460861994284,0.783906086254804,1.22546685627054,1.38394458203589,3.04512396653756,2.73105577978388,1.10949343342533,1.17167601816089,1.49659814813232,2.04361859677961,2.9648344244277,2.66695123345749,1.64446773110953,2.38681357544542,0.958897959843512,1.07985103209355,0.998186647204395,2.27339420577541,1.86126180699974,3.24486521508229,1.0789707242227,1.52800831681244,2.08635976919261,2.05840888810371,1.92970582260165,2.6847780840722,2.04622196475504,2.90181409857309,2.90181409857309,1.77061178756405,2.55194235892096,1.90299749320287,2.19144130155467,1.63528419476021,1.38108178192687,1.75424138127085,2.41077064587792,1.88907075446037,1.90119215630547,2.06892134778254,1.2243559969417,1.79602740287563,1.53019884727576,1.58348070779992,1.89497984042706,1.06782641083868,2.40972289809632
3.75370135599957,1.92876935772854,1.9303102711176,1.47390318694382,1.92589010681199,2.95760770658702,3.68993908358353,1.17544346781062,1.75139280751002,1.94776419999507,3.09751739039278,2.02946501448984,3.66503870036546,2.23331571092104,1.4950012293961,0,3.4615663628249,1.94582103300033,1.83109017647697,3.27659816867748,2.03541807934379,3.66175780084535,1.46921981705649,1.36947263765932,2.08343930550104,1.75498446865258,2.11306088476598,1.61036487797497,1.61647751852761,3.03650654268688,1.30646049946468,2.26349049751589,1.58189141286123,1.46745668010514,2.22743151883143,1.64845274193327,2.70728090434613,1.6169183102852,2.07467591495308,1.3286401976836,1.39675373851971,1.92432366418911,3.19393762880656,2.02433552219206,1.80887008371663,2.52446729794456,1.5687105940316,3.8419752889664,2.29295842050418,1.75234511905306,3.17326606564253,4.42639761307761,1.56844378412009,1.90735661691739,1.54515512029083,1.8125831506245,2.02786249188027,3.2080343491853,3.33968109501451,1.58202697028465,1.54535130074663,1.67281024267489,1.62230240553677,2.88834987326545,3.26566740842685,2.28548924059661,2.27958670494179,1.55685931984724,1.33142168597053,1.39115217227618,2.11843761043661,2.5079558277818,3.43299573600749,1.69065241059128,2.17036377342996,2.41432073516087,2.42299158313933,2.52713019317653,3.27399745176978,2.07821359794205,3.02335598048499,3.02335598048499,2.00234208013032,2.8088228340619,1.91853962443158,2.83582870619035,2.02020636366456,1.58314662760247,1.57126175080806,2.72827128806517,1.65902005003854,2.2130189609437,2.18679528057706,1.26316422919687,1.67356647571714,2.07687815712214,2.22501975548518,1.69033799763297,1.33862953112586,3.01868441345502
5.08866257987105,3.39066748443468,3.04438125369775,3.53605137636291,2.74800643109722,4.52605476636622,3.64352466222602,3.25826068167645,2.8749851373071,3.42508391263495,5.12699937954719,2.52064338196375,5.02696577156,2.92536778865663,2.85588959678246,3.4615663628249,0,2.96823940178677,2.6237008609907,1.85137102363481,2.52162175490711,4.69954555878612,3.41890363200276,3.0185564981507,2.99562376508801,2.89607602498718,3.39379319022115,2.83833095216627,2.71941447791256,1.59093502356494,3.08460148171222,3.41920658768699,2.96933560409987,3.03260350983285,4.11571479303777,3.41210760852719,4.15925995237891,3.65732296960046,3.632492223268,3.11438915633026,3.08187836190246,3.99368941787972,4.71200777869229,2.52005000981004,3.91652994376579,3.67602374900858,2.85704461572962,2.56833314051122,3.53577769579778,3.22489504465036,4.80453831976041,3.25723999424519,3.64205415451451,2.67279509676499,2.87444665137263,2.91025945178847,2.70158735269204,4.72527005092652,1.9502047150203,3.15460090678558,3.2188496841996,3.50447075521597,3.98445281750904,4.7911466264829,1.84788397287452,2.51064867155929,4.22979873944096,3.01677466482979,3.10007095812606,3.05099891338063,4.13656488538661,2.89455442448017,4.91815293767229,2.82685418280234,2.43137636278758,3.678870940517,3.62323356779107,3.76301690634165,1.94676913665056,3.8244600736161,4.60365358712086,4.60365358712086,3.48844773197927,4.17549472755582,3.90280431615137,3.13793460838769,3.3679264990256,3.39409159562108,3.63619818276057,3.93505932546208,3.78360774672534,3.56512074854091,3.81218856693003,3.21259909258766,3.66368125576026,3.19219551598422,2.38243951042209,3.78743164928628,3.10005795921607,1.78641984154979
3.63939616172587,1.89091568347378,1.25368680498508,2.01935759070267,1.2410302490866,3.08948115819741,3.18085731243405,1.73699172941244,1.42586703105733,1.93043948320341,3.61459767249471,1.52272106987144,3.58497210195282,1.6140307001378,1.32574385640927,1.94582103300033,2.96823940178677,0,1.18283826367768,2.78289105151449,1.52873760844225,3.4273700749213,1.90116512228703,1.48771231118612,1.29087119677642,1.26054142783667,1.93960559471744,1.19418318803869,1.21267264877856,2.54812755954265,1.55835560707321,1.69568174319505,1.46534981784557,1.48463785615698,2.63063043963487,1.90151571663804,2.72791397333126,2.15756337062569,2.15820863621583,1.58940992719081,1.55621702959875,2.49534965465789,3.27831647170224,1.51710772823982,2.41523687326222,2.26301336313378,1.26520416884479,3.3484569413227,1.88337075759299,1.71926094543346,3.35827650913738,3.96379425569182,2.14113585582208,1.41896779511735,1.3254894139598,1.05356811379697,1.41995244134261,3.291483862672,2.8462649757065,1.64351330023531,1.69625644758485,1.99337953998413,2.47310796521435,3.30545917847318,2.77811681244158,1.74484376224831,2.73942370011552,1.50820344146027,1.56911620438583,1.52338630765822,2.64170816062052,2.00736644156305,3.4810478494898,1.0756621187508,1.63368906668057,2.2498230283242,2.18921783098954,2.33010229283021,2.79823548047662,2.34751547025094,3.16486822061597,3.16486822061597,2.0010063763967,2.75546355026624,2.38896997317599,2.30936738708636,1.81343244098934,1.88172875737152,2.13612653542354,2.57956788916135,2.28138076481027,2.0849132849739,2.33810489712536,1.68712300709755,2.16469170861202,1.42913614254887,1.70558220473714,2.28507944255749,1.57375927473848,2.51817013310344
3.45730878025127,1.83006570702737,1.35074930738544,1.89537249994398,0.764456392032789,3.00978458297979,2.82562336605244,1.62120843569466,1.22526954314448,1.86767556738288,3.486964177849,1.17755700960256,3.40261946084933,1.08188682097966,1.18674366452134,1.83109017647697,2.6237008609907,1.18283826367768,0,2.43850032172689,1.18345298290985,3.34477687653511,1.77566438033067,1.36333114585705,1.11440233183228,1.17726161092103,1.88573739461628,1.13709172814079,1.03201371241546,2.20848004761644,1.43496247923091,1.75444475428137,1.3110388016513,1.37237261946266,2.53952373217104,1.76584750888936,2.65503124796418,2.05867404936579,2.0865827216455,1.46512494288277,1.428973370514,2.39582635893215,3.2014104751196,1.17163540032014,2.31391661732174,2.20965425574082,1.16923734596394,3.00449928438712,1.88235468562415,1.57007386721026,3.2763655835415,3.64795878587904,2.04085036408924,1.11016025208406,1.19803396428123,1.18641503370468,0.898874658652886,3.21465348268605,2.50219398243124,1.50165974961477,1.56620697765107,1.86005225994068,2.36317065229334,3.21357824014844,2.4394907262129,1.34711151769704,2.6453257970998,1.3601376191772,1.4502303643147,1.39674881109786,2.54444043988514,1.66390580488773,3.40706576110099,1.10276539760043,1.24271956763637,2.19086557980045,2.13798925738379,2.13487022895424,2.46985793499349,2.26391596453979,3.08482734372375,3.08482734372375,1.93653984679094,2.68617801753847,2.26115370289738,1.93477272134627,1.77293033657969,1.74855822267127,2.03634921117099,2.50684371353598,2.17933956426072,2.03051590577715,2.26192171849561,1.57241683504316,2.06804554525276,1.51084863542476,1.33882231723119,2.18363872670155,1.44980284923494,2.16607480357776
4.89810390333328,3.21216824472469,2.86186168338384,3.34997675089913,2.56365320226333,4.3492671832588,3.33158828386103,3.07290696571057,2.68433695613777,3.2467027961625,4.94065458796696,2.31032901754585,4.83601181758747,2.74431697580596,2.66805913202882,3.27659816867748,1.85137102363481,2.78289105151449,2.43850032172689,0,2.31083262863649,4.53417453132597,3.23261958755228,2.83187152853535,2.81050507175928,2.70909270230995,3.21909910820516,2.65208801657264,2.5303037367263,1.59380223126513,2.89820820691679,3.23765597141819,2.78091068410629,2.84627809366151,3.93498314268671,3.22498209047302,3.98360710598949,3.47493964743422,3.45442427424723,2.92795896783344,2.89512772759072,3.81131925913003,4.53571028937727,2.31039697361507,3.73380370553676,3.50461727520135,2.67022299980206,1.66563300826762,3.35344226855555,3.03676616682233,4.62696134848963,3.18154715268198,3.45945860068368,2.4764347169166,2.68692667472432,2.72619417947259,2.51926805431576,4.54897632281371,0.916959021464783,2.96694358168289,3.03194184553901,3.31755283009767,3.80024634226048,4.61029845749059,1.8451679875486,2.34344539196298,4.04845195120294,2.82870179986403,2.91391916788525,2.86423044559543,3.95462959508682,2.66784503404074,4.74201835254731,2.64139388194999,2.25137217941507,3.50524499108256,3.45040227034575,3.57169980137609,1.88471754639678,3.64498468842098,4.42670313614425,4.42670313614425,3.31032986320347,4.00103748425989,3.71639957355871,2.93734385896879,3.18802133215623,3.20717299646276,3.45370386634338,3.76452896197321,3.60075276284922,3.38858139314089,3.63365670938889,3.027151243297,3.48157556317562,3.01037977486369,2.16754664224456,3.60463371078284,2.9136058007897,1.80551877081812
3.58790434448156,2.06031382642689,1.64661257248529,2.09355683538288,1.31703941074486,3.22773033026877,2.52875363351365,1.82600060480048,1.36280044158518,2.09679348192855,3.68112272295466,0.383515059882593,3.52580700569689,1.53129164020281,1.38505639873371,2.03541807934379,2.52162175490711,1.52873760844225,1.18345298290985,2.31083262863649,0,3.56108240465999,1.97318983691657,1.56567752394691,1.55654662459298,1.43514158500482,2.11849885696095,1.38889706350433,1.22792577803177,2.12335194627616,1.63645373441943,2.03683542173395,1.49077680495027,1.58442382627267,2.75436241729862,1.95459028480309,2.8764558603701,2.27043633762708,2.31051431516491,1.66577126253885,1.62831806346011,2.60715915892905,3.42069032913716,0.510454872491064,2.52451049478461,2.44459371396786,1.39986497268834,2.86179262464307,2.14426234548514,1.75142948656746,3.49369657127991,3.58995014739845,2.25196743889492,1.06771128505864,1.40767773753545,1.49029891215216,1.29668922806961,3.43397937927472,2.37158329496154,1.68831831011036,1.76310949405434,2.05015726284624,2.56986211106993,3.42806059332358,2.35767247307586,1.31628801680192,2.85895593378692,1.5437714169505,1.65529384000386,1.59703348598705,2.75672038087243,1.22567798269223,3.62812210421181,1.38757441075795,1.16406880506296,2.42047486055927,2.37280055176542,2.25091893823746,2.39255291422463,2.48207024212686,3.30271383331958,3.30271383331958,2.16452945894517,2.90935104571301,2.45579293944041,1.74090584622806,2.01469948254664,1.93947593972642,2.24767089305222,2.72703339205938,2.38961974415646,2.26328584278934,2.48360187127909,1.77867262684055,2.28089893336527,1.80421587909763,1.09301889203987,2.39425607980319,1.65101214986842,2.08809472163975
5.60008226080483,3.05151032808569,3.21211826171347,3.81678332730169,3.42504864141034,4.14331860428447,5.13442316126602,3.49117640818596,3.45216458868431,3.07711107470518,5.42141328675423,3.55585916904396,5.53641725166968,3.72008355299945,3.29217129617136,3.66175780084535,4.69954555878612,3.4273700749213,3.34477687653511,4.53417453132597,3.56108240465999,0,3.71614717981947,3.36040536105552,3.57905026270178,3.36110915494223,2.65385389279021,3.2270069190966,3.27452329488012,4.23537690914554,3.39962619684222,3.46633563208481,3.42205736018375,3.36001426265407,3.99034611964523,3.7626337605341,3.633847137777,3.65647187670749,3.27377235509924,3.43097241182259,3.42373686098898,3.99395348996753,4.27657031954073,3.55120581515161,3.94368418581003,2.6065052318309,3.26089209402728,5.10980438578136,3.59645076871493,3.65205384580047,4.47644063802181,5.47656502159223,3.65827593478754,3.48388088002932,3.3038770272435,3.20797608851821,3.52716797204964,4.28877674292406,4.59811243443761,3.5497663554396,3.56954727133174,3.83941399447675,4.12608886068633,4.67587635076571,4.4565436141,3.75349605651799,4.15103756706177,3.44445179497032,3.40081952295272,3.39624048764118,4.1036973138063,4.02052430695128,4.43969578069912,3.20405059181686,3.64663733586603,2.82336748343804,2.68736527677917,4.31481299173326,4.40806919180937,3.59566161106096,4.23155501946444,4.23155501946444,3.12105377243617,3.49570834114674,4.20377359357239,4.32435139807041,3.16573045946765,3.73155304218314,3.64469837600768,2.77407434679054,3.82071549777805,3.02713976519608,3.49798448131439,3.45566391091796,3.63935624782184,3.30882307770919,3.69587811688718,3.81945138195965,3.41962496862023,4.27626583363339
3.61099283403558,2.02373939327566,1.90986285544449,1.27969700867933,1.87240128590417,3.11828105663013,3.63344242983583,1.31417262832742,1.66898192378727,2.05035861071913,2.9737233239467,1.96719804894195,3.50901320654402,2.17851404323795,1.4128214513346,1.46921981705649,3.41890363200276,1.90116512228703,1.77566438033067,3.23261958755228,1.97318983691657,3.71614717981947,0,1.28484683899607,2.03280553330956,1.7001658647492,2.18067539048249,1.56233820009102,1.5472604064579,2.99630740038086,1.19953139882278,2.25661581568497,1.47011434932054,1.42673356806339,2.47870000682536,1.36082381120646,2.83159944442302,1.90976025730281,2.21546926110356,1.19728752619546,1.27965128361976,2.23875864581771,3.33883137704351,1.96207428303731,2.13617433810105,2.57475412533848,1.51319903163524,3.79729918971523,2.29311028321198,1.61295962741307,3.35160568778828,4.3957294571681,1.87606929841443,1.84134690593279,1.47541264528751,1.78052394572451,1.97188213549314,3.35261691269244,3.29564145399968,1.40931533118573,1.40502779928168,1.3714961299433,2.07830812455968,3.14480660109164,3.22593321827683,2.22892809407596,2.55028979090531,1.42759538953449,1.29564136190911,1.28810550394064,2.41361948149993,2.44594519253786,3.56580174159846,1.64882855392417,2.11304858568986,2.48511473070583,2.47881616107193,2.40745064551359,3.23814794500826,2.28225851081712,3.18718240933163,3.18718240933163,2.11222160446868,2.91078754297765,1.69392722544487,2.77718460813838,2.06376106398147,1.25362811222309,1.87705035541179,2.80431433764717,1.99322100442105,2.28925271023203,2.35052706714108,1.35099951274573,1.94336490736676,2.06041208281479,2.16723149385574,2.00606061527666,1.22883691001987,2.97481894992066
