0.0 1.0 2.0 3.0 4.0 5.0 6.0 7.0 8.0 9.0 10.0
1.0 0.0 4.42361383015116 3.8775618192424712 4.257763011250429 4.490448030605213 5.757971164542972 4.995368075017278 4.36754412497759 4.685799808900408 3.3154508586991915
2.0 4.42361383015116 0.0 2.496345405870075 3.2445116931653155 2.889171907914543 4.381239127541087 4.099224679030489 3.368644880718872 3.7789549114706213 2.164018752461081
3.0 3.8775618192424712 2.496345405870075 0.0 2.6444730204130646 2.4902833257130847 3.5029455758213475 3.4854247748318565 2.758559025247349 3.2212119266570385 1.6843174650120347
4.0 4.257763011250429 3.2445116931653155 2.6444730204130646 0.0 3.289509881663225 4.508931928254177 3.7579657142652296 3.24501763570675 3.4363743751884472 2.2280124402711414
5.0 4.490448030605213 2.889171907914543 2.4902833257130847 3.289509881663225 0.0 4.362621374391797 4.146703098051753 3.4288872742615295 3.835111473342514 2.2470813506083505
6.0 5.757971164542972 4.381239127541087 3.5029455758213475 4.508931928254177 4.362621374391797 0.0 5.360177740266933 4.65848596266941 5.091115226919912 3.563617755985321
7.0 4.995368075017278 4.099224679030489 3.4854247748318565 3.7579657142652296 4.146703098051753 5.360177740266933 0.0 3.902650908704196 4.395588319431764 3.0912114482881763
8.0 4.36754412497759 3.368644880718872 2.758559025247349 3.24501763570675 3.4288872742615295 4.65848596266941 3.902650908704196 0.0 3.836412900266244 2.373764378014117
9.0 4.685799808900408 3.7789549114706213 3.2212119266570385 3.4363743751884472 3.835111473342514 5.091115226919912 4.395588319431764 3.836412900266244 0.0 2.704134249740426
10.0 3.3154508586991915 2.164018752461081 1.6843174650120347 2.2280124402711414 2.2470813506083505 3.563617755985321 3.0912114482881763 2.373764378014117 2.704134249740426 0.0
