0.0 1.0 2.0 3.0 4.0 5.0 6.0 7.0 8.0 9.0 10.0
1.0 0.0 0.0054174084042680655 0.005001888412926068 0.033324525130625476 0.0056913133030385 0.005794561975809574 0.003437977383751074 0.004881763168886197 0.005667104084139054 0.022690954296304973
2.0 0.0054174084042680655 0.0 0.003127717916568436 0.03296272986852006 0.0025022665115662845 0.0043045303749989616 0.003377183824054855 0.004452014666076251 0.00568620090723094 0.022283252821883322
3.0 0.005001888412926068 0.003127717916568436 0.0 0.03233983520324499 0.003111936867288668 0.0030315777827452876 0.002895361816798015 0.003908251959529852 0.005340574305285589 0.02210442788697748
4.0 0.033324525130625476 0.03296272986852006 0.03233983520324499 0.0 0.03319174603104788 0.03298246581517002 0.031080267126490264 0.03261239262160592 0.032959033476925 0.050598644322319204
5.0 0.0056913133030385 0.0025022665115662845 0.003111936867288668 0.03319174603104788 0.0 0.00435917780149968 0.0036317906843456745 0.004686912156400612 0.005991605517548361 0.022647965580736173
6.0 0.005794561975809574 0.0043045303749989616 0.0030315777827452876 0.03298246581517002 0.00435917780149968 0.0 0.003665663300669747 0.004665678415533259 0.006137836811406854 0.02294790502818877
7.0 0.003437977383751074 0.003377183824054855 0.002895361816798015 0.031080267126490264 0.0036317906843456745 0.003665663300669747 0.0 0.0026784776572239257 0.003771550532674802 0.020915655514527266
8.0 0.004881763168886197 0.004452014666076251 0.003908251959529852 0.03261239262160592 0.004686912156400612 0.004665678415533259 0.0026784776572239257 0.0 0.0053022911646420385 0.02222621460332276
9.0 0.005667104084139054 0.00568620090723094 0.005340574305285589 0.032959033476925 0.005991605517548361 0.006137836811406854 0.003771550532674802 0.0053022911646420385 0.0 0.02269189114182394
10.0 0.022690954296304973 0.022283252821883322 0.02210442788697748 0.050598644322319204 0.022647965580736173 0.02294790502818877 0.020915655514527266 0.02222621460332276 0.02269189114182394 0.0
