0.0 1.0 2.0 3.0 4.0 5.0 6.0 7.0 8.0 9.0 10.0
1.0 0.0 0.0018010238629067505 0.0018790642700510563 0.007732612441582302 0.0019849578169600073 0.002808281869503982 0.0010146054496882944 0.001439405410042908 0.0010577542169925005 0.00504097962805745
2.0 0.0018010238629067505 0.0 0.0018370913180697245 0.008520287988214002 0.0012057857069815853 0.002971341564588557 0.0018384842981688907 0.002073799813969621 0.0019496205171654207 0.005670466068643032
3.0 0.0018790642700510563 0.0018370913180697245 0.0 0.008513460344402028 0.0018880053917947636 0.002477538060249123 0.0018791696226742186 0.0020760936392770993 0.0020371677718713475 0.0058373475559782085
4.0 0.007732612441582302 0.008520287988214002 0.008513460344402028 0.0 0.008692308645393306 0.009377138293698612 0.007697964939696011 0.008189810758202628 0.007690763767122954 0.011839980656537387
5.0 0.0019849578169600073 0.0012057857069815853 0.0018880053917947636 0.008692308645393306 0.0 0.003055559009217424 0.002015776860766377 0.0022431186725680374 0.002136594430297601 0.005874677172374097
6.0 0.002808281869503982 0.002971341564588557 0.002477538060249123 0.009377138293698612 0.003055559009217424 0.0 0.0027951418882704083 0.00298520385838292 0.0029650372813372324 0.006791134916430593
7.0 0.0010146054496882944 0.0018384842981688907 0.0018791696226742186 0.007697964939696011 0.002015776860766377 0.0027951418882704083 0.0 0.0013830171780019797 0.0011463628173670193 0.0051569367718696255
8.0 0.001439405410042908 0.002073799813969621 0.0020760936392770993 0.008189810758202628 0.0022431186725680374 0.00298520385838292 0.0013830171780019797 0.0 0.0016175901396262944 0.005501876578606288
9.0 0.0010577542169925005 0.0019496205171654207 0.0020371677718713475 0.007690763767122954 0.002136594430297601 0.0029650372813372324 0.0011463628173670193 0.0016175901396262944 0.0 0.005138914795195509
10.0 0.00504097962805745 0.005670466068643032 0.0058373475559782085 0.011839980656537387 0.005874677172374097 0.006791134916430593 0.0051569367718696255 0.005501876578606288 0.005138914795195509 0.0
