0.0 1.0 2.0 3.0 4.0 5.0 6.0 7.0 8.0 9.0 10.0
1.0 0.0 0.006669466185334583 0.006694695658864164 0.043185773713569894 0.007134113584202339 0.00756613779570915 0.005530340336578754 0.006669393071884812 0.00938728300586647 0.012628940125305625
2.0 0.006669466185334583 0.0 0.002263633856288372 0.03981603794934106 0.0017942197821617751 0.0034139397168305267 0.0023872488956063337 0.0033312629840254538 0.006309206215422171 0.009235580716794957
3.0 0.006694695658864164 0.002263633856288372 0.0 0.039641006112304075 0.0025383219861662863 0.0027151812241847893 0.0023483842178742085 0.0032676785387060264 0.0063967535749271595 0.009397188990085195
4.0 0.043185773713569894 0.03981603794934106 0.039641006112304075 0.0 0.04024557182141911 0.04036063323092739 0.038699628169206066 0.039958301830890594 0.042191017797850144 0.04606556967957825
5.0 0.007134113584202339 0.0017942197821617751 0.0025383219861662863 0.04024557182141911 0.0 0.003714892630438527 0.0028375839695365754 0.0037750025584698506 0.006795741339009408 0.00973854751292657
6.0 0.00756613779570915 0.0034139397168305267 0.0027151812241847893 0.04036063323092739 0.003714892630438527 0.0 0.0031951059709960095 0.004111502852497628 0.007272651147658675 0.010307397197470803
7.0 0.005530340336578754 0.0023872488956063337 0.0023483842178742085 0.038699628169206066 0.0028375839695365754 0.0031951059709960095 0.0 0.0022322323457216403 0.005263587747579299 0.00852681053701277
8.0 0.006669393071884812 0.0033312629840254538 0.0032676785387060264 0.039958301830890594 0.0037750025584698506 0.004111502852497628 0.0022322323457216403 0.0 0.0064690275152426875 0.009551810171264608
9.0 0.00938728300586647 0.006309206215422171 0.0063967535749271595 0.042191017797850144 0.006795741339009408 0.007272651147658675 0.005263587747579299 0.0064690275152426875 0.0 0.012150663778921555
10.0 0.012628940125305625 0.009235580716794957 0.009397188990085195 0.04606556967957825 0.00973854751292657 0.010307397197470803 0.00852681053701277 0.009551810171264608 0.012150663778921555 0.0
