0.0 1.0 2.0 3.0 4.0 5.0 6.0 7.0 8.0 9.0 10.0
1.0 0.0 0.0018311767944523545 0.0020899435647467463 0.002233777701951309 0.002033459679689194 0.002494240187175217 0.0011143925948631584 0.0012935408308079968 0.0012920875802150626 0.002129567631235295
2.0 0.0018311767944523545 0.0 0.0020615474583151683 0.0029764123797049354 0.001325125553814195 0.0025838335005612693 0.0019199428880696456 0.0017909936541929913 0.002199517390115888 0.002847501462162141
3.0 0.0020899435647467463 0.0020615474583151683 0.0 0.0031636929799872078 0.002172547251295415 0.002383793321763112 0.002144381317057408 0.001967882403556841 0.0024710743333956234 0.0031778003654198334
4.0 0.002233777701951309 0.0029764123797049354 0.0031636929799872078 0.0 0.0031683819179093476 0.0034995563021286745 0.0022848175707889376 0.0024913949886658407 0.002360511442128308 0.0033716390369715817
5.0 0.002033459679689194 0.001325125553814195 0.002172547251295415 0.0031683819179093476 0.0 0.002702370341657276 0.0021157876505089115 0.0019771678671155796 0.0024048727391734834 0.003065247139053526
6.0 0.002494240187175217 0.0025838335005612693 0.002383793321763112 0.0034995563021286745 0.002702370341657276 0.0 0.0025404403427575183 0.0023641555488067207 0.0028704725729874134 0.0035953227241019314
7.0 0.0011143925948631584 0.0019199428880696456 0.002144381317057408 0.0022848175707889376 0.0021157876505089115 0.0025404403427575183 0.0 0.0012950309088867015 0.001504752626483443 0.002365936153381954
8.0 0.0012935408308079968 0.0017909936541929913 0.001967882403556841 0.0024913949886658407 0.0019771678671155796 0.0023641555488067207 0.0012950309088867015 0.0 0.0017076809823251076 0.002462037673328685
9.0 0.0012920875802150626 0.002199517390115888 0.0024710743333956234 0.002360511442128308 0.0024048727391734834 0.0028704725729874134 0.001504752626483443 0.0017076809823251076 0.0 0.0023751672474448073
10.0 0.002129567631235295 0.002847501462162141 0.0031778003654198334 0.0033716390369715817 0.003065247139053526 0.0035953227241019314 0.002365936153381954 0.002462037673328685 0.0023751672474448073 0.0
