0.0 1.0 2.0 3.0 4.0 5.0 6.0 7.0 8.0 9.0
1.0 0.0 0.0011228888828283502 0.000747561214802741 0.0009879267179538492 0.0009553221751257158 0.000993061939329801 0.0009542044446140607 0.000652818864809065 0.000878639536045269
2.0 0.0011228888828283502 0.0 0.0010049029952412434 0.0008079241865726781 0.001452638403035873 0.0009597815941745432 0.0012809088095495406 0.00109385212612065 0.0009118919184072944
3.0 0.000747561214802741 0.0010049029952412434 0.0 0.0008520528559649162 0.0011081695671056246 0.0008427035402430966 0.0008889517980506153 0.0006703690286709312 0.0007133615250297693
4.0 0.0009879267179538492 0.0008079241865726781 0.0008520528559649162 0.0 0.0013224276513759859 0.0007505628816301126 0.001125113467771432 0.0009486019216634238 0.0007194019752122588
5.0 0.0009553221751257158 0.001452638403035873 0.0011081695671056246 0.0013224276513759859 0.0 0.001329917577930685 0.001285705458708959 0.0010361699904287449 0.0012193681940541154
6.0 0.000993061939329801 0.0009597815941745432 0.0008427035402430966 0.0007505628816301126 0.001329917577930685 0.0 0.0010880628497857083 0.0009380076260095452 0.0007218486805397706
7.0 0.0009542044446140607 0.0012809088095495406 0.0008889517980506153 0.001125113467771432 0.001285705458708959 0.0010880628497857083 0.0 0.0008378013741410124 0.0010019852649497825
8.0 0.000652818864809065 0.00109385212612065 0.0006703690286709312 0.0009486019216634238 0.0010361699904287449 0.0009380076260095452 0.0008378013741410124 0.0 0.0008285819367590463
9.0 0.000878639536045269 0.0009118919184072944 0.0007133615250297693 0.0007194019752122588 0.0012193681940541154 0.0007218486805397706 0.0010019852649497825 0.0008285819367590463 0.0
