0.0 1.0 2.0 3.0 4.0 5.0 6.0 7.0 8.0 9.0
1.0 0.0 0.0011916707529472984 0.0007550963600295254 0.0010251514223955879 0.0009889318326885587 0.0010280512564922145 0.001145385897437604 0.0006398047808487883 0.0009098808987593273
2.0 0.0011916707529472984 0.0 0.001034026284638564 0.000801991677088994 0.0015952473645753 0.000974425656985153 0.0014814463190224356 0.0011389073312722629 0.0009319294907555671
3.0 0.0007550963600295254 0.001034026284638564 0.0 0.0008515563312007546 0.0011903198761925675 0.0008361329694472528 0.0010309390813024299 0.0006577240247291234 0.0007080362921810453
4.0 0.0010251514223955879 0.000801991677088994 0.0008515563312007546 0.0 0.0014338262041400883 0.0007423591552957508 0.0012942136768420796 0.0009631954581210416 0.0007162097869775613
5.0 0.0009889318326885587 0.0015952473645753 0.0011903198761925675 0.0014338262041400883 0.0 0.0014433963969102234 0.0015756109101073682 0.001097803751921137 0.0013252993982110078
6.0 0.0010280512564922145 0.000974425656985153 0.0008361329694472528 0.0007423591552957508 0.0014433963969102234 0.0 0.0012495480293962542 0.0009492684930866334 0.0007118660777605366
7.0 0.001145385897437604 0.0014814463190224356 0.0010309390813024299 0.0012942136768420796 0.0015756109101073682 0.0012495480293962542 0.0 0.0009927247015271016 0.0011617875586385218
8.0 0.0006398047808487883 0.0011389073312722629 0.0006577240247291234 0.0009631954581210416 0.001097803751921137 0.0009492684930866334 0.0009927247015271016 0.0 0.0008369952317786228
9.0 0.0009098808987593273 0.0009319294907555671 0.0007080362921810453 0.0007162097869775613 0.0013252993982110078 0.0007118660777605366 0.0011617875586385218 0.0008369952317786228 0.0
