0.0 1.0 2.0 3.0 4.0 5.0 6.0 7.0 8.0 9.0
1.0 0.0 0.001223651265969094 0.0008171556979978321 0.0010950731134173135 0.0010244113052821737 0.0011381627855813232 0.0008845343089562859 0.0006641265528606075 0.0009751623684484222
2.0 0.001223651265969094 0.0 0.001148717327126268 0.0008441816875301485 0.0016048610920609918 0.0010387757503025174 0.0013174639201407495 0.0012001424230009975 0.0010082054182354787
3.0 0.0008171556979978321 0.001148717327126268 0.0 0.0010042882651276077 0.0012219507576605763 0.001028503132988221 0.0008833556613655829 0.0007363190467217053 0.0008410638733602622
4.0 0.0010950731134173135 0.0008441816875301485 0.0010042882651276077 0.0 0.0014770751131573925 0.0008420410149164233 0.0011762723995894658 0.0010645428426259034 0.0008238073980116016
5.0 0.0010244113052821737 0.0016048610920609918 0.0012219507576605763 0.0014770751131573925 0.0 0.0015168918621276063 0.001224678043492101 0.001088507915610397 0.001361129206084272
6.0 0.0011381627855813232 0.0010387757503025174 0.001028503132988221 0.0008420410149164233 0.0015168918621276063 0.0 0.0011878193535564115 0.0010942219487127763 0.000839344333334389
7.0 0.0008845343089562859 0.0013174639201407495 0.0008833556613655829 0.0011762723995894658 0.001224678043492101 0.0011878193535564115 0.0 0.0007847092530756108 0.001034437860871692
8.0 0.0006641265528606075 0.0012001424230009975 0.0007363190467217053 0.0010645428426259034 0.001088507915610397 0.0010942219487127763 0.0007847092530756108 0.0 0.0009295525424873797
9.0 0.0009751623684484222 0.0010082054182354787 0.0008410638733602622 0.0008238073980116016 0.001361129206084272 0.000839344333334389 0.001034437860871692 0.0009295525424873797 0.0
