0.0 1.0 2.0 3.0 4.0 5.0 6.0 7.0 8.0 9.0
1.0 0.0 0.001195972826667026 0.0007620767143225605 0.001030920278195666 0.0010157832796691764 0.0010373585841062772 0.0010909820727219243 0.0006390866960366781 0.0009154309153679336
2.0 0.001195972826667026 0.0 0.0010550149247575788 0.0008134037830587033 0.001641714270863267 0.000977990973630037 0.0014396931956926471 0.0011513386007890526 0.0009412333575349052
3.0 0.0007620767143225605 0.0010550149247575788 0.0 0.0008719915823804081 0.0012345339014910865 0.0008588386716150893 0.0009876888167037342 0.0006696212110771023 0.0007253711083668589
4.0 0.001030920278195666 0.0008134037830587033 0.0008719915823804081 0.0 0.0014812135584933244 0.0007421631552888125 0.0012520911695247292 0.0009763217930261117 0.0007238744187284573
5.0 0.0010157832796691764 0.001641714270863267 0.0012345339014910865 0.0014812135584933244 0.0 0.0014930043120458853 0.0015566411193832677 0.0011274132152776935 0.0013717149978752965
6.0 0.0010373585841062772 0.000977990973630037 0.0008588386716150893 0.0007421631552888125 0.0014930043120458853 0.0 0.0012112954217663586 0.0009659406002895092 0.0007211742422179388
7.0 0.0010909820727219243 0.0014396931956926471 0.0009876888167037342 0.0012520911695247292 0.0015566411193832677 0.0012112954217663586 0.0 0.00094554959873234 0.0011178495473101468
8.0 0.0006390866960366781 0.0011513386007890526 0.0006696212110771023 0.0009763217930261117 0.0011274132152776935 0.0009659406002895092 0.00094554959873234 0.0 0.0008491053375185873
9.0 0.0009154309153679336 0.0009412333575349052 0.0007253711083668589 0.0007238744187284573 0.0013717149978752965 0.0007211742422179388 0.0011178495473101468 0.0008491053375185873 0.0
