0.0 1.0 2.0 3.0 4.0 5.0 6.0 7.0 8.0 9.0
1.0 0.0 0.0011730558055258297 0.0007734636156704142 0.001006305176927339 0.0009556449658153805 0.0010084193044242714 0.0008537341764142815 0.0006539961428226823 0.0008962500577806669
2.0 0.0011730558055258297 0.0 0.001067321854839961 0.0008118721556089267 0.0015271749663170174 0.0009669897864406623 0.0012305361019740839 0.0011536787557657965 0.000930247267091983
3.0 0.0007734636156704142 0.001067321854839961 0.0 0.0008837684767409022 0.0011549229928954404 0.0008724327614748244 0.0008184455338595452 0.0007091301558611793 0.0007439738435255361
4.0 0.001006305176927339 0.0008118721556089267 0.0008837684767409022 0.0 0.0013645127996144606 0.0007316705268419368 0.0010444924869357473 0.0009775836572077621 0.0007117015875719823
5.0 0.0009556449658153805 0.0015271749663170174 0.0011549229928954404 0.0013645127996144606 0.0 0.001369666404209345 0.0012096532305756371 0.0010530804703134768 0.0012600950414969692
6.0 0.0010084193044242714 0.0009669897864406623 0.0008724327614748244 0.0007316705268419368 0.001369666404209345 0.0 0.0010060830353589296 0.0009645999645666319 0.0007156588439068252
7.0 0.0008537341764142815 0.0012305361019740839 0.0008184455338595452 0.0010444924869357473 0.0012096532305756371 0.0010060830353589296 0.0 0.0007479735238260005 0.0009231339545781622
8.0 0.0006539961428226823 0.0011536787557657965 0.0007091301558611793 0.0009775836572077621 0.0010530804703134768 0.0009645999645666319 0.0007479735238260005 0.0 0.0008581256547479602
9.0 0.0008962500577806669 0.000930247267091983 0.0007439738435255361 0.0007117015875719823 0.0012600950414969692 0.0007156588439068252 0.0009231339545781622 0.0008581256547479602 0.0
