"","1","2","3","4","5","6"
"1",0,362.366708679474,509.273005262471,332.435517029929,194.279360706591,303.120018216387
"2",362.366708679474,0,690.469983951039,524.579460339255,195.26256430349,566.244434861344
"3",509.273005262471,690.469983951039,0,181.25125628905,641.007805873429,224.035246387829
"4",332.435517029929,524.579460339255,181.25125628905,0,460.426600573498,105.441253565355
"5",194.279360706591,195.26256430349,641.007805873429,460.426600573498,0,465.903478516673
"6",303.120018216387,566.244434861344,224.035246387829,105.441253565355,465.903478516673,0
