0.0 1.0 2.0 3.0 4.0 5.0 6.0
1.0 0.0 1.6571209451342557 1.5680680429787353 2.031769388476253 1.3430878665814516 2.7348641708251074
2.0 1.6571209451342557 0.0 1.2159442506080433 1.67243472216441 1.6655127849391378 2.375197108021904
3.0 1.5680680429787353 1.2159442506080433 0.0 1.0642064838478498 1.5941859857816887 1.769742498714654
4.0 2.031769388476253 1.67243472216441 1.0642064838478498 0.0 2.055254645181745 1.4718678532038623
5.0 1.3430878665814516 1.6655127849391378 1.5941859857816887 2.055254645181745 0.0 2.758234317483917
6.0 2.7348641708251074 2.375197108021904 1.769742498714654 1.4718678532038623 2.758234317483917 0.0
