0.0 1.0 2.0 3.0 4.0 5.0 6.0
1.0 0.0 0.006241950143246048 0.07715016615683493 0.0775840301903274 0.005868321599968536 0.00874877176849466
2.0 0.006241950143246048 0.0 0.07295997226854942 0.07347932032836176 0.0029306551339257966 0.0046551355655472075
3.0 0.07715016615683493 0.07295997226854942 0.0 0.14294556265269548 0.07382189687367427 0.07457220674944147
4.0 0.0775840301903274 0.07347932032836176 0.14294556265269548 0.0 0.07423130494495164 0.07127251138703931
5.0 0.005868321599968536 0.0029306551339257966 0.07382189687367427 0.07423130494495164 0.0 0.005389039899302665
6.0 0.00874877176849466 0.0046551355655472075 0.07457220674944147 0.07127251138703931 0.005389039899302665 0.0
