0.0 1.0 2.0 3.0 4.0 5.0 6.0
1.0 0.0 0.01317100137817984 0.02407851568920435 0.03093830827398803 0.012728241024474923 0.014590894385941319
2.0 0.01317100137817984 0.0 0.012679788737592564 0.01961265285383435 0.002296355771203306 0.0032701185170474576
3.0 0.02407851568920435 0.012679788737592564 0.0 0.029592324935380325 0.013202041119058618 0.013490048496433328
4.0 0.03093830827398803 0.01961265285383435 0.029592324935380325 0.0 0.020045722300926515 0.01778119067941976
5.0 0.012728241024474923 0.002296355771203306 0.013202041119058618 0.020045722300926515 0.0 0.0036932772501722267
6.0 0.014590894385941319 0.0032701185170474576 0.013490048496433328 0.01778119067941976 0.0036932772501722267 0.0
