0.0 1.0 2.0 3.0 4.0 5.0 6.0
1.0 0.0 0.008642381979727918 0.017696443723543297 0.018161741370815825 0.008352102516657894 0.009935608129511416
2.0 0.008642381979727918 0.0 0.010541025193671009 0.011066939695312066 0.0020127022413808475 0.0028360907001576865
3.0 0.017696443723543297 0.010541025193671009 0.0 0.019236777882589852 0.011075156733518061 0.011227143532764211
4.0 0.018161741370815825 0.011066939695312066 0.019236777882589852 0.0 0.01153353481920985 0.009630657398326447
5.0 0.008352102516657894 0.0020127022413808475 0.011075156733518061 0.01153353481920985 0.0 0.0032991060320745526
6.0 0.009935608129511416 0.0028360907001576865 0.011227143532764211 0.009630657398326447 0.0032991060320745526 0.0
