0.0 1.0 2.0 3.0 4.0 5.0 6.0
1.0 0.0 0.0026516815045347047 0.02581710124253068 0.040142465460454926 0.0034683198334299536 0.004053384481031444
2.0 0.0026516815045347047 0.0 0.02404652220020014 0.03840461501292915 0.0024563754855101904 0.0023107391143895022
3.0 0.02581710124253068 0.02404652220020014 0.0 0.060631954258039425 0.025614382818028334 0.02492734266510973
4.0 0.040142465460454926 0.03840461501292915 0.060631954258039425 0.0 0.03993379236397317 0.03748434984769025
5.0 0.0034683198334299536 0.0024563754855101904 0.025614382818028334 0.03993379236397317 0.0 0.0038379868885742574
6.0 0.004053384481031444 0.0023107391143895022 0.02492734266510973 0.03748434984769025 0.0038379868885742574 0.0
