"","1","2","3","4","5","6","7","8","9","10","11","12","13","14","15","16","17","18","19","20","21","22","23","24","25","26","27","28","29","30","31","32","33","34","35","36","37","38","39","40","41","42","43","44","45","46","47","48","49","50","51","52","53","54","55","56","57","58","59","60","61","62","63","64","65","66","67","68","69","70","71","72","73","74","75","76","77","78","79","80","81","82","83","84","85","86","87","88","89","90","91","92","93","94","95","96","97","98","99","100","101","102","103"
"1",0,17.404082854319,15.1195403369282,11.7860680466388,14.8332902621098,26.4553132659585,19.9269290157816,13.3757766129672,6.72655186555489,18.3461930655927,13.2897441660854,13.9771992902727,2.59665169015792,15.7003184681076,7.25198593490087,16.8296316061879,20.432058144005,14.0184913596292,14.2068750962342,21.5054086220188,14.0610277007052,21.3876833715108,9.01647381186237,4.58590231034199,8.15502299199702,16.1224936036582,14.614078828308,11.0062209681616,19.0629299951503,11.6143704091096,8.8581770133589,20.8341306514095,8.58385111706861,15.324287911678,4.41508776809703,10.6071909570819,26.5560256815661,5.00279921643873,24.2563641133621,22.2529323910356,21.0503871698361,8.18227963345179,7.19708968958981,27.6545204261437,25.0576714800079,13.9309188498103,25.3096858929541,18.093327499385,10.3848543562247,22.7592838200151,13.6610760923143,2.95453888111157,27.2511155734953,23.8667718805875,22.7863994523049,10.5638250648144,8.57123678356864,14.1536037813696,15.4939794759126,24.990088035059,22.2080638507728,3.61353012994219,6.28716152170437,6.50560527545285,22.9122783677224,27.4079769410294,20.7624324201188,16.7789540794413,26.0229590938463,3.85591753023843,10.3042369926162,7.43230785153576,27.4610560612661,16.1764303849768,24.5508309431677,12.8969337441114,16.5798009638234,20.5568966529484,18.1851862789469,1.65003030275204,23.6460060052433,23.6334889510626,26.4994981084548,26.4985622251472,19.257042867481,22.6175904994321,11.6954435572149,16.0057114805934,14.0362459368593,6.05026445702996,23.5147379317738,22.2860427173601,24.890128565357,18.5168490840099,21.6233438672191,13.1731734976808,20.6531595645799,15.6544977562361,17.2893146191513,22.0394759465828,3.92922384193113,8.35871401592374,18.8682087120108
"2",17.404082854319,0,8.73945078365912,16.2765014668386,12.169634341261,9.05220967499097,23.1866211423743,9.70340661829649,13.9135689167086,0.971236325515062,22.8689702435418,19.312301778918,19.9411057867913,13.6425840660778,10.5569408447713,15.5791142238575,20.0533912344022,9.79347742122276,12.8418378746969,22.2947729299942,19.4125371860558,10.8343389276873,14.3489128508051,16.2059001601269,9.73604128996996,4.59426816805462,11.0033540341116,9.33823323760978,6.04200297914524,7.92227871259273,11.8791329649937,18.5033429412093,10.6359108683742,6.8513137426336,13.3354152541269,6.85168592391682,10.6706419675669,16.5703620962247,7.34931969640728,9.27183369134715,3.7320905669611,11.3262968352414,11.1491793419964,14.2954678132617,7.7729016461036,19.1854997328712,13.6552004745445,8.53483450337498,8.27372346649318,23.8155432438565,6.66607080670465,14.5002758594449,9.92742665548328,18.8670214925409,10.6986027125041,16.3435889571416,9.50191559634161,8.79754511213213,14.1115024005242,7.71985751163841,22.8808959614784,14.1785930190552,12.2519590270291,18.0757959714088,16.539032619836,11.5505021535862,18.1056261974006,17.0970991691573,10.9279504025229,13.5906217664977,8.41942990944161,10.632219899908,12.9783550575564,23.2420739177897,7.38659596837407,8.17768916014787,17.6147466629526,7.02379527036487,7.50802903563911,17.5579753958137,20.0983208253824,7.20328397329996,9.09664223766111,9.09545490890918,1.85326738491778,6.74068987567296,19.6863429818745,18.4974944249214,4.8083781049331,15.9826030420579,10.9231680386232,8.79255366773499,13.9728021527538,3.98178351998197,4.64642873613704,7.39206331141719,6.53012251033623,8.99799977772838,19.4881220234275,11.0566902823585,17.3841680847833,10.7140655215469,17.8472911109782
"3",15.1195403369282,8.73945078365912,0,19.9020225102877,3.4828149534536,15.303153269833,14.4753929134929,15.1248041309632,9.00049998611189,9.44161532789808,25.2740064097483,11.1694673104853,17.6195601534204,4.90698481758402,8.34890411970338,21.4674171711457,11.3815157162831,1.51109232014461,4.29180614660075,13.5888078947346,11.2589964028771,6.26827727529661,16.9883754373395,11.8018473130269,10.9607709582857,4.19915467683675,2.34763710994694,4.13088368270035,5.26370591883703,3.98628900106352,6.50127679767598,10.0398256956981,12.8774609298573,1.89169236399579,10.8045592228466,8.63353925108353,19.0802777757558,16.9072558388403,11.8504894413691,17.9364238353134,11.6189715551765,13.4119722636158,12.2564024085373,23.0331239739641,13.33776592987,11.0417842761032,22.2940014353637,3.05368629692049,5.34813051448822,15.1196726155033,2.79873185568036,12.3941921882792,16.8444471562589,11.2394172446795,19.2983548521629,9.0838372948881,7.08556278639884,0.966022774058672,5.39456207675841,13.2330873192917,14.1942312225777,13.3271339754652,13.0076631260192,18.8542727253002,24.2330353030734,19.9289462842369,9.68386802884054,8.36985065577636,19.5541734675746,11.6552563249377,11.5245130048953,11.6543253773009,21.6525495034649,15.0520430506958,12.582185819642,2.40919073549605,8.91325417566446,6.40862699803944,3.5103988377391,14.4323421522634,12.0534849732349,15.5783856673277,15.5134167738767,15.502712665853,9.81803442650309,9.42773037374319,22.4129359968747,9.89741885543903,4.57122521869137,16.9198817962774,19.5947748137099,7.69343876299799,22.5223888608646,6.22043406845535,12.9015386679264,12.7947254757576,15.2253899785851,0.584123274660408,10.8032448829044,19.4805030735862,13.1405821788839,12.7805633678645,9.15813299750555
"4",11.7860680466388,16.2765014668386,19.9020225102877,0,21.5976503351638,23.9459599932849,30.0103998640471,6.86096203166873,15.7000031847131,16.8490771260624,6.84255069400293,24.1853778138775,12.5998253956156,22.9956387169393,12.6358577073343,5.64727367851072,29.1905258602856,19.6280437130143,21.471676692797,30.8226540064285,24.2862286079992,25.2570227857521,3.21449840566145,15.2347792895073,9.01803748051648,18.171213498278,20.798521582074,16.5292256321946,21.1205800109751,16.0167724588945,16.2883670145291,28.8015624576168,7.03938207515404,18.9232661028692,12.1679579223467,11.3790553210713,20.9773425390348,6.86120980585785,23.4388608938233,15.4913266055558,18.6992245828537,6.56814281208927,7.95802111080387,19.7848856453607,23.3936422987101,24.103487299559,16.8259917984052,21.9685252122212,14.7583535667093,32.2703641132231,17.2579488931912,11.3411860049997,23.9057838189841,30.9071674535212,15.2523899766561,20.3300221347641,13.4380244083719,19.1384978511899,23.0750861320169,23.3769223808439,31.5359873795003,9.33707663029494,7.64686864016899,6.15900154245799,12.3155552046995,21.6455122369511,28.5769207578423,25.3803565774794,19.8057011994022,11.2093041710893,8.56425711898002,8.48486888525686,20.452349498285,27.1512891038345,23.2435044689909,17.5898635583111,25.4586802485911,22.5196314357052,21.4427796705558,13.3216365361017,31.3386183486126,19.2817634048341,23.8304175372569,23.8384647156649,17.6993926449469,22.9981042697001,3.71171119566164,25.4028541703487,16.1821259419151,5.74349196917693,16.082266631293,24.4463187412747,16.0724391428308,19.5255857786649,18.4861461640873,8.91038158554391,15.334797031588,20.4736147272532,26.7352538794753,14.0657065233141,15.2520490426696,7.15883370389339,27.1795235425495
"5",14.8332902621098,12.169634341261,3.4828149534536,21.5976503351638,0,18.6227951715096,11.0173045705381,17.6132819201874,8.15800220642285,12.9023292470778,26.3341489325173,7.89360500658603,17.1260298960384,1.56348968656656,9.15446339224752,23.852630882148,8.23328002681799,2.46077223651438,1.01271911209377,10.3380704195706,7.97502351093713,7.72472005965265,18.503699630074,10.8045175736819,12.5990674258058,7.6743012711256,1.16764720699362,5.07663274228105,8.44290234457322,5.86451191489965,6.04670158020056,7.30082872008377,14.6049649092355,5.36045707006408,10.9319028535749,10.8776835769386,22.5630893274835,17.5842344160899,15.0499202655695,21.2888538911798,15.1005463477319,15.0314669942757,13.6722858366844,26.4615721377245,16.6190854140654,7.76820442573443,25.6192603328043,5.53976533799041,6.92650705622971,11.8802567312327,5.75855016475501,12.4852713226425,20.2214588989024,9.41650147347729,22.6131046077269,6.55515827421428,8.176502919953,3.41397129454833,1.95071781659983,16.5111659188562,10.9807194664102,13.8540427312752,14.2046928865076,19.5754335839593,27.1681063013232,23.4115548394377,7.0297439498178,4.93724619600846,23.0261525227295,11.9279922870532,13.6739314024899,13.1205678230784,25.1168250382089,11.699658114663,15.8424556177381,4.55106580923634,5.44629231679681,9.3280490993562,6.42735559931143,13.811752242203,9.74209936307365,19.0610099417633,18.8496710846635,18.8379961779378,13.2984886359315,12.5286112558416,23.6898227093408,6.41879272137682,7.71570476366223,17.8269571155596,22.9463112503949,10.1937726088039,25.800775182153,9.65141440411715,16.3841905506497,15.4272810306936,18.6040990107019,3.40164666007509,7.32830812670974,22.7205633732969,12.077950985163,14.4614245494695,6.0169261255229
"6",26.4553132659585,9.05220967499097,15.303153269833,23.9459599932849,18.6227951715096,0,29.0483200891205,17.0872642631874,22.5506740475756,8.12039407910725,30.7720863771048,26.4641738960429,28.9928991306492,19.7568114836377,19.5169285493389,21.5771012881712,25.0525248228597,16.7471699101669,19.5393270099049,27.3478957142958,26.5518003156095,13.2841032817424,22.6402915175578,25.0268595712686,18.6986630538122,11.6184680573645,17.590204660549,17.5298630913079,10.1982008217136,16.2262133598693,20.2813041986949,22.9873051922142,19.3500413436251,13.6645892730078,22.3415711175378,15.8912586033958,6.92849911597021,25.4042594853698,3.81601886787788,10.7466925144437,5.52123174663046,20.0266447514305,20.0599027913896,12.5061944651441,2.0597329924046,26.3368354211359,13.929142112851,13.3108564713169,16.9214656575605,28.7253650977668,14.435269308191,23.5448189629906,1.89612763283488,21.8673272257951,12.1165836769281,24.1717272862326,18.3765312287167,15.8302021465299,20.332068266657,2.17340746294845,27.7840043910161,23.2105579424537,21.1675222924177,26.762453176045,19.6889842297667,7.34612823193279,22.5374399610958,23.0782863315282,8.45479745469991,22.6345421866668,17.1208440212508,19.5792645418565,10.3273036171113,30.3181216436639,2.86762968320528,15.8977388329284,23.7344011932048,9.61681860076398,12.2768481297115,26.5726363012781,23.5849528301415,5.40830842315784,0.351283361405007,0.33136083051562,7.20056247802906,6.39620199806104,27.5904077534204,24.9296770937772,13.0822398693802,24.7089073008096,11.6894867295361,9.79900505153457,14.7818706529316,9.16341093698193,5.46239874048023,15.2962119493684,9.19026659025733,15.2459994752722,25.6130123179606,13.2767051635562,26.2587280727761,19.4649351398868,23.0910653716973
"7",19.9269290157816,23.1866211423743,14.4753929134929,30.0103998640471,11.0173045705381,29.0483200891205,0,27.5523592456254,14.3223601407031,23.9147841303241,33.1361434086708,5.96342183649623,21.2215857088956,9.57854373065133,17.6762439449109,33.4148619629051,4.61121459053903,13.417496040618,10.3891963115537,3.12430792336478,5.87486170049985,16.2616758054021,26.7971733583973,15.4149343170835,21.6788399136116,18.6742201979092,12.1832672136829,14.9925314740373,18.9500501318598,16.2303080685488,14.0011570950404,6.93496214841869,23.6015253744329,16.3651978295406,17.8823516350619,20.9041861836332,33.5125051286829,24.3378326890461,25.2938431243653,32.2584888052742,26.0361997995099,23.8166076509649,22.2852238041264,37.4757868496447,26.9936029458833,6.02079728939615,36.5564399251349,15.7724443254684,16.8476496877161,3.41621135177553,16.6767892593269,18.9569037556242,30.7734950891185,10.1984165437581,33.5464528676282,9.70470504446168,17.3095869390347,14.4044229318637,9.08172340472886,26.8809077227686,3.46508297158957,20.8861892168007,22.3900357302082,26.1854501584372,37.5732484621705,34.3481891807996,7.34155977977432,6.11236451792594,34.0281721519097,18.8878903004015,23.3580178953609,21.8814738991687,36.1277137389013,5.10201920811751,26.1895017134729,15.2958164214925,5.5721539820791,19.4373480701458,16.8496083040527,18.3481034442255,8.50028823040725,30.0217737650526,29.3127497857161,29.2988207953836,24.2825122258798,22.6913485716473,31.1339123786266,4.88881376204903,18.6443691231428,25.0219623531009,33.9124903243628,19.6244439411668,36.6875046848379,20.4743839956175,27.3474112120325,25.6469101452787,29.5966974508981,14.2984824369581,3.72200214938143,33.5750651525801,16.0317341544825,23.4001068373629,6.05260274592674
"8",13.3757766129672,9.70340661829649,15.1248041309632,6.86096203166873,17.6132819201874,17.0872642631874,27.5523592456254,0,14.1461832308224,10.1635131721271,13.6862887591925,22.2305218112396,15.2706908815548,19.1501279369095,10.1389792385624,6.35447086703527,25.7578958767986,15.2974671106036,17.7822523882662,27.6973356119321,22.3379251498433,19.6126999671131,6.01439938813511,14.9482473889082,6.25314320961866,12.4320955594783,16.6038700308091,12.7354819304179,15.1074319459,11.750514882336,13.6344600186439,24.8889453372376,4.9004999744924,13.7334773455232,11.317985686508,6.75580491133366,14.5703431668578,9.96197771529328,16.6700029993999,9.41838627366706,11.857461785728,5.2021630116712,6.4347882638048,14.4916700210845,16.5514138368902,22.1242513997649,11.9693775945118,16.5633480914941,10.8250173210023,29.2231483587926,12.3271732363912,11.4080191093809,17.0937561700172,26.3614756794835,9.63469771191603,18.4278756236306,10.2641560783145,14.5671994563128,19.3859433611057,16.5377174966801,28.3830741816316,9.83212082920058,7.13595123301722,10.6459428891949,10.2517754559881,15.3149665360392,24.5870291007271,22.1083807638642,13.6075346775233,10.7749756380235,4.2223808449736,6.48600030835645,14.6443504465033,25.7765649379431,16.4274922005765,13.1344013948105,22.3669845978397,16.3855607166798,15.8370199216898,14.4137295659382,27.1288518002513,12.5385804619183,16.9755589009611,16.9833447824626,10.9676661145387,16.4351330995523,10.5109466747767,22.6871990338164,10.7800742112473,8.91816685199374,10.4198128582043,18.2721783047342,11.5165142295748,13.2962287886453,11.6262117648011,2.44640552648166,8.69316973261192,15.6411924097877,23.9549285116863,8.7434832875691,15.5511092851925,5.14125471067132,23.5835641920385
"9",6.72655186555489,13.9135689167086,9.00049998611189,15.7000031847131,8.15800220642285,22.5506740475756,14.3223601407031,14.1461832308224,0,14.8783366005747,19.1483158528368,8.49472777668596,8.96803768948369,8.97399019388811,4.1040955154577,19.4586998537929,14.0311546210567,7.6915018039392,7.48888509726248,15.3750219512038,8.59697621259941,15.1554643610811,12.491296970291,2.80146390303356,7.90873567645297,11.1548419979846,8.06387003863529,5.24003816779993,13.6858467038032,6.37423720926669,2.51205095489722,14.2123784075713,9.6242402297532,9.70616814196004,3.56602019063269,8.40053569720408,24.2948965834391,10.2365081937153,19.7072194893141,21.1474844839759,17.6188450245753,9.71415462096419,8.17442352707516,26.7089984836571,20.8477960465849,8.40951841665145,24.9701281534557,12.0540449642433,5.65926673695453,16.7518506440333,8.35016766298737,4.80460196062067,23.7107992273563,17.1519007693025,22.0886509320963,4.63004319634277,4.59802131356522,8.0622205377923,8.77266778123964,20.7610500697821,16.090270351986,6.61973564426858,8.12561997634642,12.1808784576483,24.397807278524,25.1817811125425,14.1122818849398,10.2676677001157,24.1832276588548,4.5902505378247,9.9910459912864,7.87343000222902,25.9794476461683,11.7212030099303,20.2104923245328,7.15010489433547,10.1699016711077,15.0780137949267,12.3797940209036,5.65604985833753,16.9994970513836,20.9681878091551,22.6716408757725,22.6662502412728,15.6659631047695,17.6539882179637,16.9098344166937,9.85416155743349,9.46881724398565,10.791783911847,22.6700022055579,16.5973732861559,24.8187227713273,13.7033718478337,18.5376077205232,12.7819403847773,18.9268724304889,9.46840007604242,11.1861208647145,21.7095601060915,4.14010869422531,9.39962765219985,12.3023574976506
"10",18.3461930655927,0.971236325515062,9.44161532789808,16.8490771260624,12.9023292470778,8.12039407910725,23.9147841303241,10.1635131721271,14.8783366005747,0,23.5075753747595,20.1598933528925,20.8757514834796,14.3476409210713,11.5256279655384,15.8499747633868,20.6755749617755,10.5644924156346,13.6100146950692,22.9340140402852,20.2591534867575,11.0247448950078,15.0445870664502,17.1770690165697,10.6127470524836,5.24915231251676,11.7407027046936,10.2578019087912,6.25,8.84753072896613,12.8258527981573,19.0579169900595,11.4281800825853,7.55037747400751,14.2978389975548,7.77092658567818,9.79588178777184,17.4087908827695,6.63062591313973,8.77046178943846,2.76101430637366,12.1165382845101,12.0068522103006,13.618314873728,6.91757905628841,20.032695774658,13.1514637968555,8.97122622610755,9.2334175688095,24.4458953609803,7.5096870773688,15.4499741100107,8.96080911525293,19.2559393434857,10.2425973268503,17.2487796669793,10.4731322917263,9.56640475831961,14.8331048671544,6.87107706258633,23.5066054546376,15.0927399765583,13.1127418948136,18.875192714248,16.4097318686199,10.6705201372754,18.6512680534059,17.8114597941887,10.1320284247529,14.5409525135047,9.19935323813582,11.5033386458019,12.2144995804167,24.091303410152,6.58210452666927,9.03241385234313,18.3473431319088,7.05237548631665,7.90413815668729,18.5177158418634,20.552148306199,6.30753517627924,8.15447116617626,8.15383345427168,0.935574689696127,6.31723040580285,20.3173078925334,19.2681498852381,5.70264850749193,16.7896545527298,10.4030043737374,8.71208930165434,13.53013303704,4.17076731549484,3.70818014664876,7.93884752341295,6.02084711647788,9.66012939871925,20.2301359362709,10.7063952850621,18.3550973846504,11.5176950819163,18.4833465584563
"11",13.2897441660854,22.8689702435418,25.2740064097483,6.84255069400293,26.3341489325173,30.7720863771048,33.1361434086708,13.6862887591925,19.1483158528368,23.5075753747595,0,27.1727216156203,12.7033578238197,27.5601759791189,17.1978835907213,11.1225266913593,33.1729724323884,24.7119161539529,25.9990499826436,34.4907306388253,27.2616727293099,31.0723172615111,8.62336941108289,17.7226690992074,14.4291545143851,24.2242130935145,25.726639889422,21.4633641351956,27.2771626090398,21.2881023109154,20.4754389452339,33.1895842095077,12.7304673912626,24.6067490741869,15.6885340296664,17.2543849499193,27.7151366585121,8.9138599944132,30.13125453744,22.1643159154529,25.4778354653609,12.0915342285419,13.0447230710353,26.0700479477887,30.166421730129,27.1166738373275,22.9989064957445,27.6914788337496,19.9338832142661,35.8237532930317,22.8563798533364,14.3452640268487,30.7483332881638,35.7481761772541,21.7785972918368,23.5560798945835,18.3024861699169,24.4100020483408,27.5177560858439,30.1455137624158,35.2036645819721,12.612109260548,12.2700814993218,6.97792232688212,17.4775799240055,28.3519188063172,33.0344744168876,29.3868167721514,26.4747143516224,14.641543634467,14.7052711637698,13.6564453647353,26.9565446598781,29.4567649276019,29.9841624862193,22.8729097405643,29.3164476019862,28.7354084710832,27.3171027014213,14.9253241170837,35.895282419839,26.1182713823101,30.6618476286084,30.6696282990192,24.3846263042926,29.521126333526,3.19476133693896,28.9565622959632,22.1113206299398,8.51244970616567,22.6049773280134,30.6639397338307,22.1420008129347,25.854400012377,25.3099920979838,15.6106630224344,22.1585401143667,25.8580006961095,30.2770688805901,20.524156499111,17.2180864209703,12.7562141719242,31.3695712434837
"12",13.9771992902727,19.312301778918,11.1694673104853,24.1853778138775,7.89360500658603,26.4641738960429,5.96342183649623,22.2305218112396,8.49472777668596,20.1598933528925,27.1727216156203,0,15.3721078580655,7.0640002831257,12.1413343582985,27.8540086881583,7.31057453282572,9.77247153999437,6.93727612251379,7.74963870125569,0.10770329614269,15.1190244394273,20.9810223773771,9.45199449851723,16.1501857574456,15.1508844626312,8.8769814689454,10.2565881266628,16.320502443246,11.6422721150126,8.61201486296906,8.69756862577123,17.9977109655645,12.9059094991403,12.0202038252269,15.8079283905261,29.9532569180715,18.384474428169,22.9350495966327,27.9236261971829,22.5984623370706,18.1500964184767,16.6085279299521,33.3464750760856,24.4802165023106,0.128062484748658,32.0788169981376,13.415528316097,11.9264621745093,8.85946386639733,12.651185715181,13.0263195108979,28.0128684714722,12.3792770386643,29.0891749625183,3.87980669621568,11.9979748291118,10.7401024203683,6.47120545184589,24.3736579117702,8.41667392738961,14.9770658007502,16.6178368026648,20.223733582106,32.4134941035366,30.8241480012019,8.86339099893489,4.90079585373641,30.2268109465752,13.0034610777285,18.0081592618457,16.2530027994829,32.2347902118193,3.93153913881065,23.7115752323628,11.1346127009429,4.25409214756804,17.2162626606357,14.3208414557246,12.4142055726494,11.3623281065106,26.4547783963502,26.6793721815188,26.6684326498578,20.7006183482523,20.4219710116335,25.1926993392927,2.90848757948182,14.5263381483428,19.0898559449777,29.547091227395,17.9724789609002,32.0929930047043,17.3791714417,23.8024641581497,20.5235864312259,25.3902835746275,11.2230566246455,3.78112417146012,28.9517426073112,10.1030341977052,17.7840434097536,6.71586182109192
"13",2.59665169015792,19.9411057867913,17.6195601534204,12.5998253956156,17.1260298960384,28.9928991306492,21.2215857088956,15.2706908815548,8.96803768948369,20.8757514834796,12.7033578238197,15.3721078580655,0,17.8859330201139,9.84786778952682,17.9922344360004,22.1828943107071,16.4685305962615,16.4367423779775,23.0647176440554,15.444937681972,23.8818759732145,10.2544526913922,6.45700394920121,10.5211501272437,18.7178470984245,16.9894467243639,13.5285069390528,21.6502771344849,14.1863384987107,11.25550976189,22.7777610840047,10.672492679782,17.8880071556336,7.00071424927485,13.1141945997457,28.877501623236,5.82073878472484,26.8411363395815,24.3929498011208,23.5621263896109,10.1808889592216,9.41607667768269,29.7058664239911,27.6223116338948,15.3441096190036,27.2389427107588,20.6169760149252,12.9716999656945,24.2305096933597,16.2394211719507,5.54863046165448,29.7499798319259,25.9526838689181,24.8309202406999,12.2967068762332,11.164573435649,16.6539995196349,17.6320843918126,27.5561408763999,23.7517936164829,5.8954389149579,8.40567665330995,6.63871222452066,24.3460900351576,29.7183209485327,22.7412048933208,18.6525949937267,28.2729022210314,6.444974786607,12.5691407820901,9.734937082488,29.6301366854762,17.0617144507813,27.124588476141,15.4368552496938,18.3818388633999,23.1412575284923,20.739691415255,3.32132503678878,25.6064093539098,26.036781675161,29.0299500516277,29.0294333392852,21.7923495750229,25.2140040453713,11.7201535826114,17.6606285278865,16.6327868981719,6.99929282142132,25.5837936983552,24.8588113151052,26.7557713400305,21.1131830854563,24.0942565770351,15.343666445801,22.9312101730371,18.1438281517435,18.8930939763714,24.0073676191289,5.39868502507787,10.4646500180369,20.7679873844338
"14",15.7003184681076,13.6425840660778,4.90698481758402,22.9956387169393,1.56348968656656,19.7568114836377,9.57854373065133,19.1501279369095,8.97399019388811,14.3476409210713,27.5601759791189,7.0640002831257,17.8859330201139,0,10.4530043528165,25.3698738664582,6.67000749624766,4.01647855714431,1.56118544702415,8.78149190058273,7.13179500546671,8.09030283734793,19.8729162429675,11.4647503243638,14.0268456896053,9.1011427853869,2.69764712295734,6.53015313756117,9.56123945940065,7.40010810731843,7.11683216044891,5.82073878472484,16.0365987665714,6.79866163299807,12.0065398845796,12.4049385326974,23.9406035847052,18.7416114568625,16.1048812476218,22.8037935440575,16.4659284584866,16.4398205586314,15.0476609478018,27.9378327720673,17.728082242589,6.94525017547964,27.1442111692346,6.48494410153241,8.41268090444419,10.323032500191,7.30924072664186,13.5191456830674,21.4067582786371,8.23837362590457,24.1404225315134,6.53287073192176,9.55761999663096,4.9491918532221,0.596154342431553,17.6180163469103,9.42019638861101,15.0028530620012,15.5267639899626,20.7325082901225,28.7312112518773,24.780419689747,5.58163058612804,3.46688621099684,24.4513885086308,13.0286645516722,15.1783826542883,14.510795980924,26.555481543365,10.6974249237842,16.938397208709,6.11366502189971,4.04249922696344,10.2867876424081,7.4820451749505,14.5653904856684,8.37147537773361,20.4463639799354,19.9981849176369,19.9856398446485,14.7040028563653,13.53881087836,24.9823817919749,5.17289087454974,9.25916842918412,19.0480366442319,24.4619888807104,10.9227148639887,27.3378949445637,10.9383591091169,17.7710157278643,16.9794729011239,20.1077348301593,4.72200169419707,5.94175058379262,24.264469909726,12.6781228894502,15.8850275416821,4.4559286349761
"15",7.25198593490087,10.5569408447713,8.34890411970338,12.6358577073343,9.15446339224752,19.5169285493389,17.6762439449109,10.1389792385624,4.1040955154577,11.5256279655384,17.1978835907213,12.1413343582985,9.84786778952682,10.4530043528165,0,15.7486824845763,16.5567659885619,7.57218594594718,8.9034038434747,18.2361536514694,12.2480529064827,14.5274808552619,9.46381001499925,5.76459885855035,4.0150840588959,8.87072150391387,8.53201031410535,4.31258623102194,11.8333258215939,4.50871378554905,3.70021620989909,16.2140710495545,5.92864234036765,8.2135315181717,2.88001736105878,4.3783330161147,20.5544350445348,8.58951104545538,17.0901872429766,17.127746495088,14.2840505459761,6.18827924386093,4.69595570677578,22.6920294376682,17.9950937758046,12.0397508279864,20.8854327223546,11.1439490307521,3.18924756016212,19.7090664416151,6.48771916778154,4.31724449157098,20.4836324903568,18.5696015035326,18.0244639310022,8.30280073228305,1.33932818980264,7.41534894661067,10.483057760024,17.9206473097374,18.9459969386675,4.97940759528681,5.07607131549587,10.5594033922376,20.3793473889622,21.4364106137198,16.0120985507834,12.7508509519953,20.3258185567027,3.46208029947313,5.93735631405089,4.2323161507619,22.0514058508749,15.6376276973203,17.4433139053335,5.96928806475278,12.8551973924946,13.3363000866057,11.0947059447288,7.09045132555044,18.8244654638585,17.3369576339103,19.5939914259448,19.5911229897625,12.3907223356833,15.3753211348576,14.5386003452877,12.9126178600623,6.79532927826165,8.71184251464637,18.6239469500963,15.1049263487115,20.720217180329,11.2769676775275,15.0502126230828,8.68105984312975,15.0027897405783,8.92328414878738,14.2301264927618,17.6168839469414,6.8605903536066,5.73252126031819,14.5485806867887
"16",16.8296316061879,15.5791142238575,21.4674171711457,5.64727367851072,23.852630882148,21.5771012881712,33.4148619629051,6.35447086703527,19.4586998537929,15.8499747633868,11.1225266913593,27.8540086881583,17.9922344360004,25.3698738664582,15.7486824845763,0,31.9149134418378,21.5859445009942,23.9554419704584,33.7794745370617,27.9597031457775,25.8878137354239,7.81793450983059,19.6208256707,11.7375338125179,18.7309396454102,22.877294420451,18.878606940132,21.2904720473737,17.9939795487268,19.4139176880917,31.1489855372531,9.85682504663647,20.0873816113499,16.1750579597107,12.9793682434855,17.2684973289514,12.1721362135001,21.9616688801193,11.6623711139716,16.9552027413417,9.74938972449045,11.2854330887211,15.0013466062217,21.4959810197162,27.7569630903671,11.9018527969388,22.8959603423835,16.9724512077661,35.289070545992,18.6722173294979,15.7500603173448,21.1191524451148,32.7066185962413,10.9851945817996,23.9830460951064,16.1509875859032,20.8865889986853,25.5711575803678,21.5063200013391,34.4761279728452,13.8239393806541,11.4859958209987,11.7589115142516,6.69103878332804,17.794867237493,30.8600988332831,28.2020495709088,15.8528010143318,15.3758837144406,10.2033131873916,11.6045896092882,16.0504984346281,31.1734053321096,21.5384911263533,19.4276555456391,28.4090425745043,22.4930767126243,22.1406797546959,18.2321501748971,33.4420588481032,16.3819931632265,21.3901496020949,21.4020956917775,16.5260098027322,22.1558682971352,8.61250834542411,28.6085668987456,17.1315761096287,10.9963084714826,11.7874000525985,24.3347200518107,11.0252437614776,19.3888885705189,16.3459505688718,8.76156378736125,12.4121915873064,21.9888153387125,29.9077999859568,9.66747123088556,19.8978918481331,10.072894320899,29.7707003612612
"17",20.432058144005,20.0533912344022,11.3815157162831,29.1905258602856,8.23328002681799,25.0525248228597,4.61121459053903,25.7578958767986,14.0311546210567,20.6755749617755,33.1729724323884,7.31057453282572,22.1828943107071,6.67000749624766,16.5567659885619,31.9149134418378,0,10.6747974219654,7.9756441746106,2.3041701326074,7.28055629742673,11.96411300515,26.0050495096625,15.8605327779366,20.3754214680335,15.4595795544381,9.34495050816215,13.0400038343553,15.1877220148382,14.0308588475546,12.9161488068232,2.33238075793812,22.3767401557957,13.2341678997963,17.5005485628308,19.0021709286071,29.976499128484,24.2591219956535,21.2517528688812,29.3001706479672,22.5385048306226,22.7139186403403,21.2489364439729,34.2894808942918,22.9931576778832,7.28294583255979,33.6672778822405,12.0114653560671,14.9502709005556,3.77465230186835,13.9488350768084,18.8351718866593,26.8379600566064,5.71316024630851,30.6760655886637,9.8972016247018,15.8668742983614,11.5750809932372,6.37808748764079,22.8793465815788,2.83155434346579,20.586816169578,21.5780675687143,26.2112971827035,35.4011934827062,30.7813222587984,2.75506805723561,3.81760396060147,30.6431101554656,18.5475739653465,21.7120726785814,20.7578274393059,32.7825227827268,8.70191358265526,22.1850873336122,12.7834932627979,3.86657471155026,15.4608731965565,13.1228807812919,19.0092609009398,4.24605699443613,26.5360208019213,25.335737605209,25.3206319036473,20.9161875111121,18.6569986868199,30.8343509741976,4.57499726775875,15.876649520601,24.751632269408,30.9573852254999,15.413503819703,33.9038950564681,16.9158771572745,23.8917977557152,23.6273676062315,26.5745818405483,11.0651028011492,3.53420429517027,30.857370270326,16.7881684528122,22.2051097723024,2.22892350698717
"18",14.0184913596292,9.79347742122276,1.51109232014461,19.6280437130143,2.46077223651438,16.7471699101669,13.417496040618,15.2974671106036,7.6915018039392,10.5644924156346,24.7119161539529,9.77247153999437,16.4685305962615,4.01647855714431,7.57218594594718,21.5859445009942,10.6747974219654,0,3.04844222513729,12.7971754696105,9.86517105781749,7.46488445992301,16.6140693389669,10.4863435000004,10.6138635755318,5.40937149768806,1.33221619867047,3.26098144735599,6.76727419276033,3.63891467336072,5.23717481090711,9.6008801679846,12.5915686076041,3.13453345810824,9.80318825688867,8.61641456755651,20.2996453170985,16.1581713074221,13.3367949673076,18.8519627625348,12.8764630236723,13.0728726758888,11.8072011924927,24.0646836671501,14.7995472903735,9.64443881208233,23.172494470816,4.45457068638494,4.87283285163774,14.3390411115946,3.2983783894514,11.3965696593317,18.2552677329038,11.2867754473986,20.1648233317329,7.57406759938145,6.40969578061237,0.998098191562334,4.40192003562082,14.6961355464625,13.4364876362835,12.4970276466046,12.4598113950413,18.1313264820862,24.7378778394591,21.1589248309076,9.2909041540638,7.37684214281423,20.6961469844027,10.7148121775419,11.469167362978,11.2252616895999,22.767136403158,13.6808844743313,14.0519322514735,2.16333076527839,7.84974521879532,7.91765748185661,5.00852273629661,13.2297278883581,11.8666633895127,16.7934659912717,16.9493510200243,16.9391410644106,11.0201633381724,10.9319943285752,21.9417524368497,8.70581989246274,5.25909688064405,16.2661181601512,20.5082666259243,9.16078599247903,23.3451879409869,7.61603571420198,14.1220997022398,13.06,16.180077255687,1.83330303005259,9.70600329692917,20.26159421171,11.8194458414936,12.4694586891332,8.45060944547788
"19",14.2068750962342,12.8418378746969,4.29180614660075,21.471676692797,1.01271911209377,19.5393270099049,10.3891963115537,17.7822523882662,7.48888509726248,13.6100146950692,25.9990499826436,6.93727612251379,16.4367423779775,1.56118544702415,8.9034038434747,23.9554419704584,7.9756441746106,3.04844222513729,0,9.96917749867059,7.02180888375638,8.72069377974023,18.3377779460871,10.0536162648074,12.5262484407743,8.42603702816454,1.95412384459123,5.07828711279699,9.38322972115678,6.06904440583524,5.56102508535971,7.32991814415413,14.5363613053611,6.12092313299228,10.4551279284378,11.0265497776957,23.3277045591717,17.1824474391747,15.998053006538,21.8693049729524,15.885392661184,14.9247780553012,13.5177290992237,27.1078217494508,17.5472049056253,6.81082961172866,26.1723995842949,6.53386562457478,6.98315831125144,11.5086619552405,6.28783746609277,11.9761930512162,21.1142274308107,9.7904902839439,23.1627567443947,5.56586920435613,8.03815899320236,4.04544187944902,1.62003086390352,17.440189219157,10.6377159202528,13.4437829497504,13.9790021103082,19.173585997408,27.4933955705729,24.1831863078462,7.11233435659489,4.42578806541841,23.7420407715933,11.4740489801988,13.753094197307,12.9880445025416,25.8152764850582,10.781113115073,16.7761318545128,4.93973683509557,4.83864650496397,10.3092434251986,7.39505916135902,13.1158415665942,9.92397601770581,19.8220205831797,19.7600328947095,19.7487341366479,14.0498327392179,13.4926239108633,23.4265767879133,5.65827712294122,8.25576768083986,17.4869665751382,23.5234776340574,11.2030799336611,26.3200303951192,10.5079874381349,17.1475974993583,15.6658162889777,19.2110931495321,4.29343685175408,6.67059967319281,23.2196123998658,11.2997389350374,14.3795966563739,5.81537617012004
"20",21.5054086220188,22.2947729299942,13.5888078947346,30.8226540064285,10.3380704195706,27.3478957142958,3.12430792336478,27.6973356119321,15.3750219512038,22.9340140402852,34.4907306388253,7.74963870125569,23.0647176440554,8.78149190058273,18.2361536514694,33.7794745370617,2.3041701326074,12.7971754696105,9.96917749867059,0,7.69013003791223,14.2205063200999,27.6176211864816,16.9217168159735,22.1413865871133,17.7046039210144,11.4780006969855,14.9628506642284,17.4901829607354,16.0351925463962,14.5465631679789,4.46071743108662,24.1255486984234,15.4575159712031,18.9152425308268,20.949560854586,32.2726215235143,25.5948002531764,23.5442264684997,31.5239401090663,24.8286487751549,24.4227783022325,22.9282729397572,36.551734568964,25.2889007273942,7.76036725935055,35.8826364694681,14.311858719258,16.8724212844511,1.54259521586189,16.090469228708,20.1577106835077,29.1374072285095,7.26455779796678,32.8854770377442,10.9633297861553,17.6511331081039,13.7257750236553,8.42341973310128,25.1750372392972,0.715891053163819,21.9908026229149,23.1795815320294,27.5129078797571,37.4613147126472,33.079555619748,4.91011201501555,5.58896233660596,32.9268795970708,19.9541699902552,23.5938233442569,22.4649282215635,35.0630888542353,8.02760861028986,24.4808190222468,14.8641481424265,5.38535049927115,17.7618974211653,15.4224252308124,20.0050093726546,5.46876585711987,28.8272093689278,27.6326184065137,27.6174220375472,23.1915178459712,20.9517922861029,32.2786368981096,5.53434729665568,18.0362856486584,26.1647568305154,33.1820870350254,17.6848551026012,36.0999238226343,19.2069388503218,26.178968658066,25.6252239014608,28.8064437235838,13.2974170424184,4.22168212919921,33.0375135262931,17.7231204927349,23.9431764809935,4.45067410624503
"21",14.0610277007052,19.4125371860558,11.2589964028771,24.2862286079992,7.97502351093713,26.5518003156095,5.87486170049985,22.3379251498433,8.59697621259941,20.2591534867575,27.2616727293099,0.10770329614269,15.444937681972,7.13179500546671,12.2480529064827,27.9597031457775,7.28055629742673,9.86517105781749,7.02180888375638,7.69013003791223,0,15.1802667960744,21.082298261812,9.54007337497988,16.2566570979399,15.2460257116404,8.96341452795752,10.3618724176666,16.4049017065022,11.7468336159154,8.71967889317032,8.69243924338847,18.1033146136281,12.9989730363594,12.1204991646384,15.9155584256412,30.0521213893462,18.4772968802257,23.0188553147197,28.0285657856409,22.6950060586024,18.2548404539727,16.7132163272064,33.4503363211792,24.5664690177486,0.228035085019828,32.1847743506149,13.4937022347464,12.0332746997648,8.78877124517415,12.7507842896035,13.1222635242553,28.1029322313527,12.3785015248212,29.1949053774798,3.98408082247336,12.1056433121086,10.8340666418478,6.53826429566747,24.4598037604556,8.35425640018308,15.074551402944,16.7206130270394,20.3143151496672,32.5211469662434,30.9227699276763,8.86341356363337,4.92440859393288,30.3278898046007,13.1025798986307,18.1155678906293,16.3584137372791,32.3367917394413,3.83293621131372,23.7971594943598,11.2348742761101,4.27028102119755,17.2955630148313,14.4023782758265,12.495283110038,11.346721993598,26.5532916980174,26.7676465158968,26.7566683277272,20.798249926376,20.5036313856839,25.2870500454284,2.90848757948182,14.6276348053949,19.1853120902424,29.6523085104685,18.0440350254592,32.1995186299423,17.4701803081708,23.9003451857918,20.6312869205971,25.4941659993027,11.3093677984227,3.74818622803083,29.0583034604569,10.1830889223261,17.8895108932581,6.71869034857241
"22",21.3876833715108,10.8343389276873,6.26827727529661,25.2570227857521,7.72472005965265,13.2841032817424,16.2616758054021,19.6126999671131,15.1554643610811,11.0247448950078,31.0723172615111,15.1190244394273,23.8818759732145,8.09030283734793,14.5274808552619,25.8878137354239,11.96411300515,7.46488445992301,8.72069377974023,14.2205063200999,15.1802667960744,0,22.5718275733269,17.9471028302621,16.6432028167658,7.18689084375156,7.2868992033649,10.3929062345429,4.79400667500578,10.0388943614324,12.6960820728286,9.78672570372747,18.4066428226334,6.47715987142513,17.0643605212736,13.9080012942191,18.9343206902175,22.9896715940006,9.47152574826253,19.6367003338137,11.9344291861823,19.0122723523518,18.045678152954,23.8688604671442,11.2469418065535,15.0040027992533,23.9526198984579,3.40735968163034,11.4023243244524,15.5317738845246,8.24584743977234,18.6505790794817,15.1335025688041,8.70394163583373,21.1541248932685,14.2798389346659,13.2220006050522,7.23412054088125,8.6707323796782,11.1333058881897,14.6023730948089,19.4981896595556,18.9087968945674,24.8987007693173,27.3730981074485,19.6559253152834,9.33419519830178,10.7530879285906,19.9021858096039,17.894270032611,16.6938581520271,17.4309666972317,22.0620261988785,18.5671672583623,10.4468607725,8.56740917664144,11.4725759966975,4.16559719608125,3.81811471802511,20.6744866925397,10.332831170594,15.7257114306476,13.5902465025473,13.5736509458583,10.8456488971384,6.95634961743586,28.0891794112964,12.8641906080406,9.0750647380611,22.9006309956735,21.2099622819089,3.49521100936696,24.4324722449448,6.87081508992929,13.3009022250372,17.1674837993225,16.9299379798037,5.73809201738696,13.1980983478681,21.7109212149093,19.2773286531096,18.3533566412251,10.2093535544617
