"","Apulia","Arla","Arnum","Bacau","Bakkeveen","Ballangen","Belle-Ile-en-Mer","Bialowieza","Bolzano","Buckarby","Bursa","Bussiéres","Calabria","Callantsoog","České Budejovice","Chernobyl","Cirencester","Cuxhaven","Dieren","Diptford","Dontreix","Eksingedal","Feleacu","Foreste Casentinesi","Frýdek-Místek","Göteborg","Hage","Hakel forest","Harestua","Havelberg","Heidenheim","Heslington","Jezersko","Jutland","Kamnica","Kobylnica","Kolari","Kopaonik Mts.","Korgen","Korpilahti","Kramfors","Krásnohorské Podhradie","Krupina","Kuusamo","Kvandalfors","Le Quartier","Lieksa","Lillesand","Linda","Lizard Peninsula","Lolland","Mala Kapela","Malselvfossen","Maud","Mikkeli","Morges","Mšec","Neuborn","Noordwijk","Nordnes","North Hill","Nova Kapela","Ócsa","Osogovo Mts.","Ostashkov","Pallasjärvi","Pickering","Pihen-lé-Guines","Pisavaara","Plešivica Mts.","Polichno","Pravenec","Pyhätunturi","Pyrenees","Rana","Ratzerburg","Ribeaville","Ringebu","Risør","Rosello","Roslin","Skelleftea","Skjomdalen","Skjomdalen 2","Skog","Snåsa","Solnik","St Jean-le-Thomas","Stensoffa","Strmosten","Suonenjoki","Surnadal","Tohmajärvi","Torsby","Umea","Urwitalt","Vammala","Varde","Vimoutiers","Virolahti","Viterbo","Vysoké Tatry","Wicken"
"Apulia",0,0.540664505706577,0.524372289259001,0.396015966035698,0.461768516576465,0.754256120448272,0.700911430795237,0.386061146157755,0.594641950963466,0.595628292187049,0.525681643560064,0.541156390829659,0.402721170505197,0.615877916078204,0.433868593451091,0.405425217659697,0.509813031518203,0.496760979324283,0.462978819231414,0.552532526571061,0.511253014175479,0.75752503256241,0.644009383577674,0.568584129518394,0.389134447721868,0.659049215621298,0.44109371507314,0.417764036567599,0.628941000217317,0.691122906067998,0.379980282174327,0.471680627387208,0.396642152947429,0.478509143289322,0.381371901896693,0.476097638729356,0.639311824209096,0.36050872353264,0.5499481331575,0.502049902745591,0.553892165955177,0.535437381702673,0.365568176688756,0.52447001974455,0.599599971080987,0.435141115076285,0.485745007729195,0.677385672155214,0.68808187565319,0.570768258976941,0.534717603199147,0.645408275254942,0.808945130979995,0.672069589379382,0.506621938130687,0.683166228507549,0.432810769917879,0.609790941953123,0.560372237109958,0.61397643648071,0.525632843745866,0.372504221228508,0.449429800871131,0.389317432658681,0.479460886597368,0.623927400460994,0.515050738148551,0.69782766911846,0.626966823008841,0.618437373787937,0.436216108846191,0.383959819770222,0.648002364588788,0.687653737609055,0.580490316565896,0.474137301661927,0.703350440699578,0.641393245316801,0.718766857157789,0.412684929264197,0.5351234457503,0.641818291216024,0.735158709825686,0.704705155268317,0.58364468412732,0.659746000985432,0.383136864863997,0.464543526542286,0.501113868988347,0.348378078840446,0.48901515371716,0.730748162595794,0.48936539875215,0.569089491855677,0.578775514076258,0.447658552233231,0.52069960125377,0.4726344231463,0.444529981239591,0.491059005516738,0.453961509081445,0.371684522394247,0.507916036294165
"Arla",0.540664505706577,0,0.224070595324492,0.264806811677526,0.261145025499203,0.443350807686975,0.358607080866961,0.253639698662363,0.400483046950915,0.0723202495684056,0.484655968400503,0.415252811017276,0.554934556364164,0.360194849163009,0.26193104374343,0.288648750434091,0.319546056922303,0.28320861494046,0.275256931915065,0.359788706735139,0.400108916259328,0.302706394037416,0.338320146788794,0.275471048181187,0.239287206871272,-0.0305086378509515,0.255777488536412,0.23144771438927,0.0903870045043362,0.291938523183368,0.22355814550213,0.294634418747474,0.248975692378201,0.226952407939625,0.279673713350114,0.260442429918001,0.395375211762333,0.300182638574537,0.311174582159097,0.374594146148153,0.175217787802835,0.346820060746484,0.223395509314979,0.37221867038714,0.410304128573531,0.390791497427979,0.358525213250466,0.196032036914918,0.316309478046521,0.372132501264498,0.250051092401364,0.354020717910671,0.536424520482645,0.453377764408816,0.378692363668666,0.311784329900916,0.255625026625633,0.291874363654564,0.34243339139813,0.388890347731181,0.328794003221063,0.287925115441988,0.332660789738096,0.335206344983254,0.325666554511176,0.394433665068598,0.323030089169978,0.28467707135665,0.399206626190297,0.349823763911459,0.248331904592164,0.231929611913067,0.378704221153509,0.597339230407408,0.357467504830724,0.219610853141928,0.305767471870053,0.136420785766279,0.192905023490281,0.4591193126083,0.340116899071085,0.398405968192349,0.492807747131024,0.496828215484437,0.0951722622867626,0.211905012894684,0.306427447204915,0.378695522573967,0.0950956738292986,0.279474264623175,0.362997369708012,0.186962042790337,0.360024138712689,0.0526907887349164,0.282741588726585,0.28913190859807,0.384902838710696,0.200788093969369,0.338705685908314,0.363772645403222,0.430263807045398,0.231969511641952,0.322270685549364
"Arnum",0.524372289259001,0.224070595324492,0,0.206389572242638,0.173202983603824,0.441439178027319,0.319113322201116,0.197633339936907,0.357868454352953,0.287016683946199,0.469876888278766,0.373770959891229,0.547819452426212,0.283696426588926,0.189629672576865,0.221467258471973,0.261836278032986,0.189792255255385,0.192693095314544,0.304858515667932,0.361693094106584,0.462253781567629,0.282217806624082,0.23607279278098,0.179163256742986,0.0983673935956509,0.180803624545354,0.157129983282333,0.265736145167801,0.221185547483282,0.157689942313696,0.234975754796621,0.199295038355664,0.125270014037652,0.226669023785114,0.195600011486719,0.347920673122532,0.25264275979898,0.327116854260265,0.333841998474338,0.296199923735231,0.302964306621507,0.160692519445577,0.315568680290808,0.414614781694657,0.35748740843967,0.318470090793774,0.382158465979352,0.248191382362934,0.325804052356992,0.156132951195753,0.300975495235694,0.536718982981602,0.42122898297125,0.336953811204367,0.266052520022361,0.189242989407502,0.177009488162346,0.269485525139099,0.38786349273476,0.26702202594601,0.244483495781782,0.28898126169082,0.289929737564127,0.26864442983372,0.341956738153839,0.262560498066675,0.234216910348468,0.348747859546027,0.294309775632374,0.170746244400798,0.171728995124659,0.326666209206424,0.605655199612395,0.371877466202822,0.123993889469935,0.246558685251409,0.330784203506027,0.373486293834466,0.420581270703623,0.286978165022971,0.372084071980107,0.505663037745578,0.507861082316109,0.290696442479044,0.359651966048259,0.246517866865093,0.339863014004085,0.146795553692885,0.233464752621881,0.320642742522314,0.346413350800205,0.317288362301935,0.253984574309706,0.325558332135081,0.239679717365583,0.345355598838639,0.0622945749762548,0.289651597202492,0.320181503613813,0.379799745988545,0.169864626777043,0.26126376307299
"Bacau",0.396015966035698,0.264806811677526,0.206389572242638,0,0.145403903738989,0.330460902684078,0.226683885233918,0.0845903235809358,0.227713758546282,0.312468313505515,0.351344778799328,0.266889712697069,0.449552004847095,0.238415433193369,0.109518192631701,0.100288757315205,0.240856872795485,0.213438931118054,0.170397518321415,0.28481153288948,0.239854125519322,0.444323483542582,0.139613681448028,0.151027608085168,0.0884136561366436,0.100855509639793,0.171839288863166,0.134971146555094,0.278871351336627,0.160544165785732,0.0998107438073848,0.230058800215108,0.0893282379630026,0.209569782627967,0.113216740220855,0.11002899425021,0.226289350730514,0.109880210940175,0.252179362642631,0.223389859162689,0.272654992251888,0.17413535498685,0.0545058207614788,0.187668743030545,0.331142187731215,0.2603855879229,0.208308801391652,0.388284717939467,0.165852386031473,0.302851510229393,0.215031581544379,0.174713396654816,0.42324845030658,0.387364362983187,0.224801011745638,0.183959967363536,0.125371054688748,0.212146041225643,0.241436741765553,0.292059212629993,0.241442054114522,0.123588004937816,0.175515697403039,0.150645346478714,0.150032530266062,0.217652516904812,0.244349774242072,0.167362322843105,0.218922806924465,0.16108609844235,0.0780012274727098,0.0753123016986124,0.204790703100497,0.509096321038854,0.290185037984299,0.155781438130654,0.171257674534751,0.341383962367185,0.366090974074365,0.294507847413164,0.266502796353458,0.253174848488457,0.40669344040545,0.422797659409666,0.305388083794255,0.335579306582494,0.121240169938262,0.246404981482499,0.222026883377415,0.105111800668963,0.209040225346974,0.327218994904833,0.203801661210876,0.291113732740091,0.265286145813655,0.137848450303426,0.238055012401533,0.14809582313055,0.207945961249212,0.208188185564908,0.242297665413873,0.0569764201598843,0.240353779775509
"Bakkeveen",0.461768516576465,0.261145025499203,0.173202983603824,0.145403903738989,0,0.395241155357098,0.233222633128773,0.140569180151772,0.261766121614063,0.316182013813137,0.426914756594665,0.27044116409689,0.506656531816602,0.161202926887351,0.108144769427841,0.161388644526302,0.168633680326058,0.175217159942413,0.0836231542727588,0.220128155685198,0.251452571271105,0.486733896897096,0.195628276999499,0.165414428019,0.118842594254704,0.088511523776789,0.120838961500915,0.0984608601079682,0.281002955787983,0.15567484066779,0.0595790140644784,0.149605647616043,0.140221481590458,0.192063907736122,0.142940110208428,0.136626174289265,0.26718079233904,0.176877316472702,0.306916761172108,0.291734605319353,0.296332157532859,0.255639381838951,0.102879818969183,0.241321559180461,0.39693694183247,0.268174826043173,0.275496892206974,0.410976277591173,0.171559611393697,0.24458355028799,0.198535924315503,0.205644481617067,0.472954422829275,0.358645617054654,0.294309748642938,0.186889456039916,0.127299515400741,0.16461570794403,0.164207950828628,0.360728830502243,0.176983691211222,0.171366149753352,0.217696041755314,0.217519099269168,0.210890704626048,0.260970371731837,0.169348399129241,0.136307191424091,0.262821813783634,0.193417639296742,0.118412164998602,0.11783645272531,0.247382358352644,0.576787470283875,0.349600596712783,0.121018466032116,0.146327848650141,0.354735739107279,0.392325647190856,0.324277530338161,0.202476829927022,0.322729112685043,0.486883944604305,0.498440579029831,0.313969711601996,0.365021690594773,0.165409340230837,0.255780673816354,0.202018163257793,0.162907100271749,0.275065984336243,0.349731729972665,0.275708654696561,0.288067921967632,0.309494819647276,0.200207324391114,0.305967104686441,0.123191010317728,0.18869284751657,0.277746714578041,0.280542792213893,0.108700555874384,0.1658953067281
"Ballangen",0.754256120448272,0.443350807686975,0.441439178027319,0.330460902684078,0.395241155357098,0,0.584580592727342,0.263367570800809,0.545858806571319,0.497250104815042,0.590665983631956,0.563853328852529,0.675553646073117,0.533322171889933,0.369614048009457,0.273722078137756,0.45275800114384,0.427642327597748,0.398079391587619,0.500944576821463,0.539488991339567,0.672025195514469,0.498198464630126,0.47826220649189,0.30548484764107,0.481398116526959,0.379224371052707,0.35380577085662,0.518653792024611,0.516746122324979,0.322123063901756,0.418493100716417,0.306756251262771,0.415684986637286,0.355049310285003,0.368032917092272,0.397952892177198,0.361935274231086,0.263336067566381,0.306147944011908,0.387207157654432,0.454790023048766,0.28234612598393,0.301006865461925,0.302829223612682,0.491617764482839,0.280437635581079,0.58335377242503,0.508219072295659,0.514252429456538,0.458016373304466,0.528126945660363,0.746831112473495,0.623160320053004,0.307988262618439,0.531972072804391,0.350493375386812,0.501780429033688,0.489577866537667,0.314116510207132,0.464154361363608,0.363835023870506,0.417648132456304,0.413217442389168,0.316203660604145,0.385046608773647,0.459789422295701,0.504399154537487,0.384242462762653,0.502819438174747,0.32595064998326,0.303584268352851,0.396084370306947,0.74618219662897,0.300571249731802,0.383888824218557,0.516329118119893,0.542383504586422,0.618654115027908,0.608824223656392,0.48002947675216,0.327067920363667,0.299699507133941,0.121695461112226,0.480351683844284,0.524546865480132,0.39152852430764,0.481725035629427,0.410661152875707,0.343987529884561,0.285428801066754,0.608080683500023,0.285771923555721,0.473474986944814,0.342288993289362,0.339726821028087,0.326405860358031,0.385953832003995,0.452938518472495,0.297741341953991,0.560996557606261,0.288781329079964,0.452687852536655
"Belle-Ile-en-Mer",0.700911430795237,0.358607080866961,0.319113322201116,0.226683885233918,0.233222633128773,0.584580592727342,0,0.225930530621693,0.270549397096613,0.419930999937091,0.446687500854891,0.172613194901604,0.516591016286748,0.346527314486486,0.228219955699901,0.220268425384454,0.326242835579345,0.319189970008383,0.247701151464539,0.366726488380067,0.148920208412376,0.623560912165506,0.213486148382569,0.227582383291045,0.222938231923603,0.0907959019403286,0.267336865927918,0.239657179841554,0.426570595530259,0.220458961646583,0.181704459419951,0.294691975557886,0.23849888875972,0.303360384307988,0.226850547560609,0.253197908107187,0.290582018291756,0.218193290545386,0.379793074099756,0.340190913555453,0.382743542545494,0.358798576049393,0.196238674101139,0.285257902617291,0.455107878995695,0.165865426283998,0.332561469778145,0.517778089714085,0.255131415518909,0.379470019633859,0.334329753083954,0.246229586769981,0.762555832102637,0.490918928630221,0.349496643365808,0.191022915499344,0.246822838331377,0.255289863226482,0.337278589983599,0.443424697125302,0.323405742090027,0.235767698065865,0.291885705502083,0.261276200840355,0.286383281100286,0.280133263693833,0.318882500201639,0.169265414129053,0.296114704731522,0.209438590140021,0.231564921980985,0.223337461826912,0.28118420445085,0.542753216771095,0.429254522801586,0.271195757106666,0.157605808447018,0.466644447965182,0.552046914803553,0.325811118855984,0.34347596845444,0.436158071825896,0.609843195032766,0.577238919876783,0.412147886326253,0.484077285254207,0.207575494732276,0.144308738913214,0.322577616583558,0.220266149189569,0.327723587410466,0.53758731819942,0.330427030618959,0.391767345368036,0.396180868044416,0.280742255860311,0.361434494771503,0.250514742701796,0.127971351288413,0.327198928302563,0.254399147044361,0.206181437494239,0.313068681327942
"Bialowieza",0.386061146157755,0.253639698662363,0.197633339936907,0.0845903235809358,0.140569180151772,0.263367570800809,0.225930530621693,0,0.231504602296134,0.29530310091802,0.358902569541804,0.259388605725336,0.434773069558271,0.230657822082515,0.107629820673116,0.0270025277620637,0.234718473224355,0.197237296383376,0.170921077252731,0.276988213049601,0.237672098615656,0.413042368063289,0.144149098285911,0.142965551038128,0.0798706099212846,0.0809736014169091,0.164936139925423,0.127183707971908,0.260975115000081,0.150337840726592,0.105071646954369,0.223093278842267,0.0825712733068055,0.202685122631322,0.129494446916428,0.0798387320923782,0.164161367105715,0.142168435356037,0.202917157964556,0.143999866298724,0.244283838449436,0.164258737462039,0.0560648831383421,0.117045129983347,0.269570252734019,0.264921711906107,0.127673518708935,0.364912090072652,0.149683615844879,0.286952049226528,0.197488634759797,0.175954281690782,0.40907774468667,0.363282873348676,0.145872387408303,0.179274498521846,0.116443579932295,0.19457316045067,0.234407654327168,0.229612265823069,0.232522075114279,0.14573648366419,0.180223838142121,0.179964994389945,0.057608051365269,0.155081778269459,0.235334679703444,0.158747193576329,0.153693227212227,0.170813124346512,0.0425817524402327,0.0783109827148367,0.144995381863915,0.487974084460059,0.240517181302096,0.144924704493248,0.160989195134181,0.319754356958875,0.34152025479616,0.289114416897503,0.258863611681011,0.186483031859744,0.33639416322374,0.352979573554823,0.291490025669919,0.309199437161649,0.136184851916277,0.253014825537532,0.208247420786187,0.12958498060256,0.130014125267365,0.307347395533751,0.128146888053338,0.274735009127324,0.217412700035478,0.0649876797375968,0.155899833705693,0.135746868701632,0.214478661394926,0.126797721896847,0.246852629240529,0.051656886608346,0.233084860213082
"Bolzano",0.594641950963466,0.400483046950915,0.357868454352953,0.227713758546282,0.261766121614063,0.545858806571319,0.270549397096613,0.231504602296134,0,0.459095621772155,0.432536854475797,0.277436056625144,0.517851223080049,0.377568190790245,0.234372996122542,0.233020082034842,0.366299383857315,0.353314222907023,0.289035395466475,0.41649960075961,0.265936008413958,0.637931648326556,0.175330607808558,0.114721547732687,0.237318705882639,0.102721722643854,0.303953175823552,0.271460335689618,0.451100457161488,0.240816128921274,0.200419204725108,0.338596021644641,0.244528877913517,0.344654940066824,0.18790895922946,0.269972642871311,0.304638611743776,0.177322134685575,0.399697146686175,0.366614031343153,0.415592310977466,0.368838908228586,0.208909831108106,0.302462633927756,0.475705203504515,0.297168042466604,0.350611615491314,0.550401569279874,0.22039032136261,0.428431342485542,0.36031455740444,0.175278933981843,0.633908189149994,0.545267191575885,0.369754357629781,0.197190813240076,0.266635104590975,0.282540666222639,0.383113147197153,0.459978559547417,0.37282063707709,0.190169426928818,0.262359497501712,0.215637040529588,0.298773945075721,0.2894237978369,0.368993785291725,0.193310576435341,0.285691516781841,0.150257502693785,0.237615447966606,0.22574347229618,0.287839683485896,0.623478785609898,0.44514487025267,0.299166454520378,0.204448971659396,0.498161555837472,0.565136986741021,0.256756336325665,0.390463095244811,0.442782234227292,0.607175117681554,0.590477735264715,0.449110310005346,0.50716486620057,0.179224109919702,0.311571913234612,0.359772325104676,0.174598029587367,0.34959588829437,0.538061358960476,0.348057476769117,0.42921118642658,0.41689392486742,0.303898758583304,0.382914714422949,0.276847059895112,0.267136561002032,0.352169552278377,0.193607492321118,0.208284752279098,0.361371725032506
"Buckarby",0.595628292187049,0.0723202495684056,0.287016683946199,0.312468313505515,0.316182013813137,0.497250104815042,0.419930999937091,0.29530310091802,0.459095621772155,0,0.530197010387612,0.476271660172676,0.59813375743541,0.420387270183071,0.316695654326511,0.339416098406592,0.366189938097821,0.329295741034175,0.326129586310629,0.408026629405826,0.460636926374238,0.279170272704685,0.395520665003453,0.323686955419677,0.282200782257471,-0.0230891406057167,0.296983268570184,0.280074468846878,0.0772134004283796,0.354235365050579,0.271366436502318,0.336585278802556,0.294933192190256,0.274657179805396,0.326915376704886,0.316305686427971,0.452251620477954,0.348205936914314,0.343253194566389,0.417681871159925,0.179096955325349,0.399124429439209,0.265907609273828,0.424994307694114,0.445335688304119,0.443501940231066,0.401507035363057,0.162189192740142,0.375029315477592,0.420877873968163,0.313836785745347,0.409613311391852,0.592363219242893,0.502070503984653,0.421629909230436,0.367944875474265,0.301442463260297,0.355319475402809,0.394155992185301,0.434571546958254,0.379447843165189,0.331571626367955,0.380784292549445,0.384393694585551,0.377983938073781,0.452133668157346,0.371487586722069,0.337471142097775,0.453596036527154,0.411834864127316,0.298342513427382,0.278703680879896,0.440833921255964,0.645139043744066,0.393157686699731,0.272213758083254,0.364131059416756,0.102433908187259,0.159320409422476,0.510695900867264,0.388498355334352,0.454559522220451,0.5386044611691,0.538800793206821,0.0599426495327943,0.187902706160832,0.35911238642411,0.429134819572277,0.153561550594535,0.323263909261238,0.405655760955866,0.154991304743492,0.403307896764311,0.0528548246362244,0.307773570992548,0.335332430005658,0.431194451597635,0.260626713788027,0.391979798465269,0.407373543237155,0.485490496417927,0.275707170726312,0.369888143295365
"Bursa",0.525681643560064,0.484655968400503,0.469876888278766,0.351344778799328,0.426914756594665,0.590665983631956,0.446687500854891,0.358902569541804,0.432536854475797,0.530197010387612,0,0.462866958131713,0.498749622672339,0.520710393181448,0.390595360672256,0.390899380286093,0.464473428621954,0.456208400129125,0.432824501573896,0.501308476245212,0.44172187295119,0.634163518423863,0.444057838946253,0.29633363148203,0.356470423301656,0.464110813494397,0.407879160443197,0.380674234435953,0.524165365931379,0.450485445826856,0.353113208889288,0.427271661632229,0.358616769877695,0.439614454495131,0.328229711773394,0.417724536223331,0.513077706921176,0.264245671300863,0.489186373025874,0.465791181457182,0.4964098229323,0.466315912164516,0.334211401047157,0.47788283462637,0.538542399737876,0.425305952637918,0.449867554408048,0.584352341996815,0.450057573084013,0.512876882227678,0.480395116359677,0.414081171543351,0.541122798211,0.582397431539282,0.46742694980619,0.398938017340302,0.392647635699598,0.500445797555174,0.492899482795187,0.532493359471245,0.472908269938356,0.313656901110052,0.391334344826728,0.27621246034317,0.441226355427327,0.504102280149594,0.46356557865575,0.412448989149527,0.508801228316835,0.415346624537235,0.391067146924117,0.341626081771669,0.504913744662826,0.584051073669221,0.516201458514412,0.433604940375376,0.437566963473412,0.554026072500028,0.586009860003315,0.444038540432115,0.482717775550844,0.530302487917126,0.617249100154474,0.613510750212808,0.517447248884886,0.558995644869572,0.262521373978651,0.432340657090025,0.453329195296294,0.283136228140938,0.451976234660735,0.575431205539413,0.452221160373067,0.505990687669863,0.512509377841788,0.408437563287926,0.476985068133349,0.423614934375111,0.420815116617105,0.456206026975193,0.406584280237444,0.342227846434512,0.465342612288296
"Bussiéres",0.541156390829659,0.415252811017276,0.373770959891229,0.266889712697069,0.27044116409689,0.563853328852529,0.172613194901604,0.259388605725336,0.277436056625144,0.476271660172676,0.462866958131713,0,0.498855327144491,0.387008396904494,0.259674262263352,0.259970409240368,0.375477177677195,0.373301931278258,0.29372038189132,0.418622111827049,0.00446968094273723,0.65167225518418,0.293836611732501,0.172976206288518,0.252261979356489,0.250083161165207,0.316041494651207,0.280286396160488,0.463240640077563,0.290132998532346,0.206836572455121,0.347037744595148,0.2678455425612,0.358927971466469,0.238988705722093,0.301176695946345,0.366803311955766,0.230121473470034,0.435597629614509,0.394387290403013,0.437408726142248,0.396189350744573,0.231576038852794,0.340061898641862,0.513337270294149,0.0421428554553984,0.377432111393409,0.570020809819142,0.281580379364296,0.436508302897773,0.378279194640349,0.258788516105506,0.564645904446813,0.544100158329014,0.39768990704434,0.15016392295021,0.285218757030567,0.336024667814271,0.383304909248375,0.492864814834516,0.376955923290134,0.251038271265485,0.319895236878177,0.272565018473231,0.330361712211896,0.35056507393318,0.372736357112726,0.208637937365853,0.365980699962292,0.253898176233034,0.270563722880405,0.2479730436104,0.339684942584326,0.41519411020976,0.481264840931033,0.318805599071361,0.202875877236034,0.518589931319879,0.572580427747825,0.300494849353489,0.401193719441941,0.465029400782928,0.628743832859248,0.622318512970779,0.470685041803294,0.525934338788055,0.21887627582466,0.156922299470775,0.374432427608637,0.233933177468207,0.376872221088562,0.541909977882511,0.377922598213624,0.450382064359308,0.439302361059648,0.327755389575239,0.407165376340326,0.301209156555377,0.129266741723169,0.377626664945192,0.230437430095724,0.23523063059454,0.363874072044219
"Calabria",0.402721170505197,0.554934556364164,0.547819452426212,0.449552004847095,0.506656531816602,0.675553646073117,0.516591016286748,0.434773069558271,0.517851223080049,0.59813375743541,0.498749622672339,0.498855327144491,0,0.61081948891298,0.485402257399902,0.471014214305498,0.534790226657785,0.529021186097686,0.516375525756194,0.566228354977866,0.481077839950074,0.703432674106631,0.56266527957725,0.314302481886462,0.43340582682145,0.573810083039436,0.478890417818824,0.457471826843957,0.606829974843309,0.557297031891699,0.439110502402096,0.48955221210415,0.43878983134708,0.507444292960417,0.430275479210915,0.509861872711195,0.597061802820596,0.408668522873346,0.561305368717685,0.529769933326917,0.563611357695054,0.551337999640218,0.415663257864339,0.558266734224131,0.598526825276586,0.446969791635295,0.515661734945829,0.652152671754214,0.559833170003626,0.580314627202807,0.556798640409645,0.526042801328507,0.565238314546263,0.650879875688667,0.533750801365044,0.474116660126217,0.478404539375599,0.594063160266679,0.582085428604682,0.609699886056333,0.548761766764982,0.414152885618716,0.484211181722591,0.428456130852702,0.520474170735114,0.58841743242401,0.535574080264802,0.51407454162883,0.596724666765352,0.523931462387556,0.486526864521609,0.427882292248319,0.5954192187303,0.589596879118279,0.586091202720208,0.514430080443427,0.516990989594295,0.626539593806001,0.667092144200094,0.313602181653617,0.551167068142735,0.614541631024693,0.687899311494275,0.677532931584573,0.585569337262011,0.633956534510475,0.418733424746036,0.486389474486546,0.525829714701471,0.389447376007075,0.51748705687779,0.662167234123244,0.518431059645153,0.575785295598231,0.586522208953231,0.483927575811673,0.542723557278643,0.512585907930036,0.475894690239744,0.520090621594099,0.408483792789683,0.425894422764068,0.536594611877135
"Callantsoog",0.615877916078204,0.360194849163009,0.283696426588926,0.238415433193369,0.161202926887351,0.533322171889933,0.346527314486486,0.230657822082515,0.377568190790245,0.420387270183071,0.520710393181448,0.387008396904494,0.61081948891298,0,0.218275877410973,0.247639162017303,0.25612526674308,0.266954561141375,0.163673853248351,0.312055519224256,0.371346897023251,0.603731378492942,0.292086582969974,0.258734467664335,0.205479181359345,0.210516389807787,0.217669334528921,0.196730271008283,0.411068324913524,0.252281678626418,0.140571467200805,0.233939064742397,0.22950100981842,0.29106565679081,0.241668397439961,0.241678687298078,0.376081059205002,0.270808110881948,0.404436843638581,0.380498205982108,0.392790503249173,0.362039209621745,0.188911027706244,0.344429678965123,0.487688231037481,0.36743498946276,0.367324979548234,0.516219262243196,0.27241110736111,0.332564951751306,0.302706319280531,0.31936362180457,0.607444434153545,0.466546410829469,0.387151224307401,0.290181073934212,0.219652845974437,0.271120111417253,0.156109028177684,0.465918931565737,0.270317843259988,0.262285142061505,0.31667166835356,0.312960453481249,0.308961521850843,0.362572302799455,0.26129560522739,0.217133416135316,0.373208473501581,0.289124435524443,0.220413358971133,0.207441280810143,0.353675964318532,0.681443462666732,0.445048172956668,0.227648371292332,0.226992789692736,0.466967417105785,0.520760983275029,0.448025256993365,0.291464177093399,0.445552434709193,0.602306616364051,0.593126120886435,0.415397226615523,0.479363633880092,0.262117248960247,0.348481205532317,0.300353495168419,0.247970976409187,0.365480522145117,0.489509062635419,0.366237209464924,0.388248323489348,0.406953236587717,0.290787442367638,0.39783222469994,0.226923892899975,0.282427468976394,0.364965440219929,0.401089916536716,0.199349113255354,0.246899692193337
"České Budejovice",0.433868593451091,0.26193104374343,0.189629672576865,0.109518192631701,0.108144769427841,0.369614048009457,0.228219955699901,0.107629820673116,0.234372996122542,0.316695654326511,0.390595360672256,0.259674262263352,0.485402257399902,0.218275877410973,0,0.12775571887873,0.216810433858122,0.185422869303515,0.129014605541939,0.265485814802118,0.235374828317731,0.474480947013087,0.162371150660183,0.149428668568608,0.0770228195777556,0.0811330355628428,0.146070310173909,0.0992216825023975,0.282831386589065,0.1514248458565,0.0608424437403783,0.198032731478924,0.104203223082567,0.197182073199689,0.105097548555305,0.10554598981044,0.240473758400372,0.138533898480842,0.281962938261822,0.255405842572764,0.289648576474183,0.208174936743575,0.058865354825526,0.21088527783389,0.369133324461055,0.256743924739987,0.237413270659721,0.405970252532606,0.147372593264023,0.281852366994597,0.192871331502311,0.17394082704748,0.465714933583031,0.378090522121032,0.262078057399229,0.176307965470457,0.0953329223120742,0.183015101244505,0.214156336755872,0.331337521897375,0.217480503470833,0.125304509721428,0.173691296022003,0.177937623268677,0.17589471031047,0.23082386401532,0.215389010615239,0.146706201037153,0.233594630871654,0.155009127987675,0.0851172588246595,0.0737874545846537,0.217317025869615,0.547026138972576,0.326519337425299,0.129538291267467,0.148889824795918,0.352235281143718,0.383454659696612,0.313283112038417,0.241516669200257,0.292574672701127,0.453194829152401,0.468254269017397,0.315493122152631,0.357293730930611,0.141620950424689,0.247934990572679,0.207404363753739,0.118882090478331,0.240432064864284,0.342749055049738,0.238406686040583,0.287171923631743,0.289426928917953,0.161644794318685,0.268106232931286,0.128467602747989,0.196698275191469,0.243080989401623,0.255635189517261,0.0673166477962136,0.210758224731489
"Chernobyl",0.405425217659697,0.288648750434091,0.221467258471973,0.100288757315205,0.161388644526302,0.273722078137756,0.220268425384454,0.0270025277620637,0.233020082034842,0.339416098406592,0.390899380286093,0.259970409240368,0.471014214305498,0.247639162017303,0.12775571887873,0,0.267358848434258,0.228774827715116,0.194139483761076,0.313266055198223,0.239933580323261,0.469157064412774,0.134916337057599,0.142997809247725,0.107703723443655,0.0525957060811471,0.197848949217302,0.156323450958849,0.294125371326379,0.148321690288066,0.124591974268434,0.256372233104177,0.107273953646039,0.234189260163989,0.147155922573916,0.106233292707254,0.135062637823217,0.153695539113922,0.219139891306394,0.144112423556448,0.276886364389224,0.189271606188918,0.08056089255852,0.097573179929061,0.289185636629907,0.284336710534484,0.124458585764686,0.416626136566631,0.144207516992647,0.325301207616264,0.231855740320217,0.163091406026739,0.439125340433692,0.408320619564662,0.144900970251454,0.168547939644775,0.144944338453287,0.207378909336501,0.26536060893409,0.246614872354857,0.265276090472014,0.174568464374664,0.21182622023112,0.195224742357717,0.0464760093033573,0.1227976136236,0.266367396061457,0.155528381521855,0.128426032819032,0.160487531284042,0.0621092711519706,0.106119936197147,0.111578381276918,0.531149941109022,0.260268141535796,0.172793786888927,0.155824982159499,0.365119651649817,0.388535720715959,0.295386322624448,0.289487727730469,0.178492701473455,0.363705550294731,0.382956877518972,0.333481576575704,0.350477548157308,0.141406159736418,0.273750421305795,0.241559999405894,0.156691943231244,0.128889527446788,0.340810427780453,0.122394321469459,0.314059746853372,0.2400871954792,0.103239957656181,0.159297814273162,0.1547377469596,0.230116488962503,0.123565058972442,0.24593527111368,0.0805068368880878,0.264892477099941
"Cirencester",0.509813031518203,0.319546056922303,0.261836278032986,0.240856872795485,0.168633680326058,0.45275800114384,0.326242835579345,0.234718473224355,0.366299383857315,0.366189938097821,0.464473428621954,0.375477177677195,0.534790226657785,0.25612526674308,0.216810433858122,0.267358848434258,0,0.251132028848947,0.168148540946091,0.104596376593272,0.353964143998821,0.486571155853272,0.304200771262838,0.251962377096038,0.210459665271141,0.227450621495038,0.200924250089913,0.187433638020655,0.350513044199034,0.256078553199521,0.164614576264297,0.070454604088742,0.230111223234833,0.271166702118311,0.243887690864548,0.24139485079742,0.373944938154657,0.276224116173664,0.366936795782353,0.360279149653389,0.351578267187911,0.325832830012641,0.199942902277422,0.349158784682375,0.436195746108694,0.34985944405768,0.347765915897202,0.43313218129238,0.268574451902958,0.132141272987863,0.274503509907308,0.322756513137723,0.510583936933928,0.300474448827495,0.364964398250389,0.275691472712705,0.217305007088477,0.291918922195324,0.240823298077812,0.414606416328785,0.0657093637896999,0.259931320338655,0.302375355006001,0.303187632659902,0.304832657157068,0.370062880251381,0.10069196937082,0.215412459514814,0.378147994029947,0.311250338785321,0.231524783748099,0.211371174273038,0.354506518805052,0.575894755462147,0.399227647059372,0.224796480788175,0.2214299159155,0.394012155445014,0.420842058073904,0.428781099982785,0.139962339934385,0.395219025924594,0.505765073894637,0.515571883718048,0.361638132561334,0.40572868560247,0.278444798455627,0.326745475839062,0.275017263760906,0.251232239409034,0.347951809321142,0.397591487819576,0.347286900091771,0.341484658291068,0.371001946952791,0.282526616576337,0.369878481484198,0.228568415470382,0.277372518811304,0.350597601323665,0.393755717610607,0.210137160049259,0.0457017371365349
"Cuxhaven",0.496760979324283,0.28320861494046,0.189792255255385,0.213438931118054,0.175217159942413,0.427642327597748,0.319189970008383,0.197237296383376,0.353314222907023,0.329295741034175,0.456208400129125,0.373301931278258,0.529021186097686,0.266954561141375,0.185422869303515,0.228774827715116,0.251132028848947,0,0.189249311734663,0.29250585673967,0.356618379060117,0.465102997635967,0.264117541145466,0.2326330485894,0.172785383054794,0.16072805339664,0.172214653506491,0.153327149969541,0.309122815527644,0.207835182261138,0.15335066504767,0.23060971700007,0.19843903757708,0.214057981080413,0.229727321472086,0.186556635443361,0.342785279983403,0.253520366218171,0.338098298534525,0.331100607581657,0.321111855040874,0.284800337030063,0.156179384973452,0.319468507482845,0.413048257886338,0.355453513278605,0.318623523974942,0.403907736252165,0.231156829519671,0.309407041298517,0.208166740495306,0.288648172233311,0.507056790199301,0.400800063378807,0.337868925818376,0.266440114510598,0.178705021940791,0.224183011095013,0.26750467836973,0.3874004628195,0.256871470339032,0.243035467228028,0.283530034150371,0.291824164207578,0.26995298972412,0.337384243886957,0.252345071201764,0.219129405027441,0.348224620877316,0.283818143834683,0.18024678595607,0.170119767578731,0.319721320202726,0.575888417217582,0.376100256217921,0.152770557210588,0.234892868947122,0.363893353986182,0.39195032998484,0.415270176537703,0.283847628632552,0.367114736336105,0.485603197399087,0.494087789784441,0.328015195783756,0.37926510720924,0.257222785992309,0.338142260024992,0.224867111148181,0.232980913331488,0.32048290656291,0.366195472595372,0.319964984560323,0.301885573628914,0.334939353221999,0.241016174320198,0.343386630683236,0.161922709646411,0.293974946276832,0.319380247231954,0.377764098289013,0.165038251885782,0.246947108809385
"Dieren",0.462978819231414,0.275256931915065,0.192693095314544,0.170397518321415,0.0836231542727588,0.398079391587619,0.247701151464539,0.170921077252731,0.289035395466475,0.326129586310629,0.432824501573896,0.29372038189132,0.516375525756194,0.163673853248351,0.129014605541939,0.194139483761076,0.168148540946091,0.189249311734663,0,0.218559025380429,0.268240341309938,0.472440556658158,0.207312708221511,0.1882421988462,0.145624213489391,0.0758351473197318,0.132023067335683,0.12199567893462,0.291948131980024,0.154006201818778,0.078461009323664,0.152820560629375,0.161545082067281,0.21009516527614,0.173840554403225,0.159545439431329,0.287803652072881,0.212207280063213,0.323787979171697,0.312718453337752,0.310693781671551,0.263659575587642,0.128809039679128,0.27250949086549,0.40461160159726,0.287468619961118,0.296571690875986,0.407905661491826,0.167199159693842,0.242279604167499,0.199488970638686,0.223397362861,0.486962755195169,0.341211689756488,0.313651605935417,0.198110498918427,0.143316478035896,0.187466367233004,0.161730767169261,0.369867871226771,0.176857743121912,0.197292652581871,0.240350164186767,0.242785476989267,0.235970066122486,0.286190117077975,0.17351615803966,0.135617730186792,0.298228451270698,0.211024805559317,0.147903784952086,0.143836430493538,0.261668075215889,0.566210125882557,0.363377374759907,0.138342762369086,0.152209972037534,0.358976453379026,0.386205408855476,0.356018109572581,0.202345876517871,0.329117571994558,0.478658038039939,0.496465026024655,0.32513913311981,0.368602892806234,0.198910152562687,0.268579753781876,0.217573943354855,0.191567730108202,0.297313602112409,0.345523539221861,0.296547273026074,0.29712482289373,0.318997261947121,0.220054707281045,0.324885600721878,0.143140914039507,0.208061971200512,0.298017395066799,0.313312900722205,0.137920154989461,0.165139201626152
"Diptford",0.552532526571061,0.359788706735139,0.304858515667932,0.28481153288948,0.220128155685198,0.500944576821463,0.366726488380067,0.276988213049601,0.41649960075961,0.408026629405826,0.501308476245212,0.418622111827049,0.566228354977866,0.312055519224256,0.265485814802118,0.313266055198223,0.104596376593272,0.29250585673967,0.218559025380429,0,0.397593853116894,0.526501936387759,0.352299521732948,0.290338142356405,0.256160747078567,0.286685546225247,0.239723370442494,0.230665482656802,0.3948966480552,0.306050421367611,0.205576259380416,0.121162116420918,0.272258812156483,0.308323630538468,0.288782930306364,0.289908866634806,0.423727316313404,0.318638576916634,0.405714373059231,0.400769821678024,0.389519488977834,0.371373527621703,0.242668753346442,0.398534666050899,0.469885028377977,0.388622770599796,0.386943627080212,0.472317696722952,0.321448753588299,0.10697902681995,0.320341625884914,0.362877620890395,0.555456330063415,0.351683658695394,0.405254152968511,0.310292720830761,0.264632872262942,0.337516000428007,0.294578600283203,0.455288980080794,0.0505601208839555,0.302626702913632,0.347276961394267,0.348107626040483,0.352374297367185,0.419292046456899,0.150850724426013,0.256642484108382,0.424526165947316,0.36054677123105,0.282696058381648,0.251573847898397,0.40979581262908,0.607125307160687,0.439792351866229,0.269330581862479,0.264130170814829,0.435719023094825,0.469295015232162,0.469671844553784,0.201608269431837,0.440751234707395,0.543958859560034,0.552919566222965,0.402559290838432,0.445803124997963,0.325569955703002,0.364132593931312,0.316231111178236,0.293778811472375,0.389155961148381,0.44609978870526,0.386240278261524,0.383188628490543,0.409473677855324,0.32480347931581,0.410070867095797,0.276242321478973,0.32227875224836,0.390969770460563,0.44081065086246,0.251647644695,0.0790721666708187
"Dontreix",0.511253014175479,0.400108916259328,0.361693094106584,0.239854125519322,0.251452571271105,0.539488991339567,0.148920208412376,0.237672098615656,0.265936008413958,0.460636926374238,0.44172187295119,0.00446968094273723,0.481077839950074,0.371346897023251,0.235374828317731,0.239933580323261,0.353964143998821,0.356618379060117,0.268240341309938,0.397593853116894,0,0.63517562781664,0.280455385918464,0.146974425899575,0.23327083132274,0.258673040894115,0.295732632459747,0.259660427173089,0.445655341845179,0.279979142160317,0.180165672485658,0.326910883816914,0.247478404280542,0.342984553338894,0.218201052416736,0.278862197326287,0.342668959915317,0.20614147364372,0.410410989860162,0.372609252562365,0.419679031145063,0.37363913002665,0.20836587418442,0.318170926645641,0.487526971182587,0.0187211909337628,0.356711959788019,0.554823650030522,0.275523301273576,0.417188611252122,0.365276801897144,0.249196343578653,0.52451353131283,0.527670462656567,0.375171948367524,0.150602036973281,0.263101061372944,0.312876837404166,0.366178756808473,0.464289530082015,0.35431255459021,0.224925767683781,0.296046784416537,0.24017828028264,0.308417114632406,0.326823200228315,0.351239615813556,0.208655482557006,0.342115625026287,0.23737329113505,0.246492042922993,0.22578651811386,0.331051535249896,0.394007762503404,0.456909644919412,0.297702670624495,0.20166788856305,0.503572611517493,0.556106826125501,0.280338204143197,0.376317277264536,0.432089267885652,0.601362780963301,0.600129327499395,0.454912011525834,0.508934653447229,0.196949994431129,0.13001742088413,0.3610465501213,0.207836809600091,0.354474892673776,0.52323357119404,0.355503032848379,0.43500870514462,0.416331641049601,0.304065094022744,0.385839402818119,0.283925632281905,0.109748908121973,0.356871244052214,0.225402715832813,0.212059485876307,0.342533638339276
