0.0 1.0 2.0 3.0 4.0 5.0 6.0 7.0 8.0 9.0 10.0 11.0 12.0 13.0 14.0 15.0 16.0 17.0 18.0 19.0 20.0 21.0 22.0 23.0 24.0 25.0 26.0 27.0 28.0 29.0 30.0 31.0
1.0 0.0 0.0020392285958343677 0.0027952301234462733 0.0027322690452847784 0.0030662404196360425 0.0027209503935927137 0.0021557553616478667 0.0028320234837944103 0.002867847218754351 0.0024495469369074574 0.0018659595943543144 0.0024884861341288042 0.0028494510321245203 0.003141871134248123 0.002363411865956332 0.002672880524798852 0.0024869799823403825 0.002904340647435143 0.0026396839304991676 0.0022705032103368726 0.0031813352158041788 0.0026587589843184486 0.002838533889918429 0.002848530982101701 0.0019497918907547757 0.0028502136125260237 0.00263679932758694 0.0028642251259450003 0.002800693919363856 0.002349450193299056 0.003391168235458778
2.0 0.0020392285958343677 0.0 0.0031208573559186655 0.003054965434931972 0.0034075913016363485 0.0030395185655596162 0.002420638652270224 0.003156592662067458 0.0031914700874993472 0.0027477479722640913 0.0020300788181337806 0.0028029957816236703 0.0031708023944336822 0.003483597316640462 0.0026587728363352808 0.002996112576711339 0.0027956294300574666 0.0032340368275886166 0.0029400320138206777 0.002560408356292838 0.0035232817052514593 0.0029735122390956653 0.003163574767715492 0.003178239868346752 0.002146859878939946 0.0031737126022064457 0.002960369849030925 0.003187312681625975 0.0031231385960568533 0.002644302964518291 0.003735021247877121
3.0 0.0027952301234462733 0.0031208573559186655 0.0 0.000932910325792553 0.0015535912973198432 0.0012208986122620238 0.0018092915688669043 0.0007500778655562409 0.0009478830766272367 0.001600799844460852 0.002237299400609301 0.0013198376973146183 0.0011685928328426598 0.0016202160592593247 0.0015684664852736877 0.0008485276039764131 0.0013819920050041176 0.0010905823298200997 0.0017419256907112955 0.0020145688123981505 0.0016614569387702026 0.0013371639875965225 0.0006409656132363769 0.001461938400320478 0.002183380506251573 0.0009477150842034637 0.0008405701794642396 0.0010139616147758607 0.0010222843985868667 0.0015642625165513385 0.0018896140548052619
4.0 0.0027322690452847784 0.003054965434931972 0.000932910325792553 0.0 0.0016122502363913353 0.0010315032172931813 0.001732550157077942 0.0008629742828489256 0.0007516512401531186 0.001511781237317788 0.00216788176153046 0.0012334869183487545 0.00083959254329185 0.0016818754267474431 0.0014814044773442626 0.0006411416667358944 0.0012767606526516537 0.0012365599272778716 0.0016503855158417772 0.001945807564652333 0.0017229740580489306 0.0012012331214423591 0.0009214361167690058 0.0014554661713407952 0.002112923140818908 0.0007093073712821107 0.0007499548174397289 0.0006351617854820067 0.0005396145497534276 0.0014775653521356793 0.0019490701545578685
5.0 0.0030662404196360425 0.0034075913016363485 0.0015535912973198432 0.0016122502363913353 0.0 0.0017496770417370668 0.002146369916837216 0.0016354072209819942 0.0017101142290047418 0.0019794868396276442 0.0025420081906608613 0.0017183670620268708 0.0017803436682384804 0.0009701924807203775 0.0019413083010335584 0.0015339354712152918 0.0017997278364563708 0.0014665985589611364 0.002127274802446958 0.002324523259487349 0.001015840874395768 0.0018064332754776794 0.0016217955595514261 0.0016830539567358293 0.002493042531925292 0.0016975149262868127 0.0014882184125211031 0.0017279269986574682 0.001689947584035849 0.0019360254181747848 0.0012226684139164585
6.0 0.0027209503935927137 0.0030395185655596162 0.0012208986122620238 0.0010315032172931813 0.0017496770417370668 0.0 0.001700501328601142 0.0012195429592439617 0.0012147051166347175 0.0014567721313153807 0.002147301706472063 0.0012013269465781925 0.001045425586223869 0.0018217466714169472 0.0014303731430808887 0.0010118016547572316 0.001182906948249148 0.0014311226324469645 0.0015898617345602682 0.001927252412562652 0.0018626973574964525 0.0009996344960636395 0.001243788555577802 0.0015396584855202704 0.002090791014828111 0.00119112515237697 0.0010094029653441128 0.0011841975372952709 0.001082452843229705 0.0014272758450671022 0.0020868249394251667
7.0 0.0021557553616478667 0.002420638652270224 0.0018092915688669043 0.001732550157077942 0.002146369916837216 0.001700501328601142 0.0 0.001841201884873414 0.0018725989332232075 0.0012988779480199884 0.0014461340295424717 0.0014516056281351037 0.0018431534808620855 0.0022226811114673213 0.001189377328717785 0.0016757245140229275 0.0014098976262705933 0.0019366574533479213 0.0015049916592823846 0.0014245428234061159 0.0022629269934555957 0.001617968446250083 0.0018499103007495088 0.0018888664647585848 0.001357549508076393 0.0018543769896716732 0.00164133462932296 0.0018664390730472728 0.0017997815893958944 0.001171199002974039 0.0024796651318954323
8.0 0.0028320234837944103 0.003156592662067458 0.0007500778655562409 0.0008629742828489256 0.0016354072209819942 0.0012195429592439617 0.001841201884873414 0.0 0.0007878526621862957 0.0016285816696807922 0.00227177760092989 0.0013480479573801628 0.0011358604509889248 0.001703209399402223 0.0015968933938075788 0.0008025907463080628 0.001404551500261616 0.0012101781682140305 0.0017688763783698467 0.0020492603776290116 0.0017443885544499889 0.0013504327291024533 0.0005894845129461239 0.0015179219769545387 0.0022174884772258267 0.0008046739295186622 0.0008393586413712006 0.000910041941981301 0.0009570337219249169 0.0015928105537228654 0.0019716978024491376
9.0 0.002867847218754351 0.0031914700874993472 0.0009478830766272367 0.0007516512401531186 0.0017101142290047418 0.0012147051166347175 0.0018725989332232075 0.0007878526621862957 0.0 0.0016560607318065598 0.002305523454377881 0.0013765096673260075 0.00108635283730128 0.0017788515888184043 0.0016249959942888316 0.0007782627700157144 0.0014268101859936312 0.0013118600361153874 0.00179553920897559 0.0020832556435405694 0.0018199845887565003 0.0013627578007352655 0.0008967275366201736 0.001572130894931675 0.0022508989565870772 0.00038659112812123014 0.0008664197888022646 0.0006870715365332731 0.0008457614518113275 0.001621030264277976 0.002046637144961907
10.0 0.0024495469369074574 0.0027477479722640913 0.001600799844460852 0.001511781237317788 0.0019794868396276442 0.0014567721313153807 0.0012988779480199884 0.0016285816696807922 0.0016560607318065598 0.0 0.0018275395216093074 0.0012218715950720691 0.001615710485313557 0.002055120791139638 0.000698561763755978 0.0014575180845382346 0.0010630711410886105 0.0017420473928178686 0.000931445462438756 0.0016412015489834816 0.0020956525548907028 0.0013459316401087142 0.0016391850328682776 0.0017152986485755892 0.001761775865293832 0.0016372987905735907 0.0014250586239004724 0.0016475604354342847 0.001577856579908588 0.0007189317637196751 0.002315122391349318
11.0 0.0018659595943543144 0.0020300788181337806 0.002237299400609301 0.00216788176153046 0.0025420081906608613 0.002147301706472063 0.0014461340295424717 0.00227177760092989 0.002305523454377881 0.0018275395216093074 0.0 0.0019058411795678304 0.0022820693711656454 0.002618309389612497 0.00173436485064982 0.0021096667222347447 0.0018903242127773783 0.0023552818920763658 0.002022987125511971 0.001654559526319837 0.002658225205738514 0.002076437640824668 0.002279325365994732 0.0023004344733870345 0.000928757520622334 0.0022876162782430737 0.002074331859708517 0.002300721291369594 0.0022357560412834864 0.0017191343564703669 0.002871987225923638
12.0 0.0024884861341288042 0.0028029957816236703 0.0013198376973146183 0.0012334869183487545 0.0017183670620268708 0.0012013269465781925 0.0014516056281351037 0.0013480479573801628 0.0013765096673260075 0.0012218715950720691 0.0019058411795678304 0.0 0.0013418534263597518 0.0017936313289588857 0.0011903723107971292 0.001177008260685712 0.0010448317236251164 0.0014645318163173686 0.001366458352266394 0.0016808273869131653 0.0018343765116330506 0.0011444156676643138 0.001358466703614883 0.001438281638951084 0.0018480902281677045 0.0013579103225862445 0.001142104205101488 0.0013688701787952797 0.0013004433174668194 0.001186241863855898 0.002055827527134463
13.0 0.0028494510321245203 0.0031708023944336822 0.0011685928328426598 0.00083959254329185 0.0017803436682384804 0.001045425586223869 0.0018431534808620855 0.0011358604509889248 0.00108635283730128 0.001615710485313557 0.0022820693711656454 0.0013418534263597518 0.0 0.0018509223154220024 0.0015864516674312535 0.0009056720383114852 0.0013705067323727554 0.001427871818971983 0.0017528087962032663 0.00206052537811597 0.0018919683850860698 0.0012715490455831938 0.0011754595979690465 0.0016024486501135114 0.0022266155607794744 0.0010550571098674162 0.0009552971126300367 0.0010167526905604722 0.0008377854031692824 0.0015828211681813394 0.002117342077303831
14.0 0.003141871134248123 0.003483597316640462 0.0016202160592593247 0.0016818754267474431 0.0009701924807203775 0.0018217466714169472 0.0022226811114673213 0.001703209399402223 0.0017788515888184043 0.002055120791139638 0.002618309389612497 0.0017936313289588857 0.0018509223154220024 0.0 0.0020170637152220417 0.001603323485940832 0.0018744056634991076 0.0015246210024410355 0.002202747088628212 0.0024017408351109785 0.0005523388971941838 0.0018798141864063396 0.0016890488059002865 0.001764449382118513 0.002569381462534568 0.0017663707130103085 0.001557690447077127 0.0017971449529797646 0.001759726899129217 0.002011803974808963 0.0009588598879977385
15.0 0.002363411865956332 0.0026587728363352808 0.0015684664852736877 0.0014814044773442626 0.0019413083010335584 0.0014303731430808887 0.001189377328717785 0.0015968933938075788 0.0016249959942888316 0.000698561763755978 0.00173436485064982 0.0011903723107971292 0.0015864516674312535 0.0020170637152220417 0.0 0.0014267117683387023 0.001058164942342958 0.001707634859754211 0.0009634864294100019 0.0015572155978748332 0.0020575624657832407 0.0013248661794077188 0.0016071987906016928 0.0016771679172142436 0.0016670523363110203 0.0016063210530890062 0.0013939151796601291 0.00161687399996639 0.0015476713240652551 0.0003341184597165179 0.0022767049497545793
16.0 0.002672880524798852 0.002996112576711339 0.0008485276039764131 0.0006411416667358944 0.0015339354712152918 0.0010118016547572316 0.0016757245140229275 0.0008025907463080628 0.0007782627700157144 0.0014575180845382346 0.0021096667222347447 0.001177008260685712 0.0009056720383114852 0.001603323485940832 0.0014267117683387023 0.0 0.0012265963270937656 0.0011523284430683687 0.001596739743024561 0.0018872598769536053 0.0016444492983373974 0.0011605876548453206 0.0008468200664386145 0.0013835805246433619 0.002054904175881351 0.0007563651327449046 0.0006163026637720842 0.0007709379892535343 0.0007443880987566308 0.0014227899448803283 0.0018708374203820267
17.0 0.0024869799823403825 0.0027956294300574666 0.0013819920050041176 0.0012767606526516537 0.0017997278364563708 0.001182906948249148 0.0014098976262705933 0.001404551500261616 0.0014268101859936312 0.0010630711410886105 0.0018903242127773783 0.0010448317236251164 0.0013705067323727554 0.0018744056634991076 0.001058164942342958 0.0012265963270937656 0.0 0.0015384763985437705 0.0011581956382883882 0.0016808275420004079 0.0019151032772648279 0.001006614842523134 0.0014175539194416485 0.0015433416052658172 0.001829670337533811 0.0014073137203878608 0.0011975654121099805 0.0014150635708625931 0.0013410390696097238 0.0010591416958141801 0.002136296022116049
18.0 0.002904340647435143 0.0032340368275886166 0.0010905823298200997 0.0012365599272778716 0.0014665985589611364 0.0014311226324469645 0.0019366574533479213 0.0012101781682140305 0.0013118600361153874 0.0017420473928178686 0.0023552818920763658 0.0014645318163173686 0.001427871818971983 0.0015246210024410355 0.001707634859754211 0.0011523284430683687 0.0015384763985437705 0.0 0.0018856664304526208 0.0021327486792446404 0.0015660694068536834 0.001516788466746335 0.001179997142759516 0.0015191099368836911 0.002302736464871711 0.0013024175332396653 0.0011104844357403732 0.0013424892736949583 0.0013183531872119044 0.001703046366331674 0.0017985604086751916
19.0 0.0026396839304991676 0.0029400320138206777 0.0017419256907112955 0.0016503855158417772 0.002127274802446958 0.0015898617345602682 0.0015049916592823846 0.0017688763783698467 0.00179553920897559 0.000931445462438756 0.002022987125511971 0.001366458352266394 0.0017528087962032663 0.002202747088628212 0.0009634864294100019 0.001596739743024561 0.0011581956382883882 0.0018856664304526208 0.0 0.0018315232129858896 0.0022433100156322907 0.0014707813663901257 0.0017798574456922259 0.001863976531758502 0.0019583117218840134 0.0017766642988973937 0.0015647853350846314 0.001786539666566118 0.0017161882538694875 0.0009800791165501177 0.002463097960110738
20.0 0.0022705032103368726 0.002560408356292838 0.0020145688123981505 0.001945807564652333 0.002324523259487349 0.001927252412562652 0.0014245428234061159 0.0020492603776290116 0.0020832556435405694 0.0016412015489834816 0.001654559526319837 0.0016808273869131653 0.00206052537811597 0.0024017408351109785 0.0015572155978748332 0.0018872598769536053 0.0016808275420004079 0.0021327486792446404 0.0018315232129858896 0.0 0.0024418665627713443 0.001859575634884975 0.002056729261790954 0.0020683014462254744 0.0016076583987095264 0.0020653797897083707 0.0018515902498018925 0.0020786149946441707 0.002013817894211227 0.0015435992587142996 0.0026573139694280024
21.0 0.0031813352158041788 0.0035232817052514593 0.0016614569387702026 0.0017229740580489306 0.001015840874395768 0.0018626973574964525 0.0022629269934555957 0.0017443885544499889 0.0018199845887565003 0.0020956525548907028 0.002658225205738514 0.0018343765116330506 0.0018919683850860698 0.0005523388971941838 0.0020575624657832407 0.0016444492983373974 0.0019151032772648279 0.0015660694068536834 0.0022433100156322907 0.0024418665627713443 0.0 0.001920652505699949 0.001730250171657228 0.001805442194080693 0.002609354123062172 0.0018074986501496332 0.001598834185024277 0.001838254833400723 0.0018008133669571939 0.0020522965940354583 0.0009310031297308512
22.0 0.0026587589843184486 0.0029735122390956653 0.0013371639875965225 0.0012012331214423591 0.0018064332754776794 0.0009996344960636395 0.001617968446250083 0.0013504327291024533 0.0013627578007352655 0.0013459316401087142 0.002076437640824668 0.0011444156676643138 0.0012715490455831938 0.0018798141864063396 0.0013248661794077188 0.0011605876548453206 0.001006614842523134 0.001516788466746335 0.0014707813663901257 0.001859575634884975 0.001920652505699949 0.0 0.0013677387964345224 0.0015704315583762326 0.0020184115535643405 0.0013418177851432988 0.0011399885848317544 0.0013444886318296268 0.001261400992577307 0.001322776285969518 0.002143439463689703
23.0 0.002838533889918429 0.003163574767715492 0.0006409656132363769 0.0009214361167690058 0.0016217955595514261 0.001243788555577802 0.0018499103007495088 0.0005894845129461239 0.0008967275366201736 0.0016391850328682776 0.002279325365994732 0.001358466703614883 0.0011754595979690465 0.0016890488059002865 0.0016071987906016928 0.0008468200664386145 0.0014175539194416485 0.001179997142759516 0.0017798574456922259 0.002056729261790954 0.001730250171657228 0.0013677387964345224 0.0 0.0015158213241814474 0.00222520188277162 0.0009036230911332152 0.000861356246009116 0.0009869771735551182 0.001013248653968344 0.0016030603636391543 0.0019579062944617485
24.0 0.002848530982101701 0.003178239868346752 0.001461938400320478 0.0014554661713407952 0.0016830539567358293 0.0015396584855202704 0.0018888664647585848 0.0015179219769545387 0.001572130894931675 0.0017152986485755892 0.0023004344733870345 0.001438281638951084 0.0016024486501135114 0.001764449382118513 0.0016771679172142436 0.0013835805246433619 0.0015433416052658172 0.0015191099368836911 0.001863976531758502 0.0020683014462254744 0.001805442194080693 0.0015704315583762326 0.0015158213241814474 0.0 0.0022485481481611625 0.0015569825514548143 0.0013376788604516341 0.0015794152815607376 0.0015294526650761094 0.0016718774092701538 0.00202742759579441
25.0 0.0019497918907547757 0.002146859878939946 0.002183380506251573 0.002112923140818908 0.002493042531925292 0.002090791014828111 0.001357549508076393 0.0022174884772258267 0.0022508989565870772 0.001761775865293832 0.000928757520622334 0.0018480902281677045 0.0022266155607794744 0.002569381462534568 0.0016670523363110203 0.002054904175881351 0.001829670337533811 0.002302736464871711 0.0019583117218840134 0.0016076583987095264 0.002609354123062172 0.0020184115535643405 0.00222520188277162 0.0022485481481611625 0.0 0.002232947368797461 0.002019700431306341 0.0022459048764375193 0.002180705863698706 0.0016515443877144148 0.0028236202903260932
26.0 0.0028502136125260237 0.0031737126022064457 0.0009477150842034637 0.0007093073712821107 0.0016975149262868127 0.00119112515237697 0.0018543769896716732 0.0008046739295186622 0.00038659112812123014 0.0016372987905735907 0.0022876162782430737 0.0013579103225862445 0.0010550571098674162 0.0017663707130103085 0.0016063210530890062 0.0007563651327449046 0.0014073137203878608 0.0013024175332396653 0.0017766642988973937 0.0020653797897083707 0.0018074986501496332 0.0013418177851432988 0.0009036230911332152 0.0015569825514548143 0.002232947368797461 0.0 0.0008499087074953326 0.0006110180579386028 0.000801556593247545 0.0016023713673697787 0.00203407303530698
27.0 0.00263679932758694 0.002960369849030925 0.0008405701794642396 0.0007499548174397289 0.0014882184125211031 0.0010094029653441128 0.00164133462932296 0.0008393586413712006 0.0008664197888022646 0.0014250586239004724 0.002074331859708517 0.001142104205101488 0.0009552971126300367 0.001557690447077127 0.0013939151796601291 0.0006163026637720842 0.0011975654121099805 0.0011104844357403732 0.0015647853350846314 0.0018515902498018925 0.001598834185024277 0.0011399885848317544 0.000861356246009116 0.0013376788604516341 0.002019700431306341 0.0008499087074953326 0.0 0.0008732537582097992 0.0008365318806384005 0.0013899280596188241 0.0018253330491023417
28.0 0.0028642251259450003 0.003187312681625975 0.0010139616147758607 0.0006351617854820067 0.0017279269986574682 0.0011841975372952709 0.0018664390730472728 0.000910041941981301 0.0006870715365332731 0.0016475604354342847 0.002300721291369594 0.0013688701787952797 0.0010167526905604722 0.0017971449529797646 0.00161687399996639 0.0007709379892535343 0.0014150635708625931 0.0013424892736949583 0.001786539666566118 0.0020786149946441707 0.001838254833400723 0.0013444886318296268 0.0009869771735551182 0.0015794152815607376 0.0022459048764375193 0.0006110180579386028 0.0008732537582097992 0.0 0.0006974152424687663 0.0016129790358872373 0.002064572082281037
29.0 0.002800693919363856 0.0031231385960568533 0.0010222843985868667 0.0005396145497534276 0.001689947584035849 0.001082452843229705 0.0017997815893958944 0.0009570337219249169 0.0008457614518113275 0.001577856579908588 0.0022357560412834864 0.0013004433174668194 0.0008377854031692824 0.001759726899129217 0.0015476713240652551 0.0007443880987566308 0.0013410390696097238 0.0013183531872119044 0.0017161882538694875 0.002013817894211227 0.0018008133669571939 0.001261400992577307 0.001013248653968344 0.0015294526650761094 0.002180705863698706 0.000801556593247545 0.0008365318806384005 0.0006974152424687663 0.0 0.0015438688222851648 0.002026764688193622
30.0 0.002349450193299056 0.002644302964518291 0.0015642625165513385 0.0014775653521356793 0.0019360254181747848 0.0014272758450671022 0.001171199002974039 0.0015928105537228654 0.001621030264277976 0.0007189317637196751 0.0017191343564703669 0.001186241863855898 0.0015828211681813394 0.002011803974808963 0.0003341184597165179 0.0014227899448803283 0.0010591416958141801 0.001703046366331674 0.0009800791165501177 0.0015435992587142996 0.0020522965940354583 0.001322776285969518 0.0016030603636391543 0.0016718774092701538 0.0016515443877144148 0.0016023713673697787 0.0013899280596188241 0.0016129790358872373 0.0015438688222851648 0.0 0.0022713798611954865
31.0 0.003391168235458778 0.003735021247877121 0.0018896140548052619 0.0019490701545578685 0.0012226684139164585 0.0020868249394251667 0.0024796651318954323 0.0019716978024491376 0.002046637144961907 0.002315122391349318 0.002871987225923638 0.002055827527134463 0.002117342077303831 0.0009588598879977385 0.0022767049497545793 0.0018708374203820267 0.002136296022116049 0.0017985604086751916 0.002463097960110738 0.0026573139694280024 0.0009310031297308512 0.002143439463689703 0.0019579062944617485 0.00202742759579441 0.0028236202903260932 0.00203407303530698 0.0018253330491023417 0.002064572082281037 0.002026764688193622 0.0022713798611954865 0.0
