0.0 1.0 2.0 3.0 4.0 5.0 6.0 7.0 8.0 9.0 10.0 11.0 12.0 13.0 14.0 15.0 16.0 17.0 18.0 19.0 20.0 21.0 22.0 23.0 24.0 25.0 26.0 27.0 28.0 29.0 30.0 31.0
1.0 0.0 0.0018857530467639386 0.0030261418604731103 0.0029230492361384764 0.003211415232998517 0.0029173147435628214 0.002333486530228885 0.0030530600173574595 0.0030899132513403336 0.0025718174670650213 0.0017530073948961765 0.0025735030059670506 0.0030727388126281317 0.0033167201190359742 0.002477434820227867 0.002871718342038581 0.00262951386320127 0.003134851193192209 0.002935777553160546 0.002280509918423482 0.0033823471733377287 0.0028332988424367702 0.0030641029208432645 0.002834379527231969 0.0018228364437932573 0.0030681589655312752 0.0028238690984140136 0.0030917592930740584 0.00300290761409953 0.0024573275883677235 0.0036210372915274195
2.0 0.0018857530467639386 0.0 0.0034353931262378974 0.0033316877387693095 0.0036237915552917934 0.003325086439380228 0.0027284923263140833 0.0034620842259333712 0.0034987485620103388 0.0029751983857588655 0.002107038037892202 0.002980417532035162 0.0034810983333268273 0.003729100579774377 0.0028801899081926227 0.003280465769060303 0.0030352047242169847 0.0035449235390024713 0.0033396282581014563 0.002684391386050655 0.003794761760327201 0.0032402877046422843 0.0034732207204272872 0.0032444399700806213 0.002191598948406311 0.0034769680706224935 0.003232688834410715 0.0035004737868527345 0.003411498252674299 0.0028599660319350273 0.004033762016433056
3.0 0.0030261418604731103 0.0034353931262378974 0.0 0.0009900308623115662 0.001492856747407179 0.0012977540683621466 0.001999738214977993 0.0008216470024851857 0.0010282387122166493 0.0016451247136614563 0.002449775265781104 0.0012783481454384732 0.0012623397579534634 0.0015886169545972018 0.0016104992180849056 0.0009125832712856188 0.001418869274243722 0.00116866710957536 0.0019559315703983637 0.00208532400796353 0.0016547919360181892 0.0013960333642928828 0.0007077597022979729 0.0012659725025234614 0.0023442065789762525 0.0010252992375728064 0.0008938701105317658 0.0011098520782866382 0.0010901307522601655 0.0016015658998155212 0.0019006384446017938
4.0 0.0029230492361384764 0.0033316877387693095 0.0009900308623115662 0.0 0.0015129870526080697 0.0010779845765477155 0.0018908767026401705 0.0009058342110093757 0.000793489138069918 0.0015274446059585227 0.002344905849034835 0.0011641152174340732 0.0008886538568583504 0.001611697743845445 0.0014944393651921614 0.0006618091771612216 0.0012857547607111226 0.0012820527059714338 0.001836062252074833 0.001982550957774293 0.0016777761846035978 0.0012324235448852193 0.0009681459435325907 0.0012311866274068053 0.0022389157464049697 0.0007449655463380536 0.0007691683845568922 0.0006630590211245853 0.0005481992219754277 0.0014858130250453793 0.0019220463344465821
5.0 0.003211415232998517 0.0036237915552917934 0.001492856747407179 0.0015129870526080697 0.0 0.0016621009283055918 0.0022063133063994307 0.0015666513795328106 0.001641280987819205 0.0018739433697834685 0.0026432540692950734 0.001514950657747757 0.0017145657346123444 0.000902832088347732 0.0018355639918014892 0.0014421545954316902 0.0016786066280675528 0.0014135365329858976 0.002189456151966396 0.002275744312961255 0.0009714066641564835 0.0017021061398807902 0.0015584221035377654 0.0013117250896455455 0.0025392478767407817 0.0016246913391666958 0.001383149243918841 0.0016666641562402976 0.0016016739865231918 0.0018259219996883277 0.0011960382849771091
6.0 0.0029173147435628214 0.003325086439380228 0.0012977540683621466 0.0010779845765477155 0.0016621009283055918 0.0 0.0018756719704033677 0.0012892956619593977 0.0012897979030253807 0.001494821133484613 0.002336525579921269 0.0011535421247615527 0.001128085820865982 0.0017631861424708753 0.0014652018948667928 0.0010646389802332484 0.0012157972231451467 0.0014894128406664634 0.0017985616545754262 0.0019782535350441597 0.001829179053563089 0.001054259991481175 0.0013157538589002584 0.0013347234874449636 0.0022298515523194212 0.0012623920184055152 0.0010505603232752224 0.0012641639850071796 0.001142018439434015 0.001457218508491238 0.0020721224804968095
7.0 0.002333486530228885 0.0027284923263140833 0.001999738214977993 0.0018908767026401705 0.0022063133063994307 0.0018756719704033677 0.0 0.0020245962459326523 0.0020596665869410443 0.0014483630818812395 0.0016896406466323883 0.0015284419882869303 0.002037682148823699 0.0023113237185133657 0.0013354279850151295 0.0018406752364173848 0.0015575678524633561 0.002115226552488578 0.001823720725106392 0.0015863977035079882 0.0023771032225012086 0.0017816909818096612 0.0020365021848599554 0.001821818396025457 0.0015524731151966074 0.002037659386362178 0.0017936685326280788 0.002060342749701307 0.001970249751259601 0.0013118435530166555 0.0026172343370551034
8.0 0.0030530600173574595 0.0034620842259333712 0.0008216470024851857 0.0009058342110093757 0.0015666513795328106 0.0012892956619593977 0.0020245962459326523 0.0 0.0008438498367711053 0.0016669675700680905 0.0024760439166731157 0.001300908096445444 0.0012186584076575632 0.0016636491388567131 0.0016328897116623413 0.0008521120913392473 0.0014356196070599925 0.001285076826099774 0.00197704019496991 0.002112316549250835 0.001729782564567026 0.0014033187257195458 0.000628631652563457 0.001317048033311972 0.0023703239078725793 0.0008598967623010536 0.0008821368036222685 0.000992042848601926 0.0010108809179067485 0.0016240603479319 0.0019749585214074816
9.0 0.0030899132513403336 0.0034987485620103388 0.0010282387122166493 0.000793489138069918 0.001641280987819205 0.0012897979030253807 0.0020596665869410443 0.0008438498367711053 0.0 0.0016993044955485345 0.0025123491122935855 0.0013343616808036821 0.0011715552726452375 0.0017391628462008202 0.001665729372247426 0.0008274516119418434 0.0014631507843443367 0.001386881058536642 0.002008695314795005 0.00214928056835539 0.0018052673745995408 0.0014213271469480284 0.0009607219302859354 0.0013751229913683024 0.002406498560811395 0.00040083174922375415 0.0009123546657127885 0.0007743379864203854 0.0008992155294247702 0.0016569953956578772 0.002049971393745701
10.0 0.0025718174670650213 0.0029751983857588655 0.0016451247136614563 0.0015274446059585227 0.0018739433697834685 0.001494821133484613 0.0014483630818812395 0.0016669675700680905 0.0016993044955485345 0.0 0.0019747842029625563 0.0011649658654907312 0.0016693162982344646 0.0019783297939957485 0.0007300086467827752 0.0014791949697919565 0.00109078345700221 0.0017694820098303502 0.0011326550768109493 0.0016632648372330362 0.0020441697759471713 0.0013782802862159667 0.0016801552575541109 0.0014934807908271084 0.0018625482487041821 0.0016768994236483212 0.0014337954622508416 0.0016981266711535055 0.0016059992476907458 0.0007469261532253224 0.002284983821462285
11.0 0.0017530073948961765 0.002107038037892202 0.002449775265781104 0.002344905849034835 0.0026432540692950734 0.002336525579921269 0.0016896406466323883 0.0024760439166731157 0.0025123491122935855 0.0019747842029625563 0.0 0.0019905811935805643 0.002493760313145783 0.0027485297874306185 0.001877609878912027 0.0022938993941820553 0.00204168363150372 0.002560769284043007 0.002340689718910506 0.0017224351101307752 0.002814237512983612 0.0022499905644028763 0.00248735671576475 0.00226102940645847 0.0008917274764742001 0.0024905182920531453 0.0022462746038089286 0.00251384214950587 0.0024246227443246353 0.0018569801399954153 0.003053664371231239
12.0 0.0025735030059670506 0.002980417532035162 0.0012783481454384732 0.0011641152174340732 0.001514950657747757 0.0011535421247615527 0.0015284419882869303 0.001300908096445444 0.0013343616808036821 0.0011649658654907312 0.0019905811935805643 0.0 0.001310374740471857 0.0016189459123578404 0.0011301953146038235 0.0011139669761632952 0.0009796043734499817 0.001403664936873896 0.0014790039494236604 0.0016307917137947437 0.0016848286111058866 0.0010886341643740359 0.001313757849405065 0.0011319624864154954 0.0018836290321191944 0.0013121523151588292 0.001066488356771365 0.0013342047034772672 0.0012434030182812191 0.0011212042923336497 0.001926108890808445
13.0 0.0030727388126281317 0.0034810983333268273 0.0012623397579534634 0.0008886538568583504 0.0017145657346123444 0.001128085820865982 0.002037682148823699 0.0012186584076575632 0.0011715552726452375 0.0016693162982344646 0.002493760313145783 0.001310374740471857 0.0 0.001814191521493272 0.0016372484826472095 0.0009676082429885134 0.001417958129962463 0.0015072655022030281 0.0019766220315567055 0.0021325836591946866 0.0018802380398770316 0.001341587299239902 0.001261412436527943 0.0014151122504097928 0.0023875607783098367 0.0011354710253226484 0.0010118238963103049 0.0010989671594853288 0.0008987267507340182 0.001628799874118092 0.002124004872934573
14.0 0.0033167201190359742 0.003729100579774377 0.0015886169545972018 0.001611697743845445 0.000902832088347732 0.0017631861424708753 0.0023113237185133657 0.0016636491388567131 0.0017391628462008202 0.0019783297939957485 0.0027485297874306185 0.0016189459123578404 0.001814191521493272 0.0 0.0019400604714266117 0.0015405828154914803 0.0017821180157152 0.001501517352576076 0.002293707114000868 0.0023812946457801155 0.0005571699988656219 0.0018044361678268804 0.0016549183333420744 0.0014207314886805936 0.002644501097810979 0.0017226878746403607 0.001481586793373302 0.0017650480670349852 0.001700536796940857 0.0019304391023693469 0.000981098274581821
15.0 0.002477434820227867 0.0028801899081926227 0.0016104992180849056 0.0014944393651921614 0.0018355639918014892 0.0014652018948667928 0.0013354279850151295 0.0016328897116623413 0.001665729372247426 0.0007300086467827752 0.001877609878912027 0.0011301953146038235 0.0016372484826472095 0.0019400604714266117 0.0 0.0014458173026783445 0.0010805009109795313 0.0017332933542923623 0.001158597907104365 0.0015771796329250589 0.002005891496209728 0.0013533525703201942 0.0016458438564831502 0.0014540575960337418 0.0017641831165141706 0.0016433978332680938 0.0014001042791514894 0.0016648957760650824 0.0015731491853997696 0.00035346309965141086 0.00224661073535147
16.0 0.002871718342038581 0.003280465769060303 0.0009125832712856188 0.0006618091771612216 0.0014421545954316902 0.0010646389802332484 0.0018406752364173848 0.0008521120913392473 0.0008274516119418434 0.0014791949697919565 0.0022938993941820553 0.0011139669761632952 0.0009676082429885134 0.0015405828154914803 0.0014458173026783445 0.0 0.001241399271320772 0.0012048917081476183 0.0017883438656652114 0.0019310419578560836 0.0016066730664631313 0.0011972848722193096 0.0009003133558794689 0.0011661246288943877 0.0021879923508965108 0.000801376542463669 0.0006447547297379185 0.0008261545888117432 0.0007754453866302326 0.0014371201393376886 0.0018511189406340656
17.0 0.00262951386320127 0.0030352047242169847 0.001418869274243722 0.0012857547607111226 0.0016786066280675528 0.0012157972231451467 0.0015575678524633561 0.0014356196070599925 0.0014631507843443367 0.00109078345700221 0.00204168363150372 0.0009796043734499817 0.001417958129962463 0.0017821180157152 0.0010805009109795313 0.001241399271320772 0.0 0.0015568610176612653 0.001358505136740421 0.00169942038236964 0.0018480058642674439 0.001033966198167439 0.0014509833625842017 0.0013094024786911933 0.0019328809833254854 0.00144003377374012 0.0011994083909737437 0.0014586050331603928 0.0013627013647089853 0.0010762748291886326 0.002089457582342118
18.0 0.003134851193192209 0.0035449235390024713 0.00116866710957536 0.0012820527059714338 0.0014135365329858976 0.0014894128406664634 0.002115226552488578 0.001285076826099774 0.001386881058536642 0.0017694820098303502 0.002560769284043007 0.001403664936873896 0.0015072655022030281 0.001501517352576076 0.0017332933542923623 0.0012048917081476183 0.0015568610176612653 0.0 0.0020823094957293877 0.0021944253630750764 0.0015678881098624992 0.0015564041522304027 0.0012601942852455755 0.0013040213248443704 0.0024556970704711525 0.0013736068964838432 0.0011496782493685478 0.0014266475772590197 0.0013746991052372478 0.0017240657198531553 0.0018174884019082327
19.0 0.002935777553160546 0.0033396282581014563 0.0019559315703983637 0.001836062252074833 0.002189456151966396 0.0017985616545754262 0.001823720725106392 0.00197704019496991 0.002008695314795005 0.0011326550768109493 0.002340689718910506 0.0014790039494236604 0.0019766220315567055 0.002293707114000868 0.001158597907104365 0.0017883438656652114 0.001358505136740421 0.0020823094957293877 0.0 0.0020223375683465212 0.0023595540950753155 0.0016745665291822412 0.001990539538325185 0.00181057156247936 0.0022292028121611396 0.001986190154703184 0.001743400495291798 0.002007045332205147 0.001914396529246804 0.001172151862611299 0.002600472490653118
20.0 0.002280509918423482 0.002684391386050655 0.00208532400796353 0.001982550957774293 0.002275744312961255 0.0019782535350441597 0.0015863977035079882 0.002112316549250835 0.00214928056835539 0.0016632648372330362 0.0017224351101307752 0.0016307917137947437 0.0021325836591946866 0.0023812946457801155 0.0015771796329250589 0.0019310419578560836 0.00169942038236964 0.0021944253630750764 0.0020223375683465212 0.0 0.002447042716367663 0.0018966679918975887 0.0021233301430314882 0.0018877700145389377 0.0016399628583104553 0.002127543879272111 0.0018829898028370172 0.002151223565147363 0.00206247676673696 0.0015586161123255925 0.0026867773552618555
21.0 0.0033823471733377287 0.003794761760327201 0.0016547919360181892 0.0016777761846035978 0.0009714066641564835 0.001829179053563089 0.0023771032225012086 0.001729782564567026 0.0018052673745995408 0.0020441697759471713 0.002814237512983612 0.0016848286111058866 0.0018802380398770316 0.0005571699988656219 0.002005891496209728 0.0016066730664631313 0.0018480058642674439 0.0015678881098624992 0.0023595540950753155 0.002447042716367663 0.0 0.0018703782592552013 0.0017210670388347485 0.001486509175878416 0.002710219759756802 0.0017887887710686537 0.0015476818737959622 0.0018311358505199793 0.0017666093072281125 0.0019962694543332903 0.0009766190946018179
22.0 0.0028332988424367702 0.0032402877046422843 0.0013960333642928828 0.0012324235448852193 0.0017021061398807902 0.001054259991481175 0.0017816909818096612 0.0014033187257195458 0.0014213271469480284 0.0013782802862159667 0.0022499905644028763 0.0010886341643740359 0.001341587299239902 0.0018044361678268804 0.0013533525703201942 0.0011972848722193096 0.001033966198167439 0.0015564041522304027 0.0016745665291822412 0.0018966679918975887 0.0018703782592552013 0.0 0.0014227825755887945 0.0013520341448846423 0.0021426035559235566 0.0013967521423707595 0.0011637225974549161 0.0014097509253213243 0.0013055966866409117 0.001346267981278773 0.0021125783856677477
23.0 0.0030641029208432645 0.0034732207204272872 0.0007077597022979729 0.0009681459435325907 0.0015584221035377654 0.0013157538589002584 0.0020365021848599554 0.000628631652563457 0.0009607219302859354 0.0016801552575541109 0.00248735671576475 0.001313757849405065 0.001261412436527943 0.0016549183333420744 0.0016458438564831502 0.0009003133558794689 0.0014509833625842017 0.0012601942852455755 0.001990539538325185 0.0021233301430314882 0.0017210670388347485 0.0014227825755887945 0.0 0.001317976049033063 0.0023816998349102023 0.0009659285451579687 0.0009070811501693966 0.0010720894395429984 0.001070995361067635 0.0016369710393816087 0.0019665019088592087
24.0 0.002834379527231969 0.0032444399700806213 0.0012659725025234614 0.0012311866274068053 0.0013117250896455455 0.0013347234874449636 0.001821818396025457 0.001317048033311972 0.0013751229913683024 0.0014934807908271084 0.00226102940645847 0.0011319624864154954 0.0014151122504097928 0.0014207314886805936 0.0014540575960337418 0.0011661246288943877 0.0013094024786911933 0.0013040213248443704 0.00181057156247936 0.0018877700145389377 0.001486509175878416 0.0013520341448846423 0.001317976049033063 0.0 0.0021564762004864014 0.0013563850158824636 0.0011076597181567454 0.0013909780207688573 0.0013168878191807372 0.0014442171297959065 0.0017256528005875397
25.0 0.0018228364437932573 0.002191598948406311 0.0023442065789762525 0.0022389157464049697 0.0025392478767407817 0.0022298515523194212 0.0015524731151966074 0.0023703239078725793 0.002406498560811395 0.0018625482487041821 0.0008917274764742001 0.0018836290321191944 0.0023875607783098367 0.002644501097810979 0.0017641831165141706 0.0021879923508965108 0.0019328809833254854 0.0024556970704711525 0.0022292028121611396 0.0016399628583104553 0.002710219759756802 0.0021426035559235566 0.0023816998349102023 0.0021564762004864014 0.0 0.0023846491950278333 0.0021404297168149565 0.0024079059153026793 0.002318596750018143 0.0017433314901613415 0.002949750547655406
26.0 0.0030681589655312752 0.0034769680706224935 0.0010252992375728064 0.0007449655463380536 0.0016246913391666958 0.0012623920184055152 0.002037659386362178 0.0008598967623010536 0.00040083174922375415 0.0016768994236483212 0.0024905182920531453 0.0013121523151588292 0.0011354710253226484 0.0017226878746403607 0.0016433978332680938 0.000801376542463669 0.00144003377374012 0.0013736068964838432 0.001986190154703184 0.002127543879272111 0.0017887887710686537 0.0013967521423707595 0.0009659285451579687 0.0013563850158824636 0.0023846491950278333 0.0 0.0008922183294923893 0.0006898328949119983 0.0008486191313181362 0.0016346782264322316 0.002033431894143374
27.0 0.0028238690984140136 0.003232688834410715 0.0008938701105317658 0.0007691683845568922 0.001383149243918841 0.0010505603232752224 0.0017936685326280788 0.0008821368036222685 0.0009123546657127885 0.0014337954622508416 0.0022462746038089286 0.001066488356771365 0.0010118238963103049 0.001481586793373302 0.0014001042791514894 0.0006447547297379185 0.0011994083909737437 0.0011496782493685478 0.001743400495291798 0.0018829898028370172 0.0015476818737959622 0.0011637225974549161 0.0009070811501693966 0.0011076597181567454 0.0021404297168149565 0.0008922183294923893 0.0 0.0009276774717205775 0.0008663730992794069 0.001391347238165416 0.0017921558090426815
28.0 0.0030917592930740584 0.0035004737868527345 0.0011098520782866382 0.0006630590211245853 0.0016666641562402976 0.0012641639850071796 0.002060342749701307 0.000992042848601926 0.0007743379864203854 0.0016981266711535055 0.00251384214950587 0.0013342047034772672 0.0010989671594853288 0.0017650480670349852 0.0016648957760650824 0.0008261545888117432 0.0014586050331603928 0.0014266475772590197 0.002007045332205147 0.002151223565147363 0.0018311358505199793 0.0014097509253213243 0.0010720894395429984 0.0013909780207688573 0.0024079059153026793 0.0006898328949119983 0.0009276774717205775 0.0 0.0007310296024670027 0.0016562277052187733 0.0020755690215037838
29.0 0.00300290761409953 0.003411498252674299 0.0010901307522601655 0.0005481992219754277 0.0016016739865231918 0.001142018439434015 0.001970249751259601 0.0010108809179067485 0.0008992155294247702 0.0016059992476907458 0.0024246227443246353 0.0012434030182812191 0.0008987267507340182 0.001700536796940857 0.0015731491853997696 0.0007754453866302326 0.0013627013647089853 0.0013746991052372478 0.001914396529246804 0.00206247676673696 0.0017666093072281125 0.0013055966866409117 0.001070995361067635 0.0013168878191807372 0.002318596750018143 0.0008486191313181362 0.0008663730992794069 0.0007310296024670027 0.0 0.0015645530234017148 0.002010790240305525
30.0 0.0024573275883677235 0.0028599660319350273 0.0016015658998155212 0.0014858130250453793 0.0018259219996883277 0.001457218508491238 0.0013118435530166555 0.0016240603479319 0.0016569953956578772 0.0007469261532253224 0.0018569801399954153 0.0011212042923336497 0.001628799874118092 0.0019304391023693469 0.00035346309965141086 0.0014371201393376886 0.0010762748291886326 0.0017240657198531553 0.001172151862611299 0.0015586161123255925 0.0019962694543332903 0.001346267981278773 0.0016369710393816087 0.0014442171297959065 0.0017433314901613415 0.0016346782264322316 0.001391347238165416 0.0016562277052187733 0.0015645530234017148 0.0 0.002236970221687383
31.0 0.0036210372915274195 0.004033762016433056 0.0019006384446017938 0.0019220463344465821 0.0011960382849771091 0.0020721224804968095 0.0026172343370551034 0.0019749585214074816 0.002049971393745701 0.002284983821462285 0.003053664371231239 0.001926108890808445 0.002124004872934573 0.000981098274581821 0.00224661073535147 0.0018511189406340656 0.002089457582342118 0.0018174884019082327 0.002600472490653118 0.0026867773552618555 0.0009766190946018179 0.0021125783856677477 0.0019665019088592087 0.0017256528005875397 0.002949750547655406 0.002033431894143374 0.0017921558090426815 0.0020755690215037838 0.002010790240305525 0.002236970221687383 0.0
