0.0 1.0 2.0 3.0 4.0 5.0 6.0 7.0 8.0 9.0 10.0 11.0 12.0 13.0 14.0 15.0 16.0 17.0 18.0 19.0 20.0 21.0 22.0 23.0 24.0 25.0 26.0 27.0 28.0 29.0 30.0 31.0
1.0 0.0 0.0020490960615849683 0.0030149346433236855 0.002928630529357472 0.003317352544250751 0.0029062746565996413 0.0022368683564623587 0.0030283954183877334 0.0030673356348955723 0.002516296321206384 0.001945296605495206 0.002619328643384731 0.0030540773182189747 0.0033891946296423945 0.0024668535566624394 0.002869050358918108 0.002626528664002133 0.0031222634073382735 0.0026983814994260375 0.0023502885108251637 0.0034286755999615743 0.002828231855796884 0.003040960789484243 0.0030312911020499923 0.002040886512650106 0.0030486619971934097 0.0028472675266488375 0.0030630596537399666 0.0030034721967738564 0.002454170162293082 0.003640417268789306
2.0 0.0020490960615849683 0.0 0.0031890816495457573 0.0031008487196515703 0.0035011077901107752 0.0030756758576041005 0.0023695953766652536 0.00320186516747871 0.0032401731500422168 0.002671895823886404 0.0019842055768925842 0.0027857889389743128 0.003225362789455353 0.003572931784568716 0.0026206689528404195 0.003041610536760967 0.002789123858523858 0.003299036228688785 0.002855321584779166 0.0025051716702393684 0.0036125010974459495 0.0029950636428423267 0.003214733874643626 0.0032084049759061825 0.0021163049991093762 0.003221417604357451 0.003020018315155234 0.0032355447156853503 0.0031755307267251815 0.0026076253421536636 0.003825133893433116
3.0 0.0030149346433236855 0.0031890816495457573 0.0 0.0009300906259789295 0.0015029387285720314 0.0012277654763316404 0.0018112468358323992 0.000744206484270368 0.0009466646724911776 0.001548928786592521 0.002329114103378405 0.0012907263425104777 0.0011829246146951313 0.0015661239860551152 0.0015549831359944594 0.0008442013161384415 0.0013774015136659885 0.0010731526220583067 0.0016807633651922584 0.002051681968327465 0.0016062908024363168 0.0013403226764416277 0.0006469338425527204 0.0014068701269018863 0.0022497342831877855 0.0009456460032759044 0.0008528895436795557 0.001012737758506222 0.00102586573886477 0.0015536190898573447 0.001827318453050935
4.0 0.002928630529357472 0.0031008487196515703 0.0009300906259789295 0.0 0.00155812350745951 0.0010326000478366607 0.0017158317376488965 0.0008448423196191785 0.0007405889848960496 0.0014448769266386559 0.0022386275558000292 0.0011916343226678842 0.0008488206457156521 0.0016239234841009921 0.0014523054223278251 0.0006294330062536881 0.0012601461554271058 0.001207972327345098 0.0015748599575463196 0.001961539466618338 0.0016640335087566224 0.0011958846219725966 0.000904919200664663 0.0013872294576027931 0.002158446551741221 0.0006977698286522362 0.0007512807629110612 0.0006246065981699231 0.0005338704222859407 0.0014512302922056932 0.0018837294012377928
5.0 0.003317352544250751 0.0035011077901107752 0.0015029387285720314 0.00155812350745951 0.0 0.0017140648374586523 0.002153737500771138 0.0015675230304095004 0.0016526870751393656 0.0019171050925353254 0.002651680591908641 0.0016663935649857838 0.001745704178976609 0.0008883544258005789 0.0019195970170411305 0.0014768743320406892 0.0017728976882466193 0.0013887204170547722 0.002053137912164005 0.0023777397559009 0.0009310436147597807 0.0017760503975412394 0.0015572114101814155 0.0015985485924958523 0.00257581053003199 0.0016398935405699411 0.0014459563407719172 0.0016733973110648085 0.0016434960026798146 0.0019174928526844194 0.0011206602407798595
6.0 0.0029062746565996413 0.0030756758576041005 0.0012277654763316404 0.0010326000478366607 0.0017140648374586523 0.0 0.001679182564376568 0.0012096734354684192 0.0012130946060126585 0.0013909363533634728 0.0022100472476621743 0.0011629116820764738 0.0010590964136640035 0.0017819549935706464 0.001401357842396723 0.0010090773705499954 0.0011721984500357259 0.001414784025934884 0.0015165205440801069 0.0019343839096986714 0.0018220037740202585 0.001005756725691327 0.0012368265668528185 0.001478825624565271 0.0021286179343633213 0.0011892367977708552 0.0010174725050829773 0.001185160297011447 0.0010917153336074087 0.0014009165944943404 0.002040490726664127
7.0 0.0022368683564623587 0.0023695953766652536 0.0018112468358323992 0.0017158317376488965 0.002153737500771138 0.001679182564376568 0.0 0.001821562837075521 0.0018575217343725016 0.0011956903079100413 0.0014455486885736747 0.0013815560670543832 0.0018366741217915902 0.002225124552993698 0.0011291869916636972 0.0016579383635231559 0.0013594311116499648 0.0019303211585221013 0.0013885720389029991 0.001356661849975163 0.0022649085895953547 0.001587100283728465 0.0018355445131177472 0.0018471972470037782 0.001334106824409386 0.0018384571616133624 0.0016371677390119295 0.001851560809907048 0.0017898966950401726 0.0011130641656068294 0.002479802562641989
8.0 0.0030283954183877334 0.00320186516747871 0.000744206484270368 0.0008448423196191785 0.0015675230304095004 0.0012096734354684192 0.001821562837075521 0.0 0.0007746267491388591 0.0015564175190364458 0.0023411145358352573 0.0012993998183981957 0.0011344310618765642 0.001631738537455166 0.0015629132883858946 0.000781687261911451 0.0013807757635073917 0.0011712907798979892 0.0016876648214164836 0.002063769179632194 0.001671882457895164 0.0013357239001823653 0.0005702025380493621 0.001442541901867832 0.00226145742758905 0.0007902570747983198 0.0008341597184955149 0.0008951227952000776 0.0009448152428256202 0.001561642153584693 0.0018923809259724497
9.0 0.0030673356348955723 0.0032401731500422168 0.0009466646724911776 0.0007405889848960496 0.0016526870751393656 0.0012130946060126585 0.0018575217343725016 0.0007746267491388591 0.0 0.0015895549535396283 0.0023786853869100432 0.001334186414918131 0.001093114123027128 0.0017177483932725298 0.0015964995358534189 0.0007633849475689016 0.0014095890065365102 0.0012820496325005202 0.0017201946888854144 0.0021014617067330594 0.0017578737804307548 0.0013556374704244618 0.0008823985259742814 0.001503396120830672 0.002298765687393455 0.0003818276149367629 0.0008666358500460094 0.0006808926881207737 0.0008399479343647025 0.0015953229611866005 0.0019779399434842913
10.0 0.002516296321206384 0.002671895823886404 0.001548928786592521 0.0014448769266386559 0.0019171050925353254 0.0013909363533634728 0.0011956903079100413 0.0015564175190364458 0.0015895549535396283 0.0 0.0017876299902484208 0.001111291591026384 0.0015606524305908074 0.0019878181033348057 0.0006268654924933971 0.001388878351248866 0.0009867555682707913 0.0016772345696398584 0.0008112879663360511 0.0015406661505837737 0.0020277062314269165 0.0012766254591987949 0.0015716868210477442 0.001611955487505028 0.0016985235214368156 0.0015701074677695994 0.001369486908415965 0.0015819225876995292 0.0015181025783197436 0.0006495631942187354 0.0022438157540356747
11.0 0.001945296605495206 0.0019842055768925842 0.002329114103378405 0.0022386275558000292 0.002651680591908641 0.0022100472476621743 0.0014455486885736747 0.0023411145358352573 0.0023786853869100432 0.0017876299902484208 0.0 0.001916863634474329 0.0023620289212512593 0.00272341805724518 0.0017337074682947768 0.0021797937294304568 0.0019147366756985364 0.0024420605762376603 0.0019729981182915286 0.0016453717239823282 0.002763073762297622 0.0021262324840963004 0.002354336262671775 0.002352658998706295 0.0009592375742167249 0.0023598342251757755 0.0021584334934498625 0.0023736440254623035 0.0023131226118819482 0.0017201177559176325 0.0029765938297904027
12.0 0.002619328643384731 0.0027857889389743128 0.0012907263425104777 0.0011916343226678842 0.0016663935649857838 0.0011629116820764738 0.0013815560670543832 0.0012993998183981957 0.001334186414918131 0.001111291591026384 0.001916863634474329 0.0 0.0013129568834838565 0.001736770229327081 0.0011164368690246935 0.0011333100722747858 0.0009910982973891577 0.0014188813700883552 0.0012480042582275414 0.0016375495449629071 0.001776735307515872 0.0011023045484340765 0.0013141159722485879 0.0013504584821511924 0.0018344346623653108 0.0013149978275294452 0.0011115247211954554 0.0013277910291457085 0.0012657996480414636 0.0011148192327665972 0.001993690784915416
13.0 0.0030540773182189747 0.003225362789455353 0.0011829246146951313 0.0008488206457156521 0.001745704178976609 0.0010590964136640035 0.0018366741217915902 0.0011344310618765642 0.001093114123027128 0.0015606524305908074 0.0023620289212512593 0.0013129568834838565 0.0 0.0018123452933226742 0.0015689300878784754 0.0009113043267585247 0.0013669355941496892 0.001417009718124489 0.0016894306717962883 0.002085297661258699 0.0018524330098576925 0.00128040282360074 0.0011762437843557331 0.001549051393277346 0.0022814440311877847 0.0010615506279248775 0.0009722611086950615 0.001025864436263845 0.0008554329265292988 0.0015680342380020732 0.0020716640824693265
14.0 0.0033891946296423945 0.003572931784568716 0.0015661239860551152 0.0016239234841009921 0.0008883544258005789 0.0017819549935706464 0.002225124552993698 0.001631738537455166 0.0017177483932725298 0.0019878181033348057 0.00272341805724518 0.001736770229327081 0.0018123452933226742 0.0 0.001990408837507595 0.0015424492761133128 0.0018428545879518553 0.0014446650672729272 0.0021237322101142564 0.0024497186464677435 0.000527019676568063 0.0018449985494427518 0.0016209632158382475 0.0016742145761211523 0.002647500729999844 0.0017050567455878449 0.001511618262219043 0.0017388736096508274 0.0017094336399750272 0.001988325335428952 0.0008990742822496678
15.0 0.0024668535566624394 0.0026206689528404195 0.0015549831359944594 0.0014523054223278251 0.0019195970170411305 0.001401357842396723 0.0011291869916636972 0.0015629132883858946 0.0015964995358534189 0.0006268654924933971 0.0017337074682947768 0.0011164368690246935 0.0015689300878784754 0.001990408837507595 0.0 0.0013959867382729745 0.0010145762576632919 0.0016819184217519304 0.0008652491031139495 0.0014945381360421512 0.002030285628749221 0.001291238873983551 0.001577980879825866 0.0016135936649826934 0.001643322808931659 0.0015771136853487697 0.0013763505383191884 0.0015891375447378824 0.001525671215270859 0.0003262738524624884 0.002246254221566879
16.0 0.002869050358918108 0.003041610536760967 0.0008442013161384415 0.0006294330062536881 0.0014768743320406892 0.0010090773705499954 0.0016579383635231559 0.000781687261911451 0.0007633849475689016 0.001388878351248866 0.0021797937294304568 0.0011333100722747858 0.0009113043267585247 0.0015424492761133128 0.0013959867382729745 0.0 0.0012076110887434652 0.0011217668604620824 0.0015193278710710278 0.0019025287708798089 0.0015825681753938682 0.0011519168492318348 0.0008285025991267678 0.0013137106855509472 0.0020997612361635283 0.0007410970235414366 0.0006194761107634014 0.000757904948705083 0.0007381689252763343 0.001394843369707171 0.001802418361372785
17.0 0.002626528664002133 0.002789123858523858 0.0013774015136659885 0.0012601461554271058 0.0017728976882466193 0.0011721984500357259 0.0013594311116499648 0.0013807757635073917 0.0014095890065365102 0.0009867555682707913 0.0019147366756985364 0.0009910982973891577 0.0013669355941496892 0.0018428545879518553 0.0010145762576632919 0.0012076110887434652 0.0 0.0015173285525341088 0.0010782456796447609 0.001647712365527723 0.0018828051582232075 0.0009975612378241394 0.0013979271249626867 0.0014806485792591847 0.0018299012421771942 0.0013895380015833741 0.0011910568335028655 0.0013992736699473983 0.0013318789180091196 0.0010179691102336179 0.0020997365281248768
18.0 0.0031222634073382735 0.003299036228688785 0.0010731526220583067 0.001207972327345098 0.0013887204170547722 0.001414784025934884 0.0019303211585221013 0.0011712907798979892 0.0012820496325005202 0.0016772345696398584 0.0024420605762376603 0.0014188813700883552 0.001417009718124489 0.0014446650672729272 0.0016819184217519304 0.0011217668604620824 0.0015173285525341088 0.0 0.0018107843463917878 0.002164859682522419 0.0014849166656980203 0.001499736361974925 0.0011460144116098368 0.0014475124219937283 0.0023637129434835496 0.001272154628436304 0.001095929764722566 0.0013144503453904402 0.0012968991309389205 0.0016802683648239752 0.0017090370228972232
19.0 0.0026983814994260375 0.002855321584779166 0.0016807633651922584 0.0015748599575463196 0.002053137912164005 0.0015165205440801069 0.0013885720389029991 0.0016876648214164836 0.0017201946888854144 0.0008112879663360511 0.0019729981182915286 0.0012480042582275414 0.0016894306717962883 0.0021237322101142564 0.0008652491031139495 0.0015193278710710278 0.0010782456796447609 0.0018107843463917878 0.0 0.0017217819625858044 0.0021636313977114324 0.001395302885716211 0.0017032013986770281 0.0017496567444083649 0.0018847419166321527 0.0017006633973066778 0.001500309273793458 0.0017121906970120945 0.0016478833280840206 0.000885361690442058 0.0023798802340231707
20.0 0.0023502885108251637 0.0025051716702393684 0.002051681968327465 0.001961539466618338 0.0023777397559009 0.0019343839096986714 0.001356661849975163 0.002063769179632194 0.0021014617067330594 0.0015406661505837737 0.0016453717239823282 0.0016375495449629071 0.002085297661258699 0.0024497186464677435 0.0014945381360421512 0.0019025287708798089 0.001647712365527723 0.002164859682522419 0.0017217819625858044 0.0 0.0024894570057807878 0.0018529259017391578 0.002076954719986287 0.002069107474461014 0.0015810720703190268 0.002082628327539521 0.0018809802157347924 0.002096509363255927 0.0020361045283624492 0.0014825050065842412 0.0027037398879591534
21.0 0.0034286755999615743 0.0036125010974459495 0.0016062908024363168 0.0016640335087566224 0.0009310436147597807 0.0018220037740202585 0.0022649085895953547 0.001671882457895164 0.0017578737804307548 0.0020277062314269165 0.002763073762297622 0.001776735307515872 0.0018524330098576925 0.000527019676568063 0.002030285628749221 0.0015825681753938682 0.0018828051582232075 0.0014849166656980203 0.0021636313977114324 0.0024894570057807878 0.0 0.0018850037915100122 0.0016611162578744044 0.0017142356288621405 0.0026871821648462536 0.0017451800834231016 0.0015517419620426965 0.0017789896316059203 0.001749539419351852 0.002028199748188312 0.0008797937409310399
22.0 0.002828231855796884 0.0029950636428423267 0.0013403226764416277 0.0011958846219725966 0.0017760503975412394 0.001005756725691327 0.001587100283728465 0.0013357239001823653 0.0013556374704244618 0.0012766254591987949 0.0021262324840963004 0.0011023045484340765 0.00128040282360074 0.0018449985494427518 0.001291238873983551 0.0011519168492318348 0.0009975612378241394 0.001499736361974925 0.001395302885716211 0.0018529259017391578 0.0018850037915100122 0.0 0.0013565516650217032 0.0015094289371152454 0.0020435879213584205 0.001334300708454729 0.0011428189200378227 0.0013394899907156173 0.0012639645745865205 0.0012916990276166944 0.002102760939663775
23.0 0.003040960789484243 0.003214733874643626 0.0006469338425527204 0.000904919200664663 0.0015572114101814155 0.0012368265668528185 0.0018355445131177472 0.0005702025380493621 0.0008823985259742814 0.0015716868210477442 0.002354336262671775 0.0013141159722485879 0.0011762437843557331 0.0016209632158382475 0.001577980879825866 0.0008285025991267678 0.0013979271249626867 0.0011460144116098368 0.0017032013986770281 0.002076954719986287 0.0016611162578744044 0.0013565516650217032 0.0 0.0014450903944018731 0.002274803241486936 0.0008884958291688746 0.0008596606629318513 0.0009725351107545271 0.0010029700772842122 0.001576667467928775 0.0018818411749010923
24.0 0.0030312911020499923 0.0032084049759061825 0.0014068701269018863 0.0013872294576027931 0.0015985485924958523 0.001478825624565271 0.0018471972470037782 0.001442541901867832 0.001503396120830672 0.001611955487505028 0.002352658998706295 0.0013504584821511924 0.001549051393277346 0.0016742145761211523 0.0016135936649826934 0.0013137106855509472 0.0014806485792591847 0.0014475124219937283 0.0017496567444083649 0.002069107474461014 0.0017142356288621405 0.0015094289371152454 0.0014450903944018731 0.0 0.002275038585078334 0.0014876525451028048 0.0012820953949097933 0.0015118897231399938 0.0014682769499713287 0.001611302102311172 0.0019302032151653466
25.0 0.002040886512650106 0.0021163049991093762 0.0022497342831877855 0.002158446551741221 0.00257581053003199 0.0021286179343633213 0.001334106824409386 0.00226145742758905 0.002298765687393455 0.0016985235214368156 0.0009592375742167249 0.0018344346623653108 0.0022814440311877847 0.002647500729999844 0.001643322808931659 0.0020997612361635283 0.0018299012421771942 0.0023637129434835496 0.0018847419166321527 0.0015810720703190268 0.0026871821648462536 0.0020435879213584205 0.002274803241486936 0.002275038585078334 0.0 0.002279880322238091 0.0020784912788511995 0.0022935762474157895 0.002232873068217634 0.0016294754680711608 0.002900970928304463
26.0 0.0030486619971934097 0.003221417604357451 0.0009456460032759044 0.0006977698286522362 0.0016398935405699411 0.0011892367977708552 0.0018384571616133624 0.0007902570747983198 0.0003818276149367629 0.0015701074677695994 0.0023598342251757755 0.0013149978275294452 0.0010615506279248775 0.0017050567455878449 0.0015771136853487697 0.0007410970235414366 0.0013895380015833741 0.001272154628436304 0.0017006633973066778 0.002082628327539521 0.0017451800834231016 0.001334300708454729 0.0008884958291688746 0.0014876525451028048 0.002279880322238091 0.0 0.0008495005980004608 0.0006047345725925736 0.0007950997496548296 0.0015759500220317258 0.0019651942540663816
27.0 0.0028472675266488375 0.003020018315155234 0.0008528895436795557 0.0007512807629110612 0.0014459563407719172 0.0010174725050829773 0.0016371677390119295 0.0008341597184955149 0.0008666358500460094 0.001369486908415965 0.0021584334934498625 0.0011115247211954554 0.0009722611086950615 0.001511618262219043 0.0013763505383191884 0.0006194761107634014 0.0011910568335028655 0.001095929764722566 0.001500309273793458 0.0018809802157347924 0.0015517419620426965 0.0011428189200378227 0.0008596606629318513 0.0012820953949097933 0.0020784912788511995 0.0008495005980004608 0.0 0.0008744897955452035 0.0008440441705686217 0.0013751547000083707 0.001771601434367353
28.0 0.0030630596537399666 0.0032355447156853503 0.001012737758506222 0.0006246065981699231 0.0016733973110648085 0.001185160297011447 0.001851560809907048 0.0008951227952000776 0.0006808926881207737 0.0015819225876995292 0.0023736440254623035 0.0013277910291457085 0.001025864436263845 0.0017388736096508274 0.0015891375447378824 0.000757904948705083 0.0013992736699473983 0.0013144503453904402 0.0017121906970120945 0.002096509363255927 0.0017789896316059203 0.0013394899907156173 0.0009725351107545271 0.0015118897231399938 0.0022935762474157895 0.0006047345725925736 0.0008744897955452035 0.0 0.0006910965898222856 0.0015880180388370317 0.001998839864388399
29.0 0.0030034721967738564 0.0031755307267251815 0.00102586573886477 0.0005338704222859407 0.0016434960026798146 0.0010917153336074087 0.0017898966950401726 0.0009448152428256202 0.0008399479343647025 0.0015181025783197436 0.0023131226118819482 0.0012657996480414636 0.0008554329265292988 0.0017094336399750272 0.001525671215270859 0.0007381689252763343 0.0013318789180091196 0.0012968991309389205 0.0016478833280840206 0.0020361045283624492 0.001749539419351852 0.0012639645745865205 0.0010029700772842122 0.0014682769499713287 0.002232873068217634 0.0007950997496548296 0.0008440441705686217 0.0006910965898222856 0.0 0.001524626005393534 0.0019691525335985604
30.0 0.002454170162293082 0.0026076253421536636 0.0015536190898573447 0.0014512302922056932 0.0019174928526844194 0.0014009165944943404 0.0011130641656068294 0.001561642153584693 0.0015953229611866005 0.0006495631942187354 0.0017201177559176325 0.0011148192327665972 0.0015680342380020732 0.001988325335428952 0.0003262738524624884 0.001394843369707171 0.0010179691102336179 0.0016802683648239752 0.000885361690442058 0.0014825050065842412 0.002028199748188312 0.0012916990276166944 0.001576667467928775 0.001611302102311172 0.0016294754680711608 0.0015759500220317258 0.0013751547000083707 0.0015880180388370317 0.001524626005393534 0.0 0.002244139582393628
31.0 0.003640417268789306 0.003825133893433116 0.001827318453050935 0.0018837294012377928 0.0011206602407798595 0.002040490726664127 0.002479802562641989 0.0018923809259724497 0.0019779399434842913 0.0022438157540356747 0.0029765938297904027 0.001993690784915416 0.0020716640824693265 0.0008990742822496678 0.002246254221566879 0.001802418361372785 0.0020997365281248768 0.0017090370228972232 0.0023798802340231707 0.0027037398879591534 0.0008797937409310399 0.002102760939663775 0.0018818411749010923 0.0019302032151653466 0.002900970928304463 0.0019651942540663816 0.001771601434367353 0.001998839864388399 0.0019691525335985604 0.002244139582393628 0.0
