0.0 1.0 2.0 3.0 4.0 5.0 6.0 7.0 8.0 9.0 10.0 11.0 12.0 13.0 14.0 15.0 16.0 17.0 18.0 19.0 20.0 21.0 22.0 23.0 24.0 25.0 26.0 27.0 28.0 29.0 30.0 31.0
1.0 0.0 0.0018841516253654614 0.002879487347794909 0.002854520459532026 0.0031467887969605516 0.002849182776268354 0.0020810885295903577 0.002953058238001253 0.0030192699240401796 0.0023494695928868345 0.0016962409687456242 0.0024640369550568524 0.0029871489453421685 0.003275330096983795 0.0023427922264349465 0.0027798688046678614 0.0025317629664929515 0.0030153589046323648 0.002581180057213238 0.0028561304415185406 0.0033235002995845985 0.0027541534432060453 0.0029575918829934946 0.0028754478399466953 0.0017134711001907895 0.0030017143476404272 0.002741322250303945 0.00302644020594695 0.002935014223018865 0.002331895842424824 0.0036326286723618786
2.0 0.0018841516253654614 0.0 0.003393999793555264 0.0033685519665269665 0.003663783136318836 0.0033625262813235524 0.002584910673568877 0.0034674017602562782 0.003533462965305582 0.0028594071776635644 0.002167516471281842 0.0029767204208956295 0.003500956256034999 0.0037923402753405966 0.002852306724906261 0.0032939921792904314 0.003043428632341141 0.0035305046981012568 0.003091430746177587 0.003367464804511568 0.0038405400469019866 0.0032668591913600636 0.0034720085572001002 0.003390532608450521 0.0021969566144917816 0.0035158849238576743 0.003255497553240955 0.00354053304824698 0.0034490049533174496 0.0028413181690844303 0.004149973539613647
3.0 0.002879487347794909 0.003393999793555264 0.0 0.0008926966407195674 0.0013431555984056258 0.0011864308941202314 0.0017942942633274433 0.0007054627970151262 0.0009305489303208484 0.001382195837149353 0.0024431973696782674 0.0011034997399887725 0.0011438942809678066 0.0014644056290685267 0.0014335176282451712 0.0007904060856963949 0.0012781404540926893 0.0010099412129706067 0.001564471133289586 0.0029463836303088072 0.001512946012336128 0.0012726568649763115 0.0005992320273560197 0.0012095179465109254 0.002274793473624462 0.0009323751753297581 0.000780433874137035 0.0010169123944191202 0.0009937628351270053 0.0014354042675344754 0.0018283212330247045
4.0 0.002854520459532026 0.0033685519665269665 0.0008926966407195674 0.0 0.001440277891025082 0.0010564646370667032 0.0017653833435771274 0.0008683417714828849 0.0007953224039819419 0.0013470148883947312 0.002416824712596628 0.0010747740942392207 0.0008706410961683369 0.0015641561760039542 0.0013993855312383172 0.000638652337156681 0.0012305463746158638 0.0011891960017799425 0.0015277427837503935 0.0029207788415877515 0.001612647875124093 0.001196915257913992 0.0009197224269784838 0.0012544028387134996 0.002248079827464854 0.000750454501929964 0.0007389792589747955 0.0006714795379665832 0.0005548313857016013 0.0014015128209176487 0.0019266458501450145
5.0 0.0031467887969605516 0.003663783136318836 0.0013431555984056258 0.001440277891025082 0.0 0.001591844540287361 0.00207730000829254 0.001460504058857952 0.0015646553963491595 0.0016794529421266407 0.0027171811287185245 0.001399365730111281 0.0016259746382991562 0.0008888430686438149 0.0017287014595439684 0.0013448544438765817 0.0015960264171726015 0.0012972562978557896 0.0018644924757992196 0.0032203728765619385 0.0009402284055179217 0.001627211678561345 0.0014460406246611488 0.0013335650560022264 0.0025501269391554385 0.0015527167417940303 0.0012964645534293282 0.001596550775902475 0.0015302194916598406 0.0017301167640257388 0.0012326537127339042
6.0 0.002849182776268354 0.0033625262813235524 0.0011864308941202314 0.0010564646370667032 0.001591844540287361 0.0 0.0017535330957903971 0.0012303549054014954 0.00126400363127304 0.0013216131131853982 0.002409375012509326 0.0010747133146259968 0.0010955744508276168 0.0017177081004109886 0.0013763895371826456 0.0010184115523171819 0.001172761483941553 0.001390384187848575 0.001498577841697706 0.0029150407712530014 0.001766157996924595 0.0010363469122794365 0.0012484145695483974 0.0013625049362841904 0.002240076422243891 0.0012409257672135869 0.0010092362191425506 0.0012450997844432534 0.0011216071712412505 0.001379070967472142 0.0020790704107426575
7.0 0.0020810885295903577 0.002584910673568877 0.0017942942633274433 0.0017653833435771274 0.00207730000829254 0.0017535330957903971 0.0 0.0018665346830884283 0.0019315200169671295 0.0011988595950396977 0.0015942495708858612 0.001365724752941484 0.0018960059503365873 0.002205764068830736 0.0011806907785811174 0.0016915351174053529 0.0014149245063500094 0.001934803164855419 0.0014372513723301347 0.0022601636272064803 0.0022540773486598407 0.0016515425561343562 0.0018716565978716634 0.0017978821278908748 0.0014014948153922573 0.001913776030871324 0.0016534929065999552 0.00193785165038679 0.0018455282722446044 0.0011672779260231284 0.0025647314693917466
8.0 0.002953058238001253 0.0034674017602562782 0.0007054627970151262 0.0008683417714828849 0.001460504058857952 0.0012303549054014954 0.0018665346830884283 0.0 0.0008086904185879459 0.0014524593392667641 0.0025162821254654287 0.001175519173498815 0.0011569997340080277 0.0015828025575484843 0.0015041075946802102 0.000787589144543255 0.0013446103245802247 0.0011627609321962955 0.0016342541004663942 0.0030197181348516266 0.0016313211189098167 0.001330933709736636 0.0005762400752124144 0.0013064809320965324 0.002347761949881002 0.0008300845816978306 0.0008205134678724519 0.0009608585293922416 0.0009742735376722959 0.0015060694188911757 0.0019461248920156137
9.0 0.0030192699240401796 0.003533462965305582 0.0009305489303208484 0.0007953224039819419 0.0015646553963491595 0.00126400363127304 0.0019315200169671295 0.0008086904185879459 0.0 0.001515498197730197 0.0025820558512020027 0.001240593370264873 0.0011472303828615488 0.0016877593401837983 0.001567472404968143 0.0007980850156941079 0.0014037778792898425 0.0012916584729313445 0.0016968093906598578 0.0030857391335642748 0.0017362632466800748 0.0013813297485277213 0.0009141865374241312 0.0013945493277191896 0.00241342911006011 0.0004098097953699094 0.0008797754512146348 0.0007846849474141327 0.000902545503717754 0.0015695092068584307 0.0020506474405365734
10.0 0.0023494695928868345 0.0028594071776635644 0.001382195837149353 0.0013470148883947312 0.0016794529421266407 0.0013216131131853982 0.0011988595950396977 0.0014524593392667641 0.001515498197730197 0.0 0.001897189580235008 0.0009520998462422816 0.0014738830276329372 0.001807619439116553 0.0005491803451935133 0.0012746920443379188 0.0009073871496651882 0.0015284754850994915 0.000734057872926143 0.00242669940651187 0.0018559858649972397 0.001200625355420773 0.001458473095586181 0.0014018080065956225 0.0017236210958026681 0.0014974429015479547 0.001237781296225776 0.0015204275462869497 0.001426522021557481 0.0005739381187441399 0.0021672885543759235
11.0 0.0016962409687456242 0.002167516471281842 0.0024431973696782674 0.002416824712596628 0.0027171811287185245 0.002409375012509326 0.0015942495708858612 0.0025162821254654287 0.0025820558512020027 0.001897189580235008 0.0 0.002022476628713071 0.0025487778853644037 0.002845738702925562 0.0018886456689708058 0.0023424446648380674 0.00208627552345336 0.0025808558513312823 0.0021301803311448513 0.0024648891846990595 0.002893982278058099 0.0023122958633771864 0.0025210282140155625 0.0024412151650917155 0.0009387163664927186 0.002564433632469255 0.0023040565442122582 0.00258893124440895 0.0024971984083356994 0.0018773403267697032 0.003203876214949936
12.0 0.0024640369550568524 0.0029767204208956295 0.0011034997399887725 0.0010747740942392207 0.001399365730111281 0.0010747133146259968 0.001365724752941484 0.001175519173498815 0.001240593370264873 0.0009520998462422816 0.002022476628713071 0.0 0.0012072931124031856 0.0015275047220619734 0.0010024940883075505 0.000999950600661834 0.0008885326802535115 0.001247179776250387 0.0011379028311175473 0.002526340726987716 0.001575903887538135 0.0010063505110922862 0.0011807457747223904 0.0011173032530388495 0.0018529252272591625 0.0012228852976504628 0.0009607810326453551 0.0012471996853191908 0.001155283884338612 0.0010041255851891565 0.001887550781899363
13.0 0.0029871489453421685 0.003500956256034999 0.0011438942809678066 0.0008706410961683369 0.0016259746382991562 0.0010955744508276168 0.0018960059503365873 0.0011569997340080277 0.0011472303828615488 0.0014738830276329372 0.0025487778853644037 0.0012072931124031856 0.0 0.0017506532962276132 0.0015269049611945302 0.0009205288308685791 0.0013491646951406047 0.0013958282879402263 0.0016536196606674763 0.003053210830293325 0.0017991291264379799 0.0012937553568325233 0.0011897805196948211 0.001422875084530058 0.0023798615766727617 0.0011155642289045775 0.0009620507384541293 0.0010831549095970147 0.0008838112869758051 0.0015291818818378477 0.0021126987085544778
14.0 0.003275330096983795 0.0037923402753405966 0.0014644056290685267 0.0015641561760039542 0.0008888430686438149 0.0017177081004109886 0.002205764068830736 0.0015828025575484843 0.0016877593401837983 0.001807619439116553 0.002845738702925562 0.0015275047220619734 0.0017506532962276132 0.0 0.0018569168759562994 0.0014684923986096107 0.001723693083167028 0.001411111034638944 0.0019925911752034756 0.0033490697272130256 0.0005707138149393717 0.0017540531063594145 0.0015678842344034574 0.0014666315048535985 0.0026786758487252356 0.0016759323848381208 0.001420175302253827 0.001720122883536093 0.0016542347750687037 0.0018583433592442196 0.0010677543801598738
15.0 0.0023427922264349465 0.002852306724906261 0.0014335176282451712 0.0013993855312383172 0.0017287014595439684 0.0013763895371826456 0.0011806907785811174 0.0015041075946802102 0.001567472404968143 0.0005491803451935133 0.0018886456689708058 0.0010024940883075505 0.0015269049611945302 0.0018569168759562994 0.0 0.0013267958400774178 0.0009773606941363292 0.0015788881942125988 0.0008277057162079651 0.0024239170364240004 0.001905277984175174 0.0012589825986635515 0.0015099739657739087 0.0014504328323564214 0.001714261148902507 0.0015494695457955944 0.0012896813270410479 0.0015726393359067324 0.0014790036026465512 0.0003156975488864404 0.0022165126680897575
16.0 0.0027798688046678614 0.0032939921792904314 0.0007904060856963949 0.000638652337156681 0.0013448544438765817 0.0010184115523171819 0.0016915351174053529 0.000787589144543255 0.0007980850156941079 0.0012746920443379188 0.0023424446648380674 0.000999950600661834 0.0009205288308685791 0.0014684923986096107 0.0013267958400774178 0.0 0.0011616761938683393 0.0010881406108643101 0.0014558387390526712 0.002846166650220281 0.0015169920975789293 0.0011370761962181727 0.0008260755373638629 0.001164797588719603 0.002173771308564875 0.0007764386718600671 0.0005920756564516821 0.0008039923239013106 0.0007523124763973909 0.0013288614143470473 0.0018311488792593419
17.0 0.0025317629664929515 0.003043428632341141 0.0012781404540926893 0.0012305463746158638 0.0015960264171726015 0.001172761483941553 0.0014149245063500094 0.0013446103245802247 0.0014037778792898425 0.0009073871496651882 0.00208627552345336 0.0008885326802535115 0.0013491646951406047 0.001723693083167028 0.0009773606941363292 0.0011616761938683393 0.0 0.0014342243160059883 0.001053910282216268 0.0025998410239079497 0.0017720885577699585 0.0009926324364186636 0.0013523296211226748 0.0013273316921396843 0.0019152522115375979 0.0013850952437894485 0.0011275048570082461 0.001405823562591895 0.0013086284202213456 0.0009836639467524335 0.0020838506088394423
18.0 0.0030153589046323648 0.0035305046981012568 0.0010099412129706067 0.0011891960017799425 0.0012972562978557896 0.001390384187848575 0.001934803164855419 0.0011627609321962955 0.0012916584729313445 0.0015284754850994915 0.0025808558513312823 0.001247179776250387 0.0013958282879402263 0.001411111034638944 0.0015788881942125988 0.0010881406108643101 0.0014342243160059883 0.0 0.0017120229810445105 0.0030835329612902175 0.0014597391697550944 0.0014477769778580103 0.0011334371259182166 0.001274770766920153 0.002412852592273393 0.0012829700208339101 0.0010443228218292083 0.0013370613967139179 0.0012828003094001467 0.0015805678976913854 0.0017785998752685613
19.0 0.002581180057213238 0.003091430746177587 0.001564471133289586 0.0015277427837503935 0.0018644924757992196 0.001498577841697706 0.0014372513723301347 0.0016342541004663942 0.0016968093906598578 0.000734057872926143 0.0021301803311448513 0.0011379028311175473 0.0016536196606674763 0.0019925911752034756 0.0008277057162079651 0.0014558387390526712 0.001053910282216268 0.0017120229810445105 0.0 0.0026565100320980507 0.002040961954717129 0.0013714506882803058 0.0016404823962736154 0.0015879516191830041 0.001957106006791843 0.0016786764895152851 0.0014192546055158753 0.0017013822779188346 0.0016070765645093254 0.0008501873807766147 0.0023523343131216312
20.0 0.0028561304415185406 0.003367464804511568 0.0029463836303088072 0.0029207788415877515 0.0032203728765619385 0.0029150407712530014 0.0022601636272064803 0.0030197181348516266 0.0030857391335642748 0.00242669940651187 0.0024648891846990595 0.002526340726987716 0.003053210830293325 0.0033490697272130256 0.0024239170364240004 0.002846166650220281 0.0025998410239079497 0.0030835329612902175 0.0026565100320980507 0.0 0.0033973489064160634 0.0028202996175679786 0.0030243606295726265 0.0029408726365753096 0.0023386026206038643 0.003068154969953239 0.0028075895548157273 0.003092797590479247 0.003001248630171512 0.0024138600129566456 0.003707576700520517
21.0 0.0033235002995845985 0.0038405400469019866 0.001512946012336128 0.001612647875124093 0.0009402284055179217 0.001766157996924595 0.0022540773486598407 0.0016313211189098167 0.0017362632466800748 0.0018559858649972397 0.002893982278058099 0.001575903887538135 0.0017991291264379799 0.0005707138149393717 0.001905277984175174 0.0015169920975789293 0.0017720885577699585 0.0014597391697550944 0.002040961954717129 0.0033973489064160634 0.0 0.00180247640577338 0.0016164099487505587 0.001514994422981043 0.0027269311846579484 0.0017244343206850783 0.0014686782802063297 0.0017686179182252264 0.0017027227557746515 0.001906703526238289 0.0010520863162125933
22.0 0.0027541534432060453 0.0032668591913600636 0.0012726568649763115 0.001196915257913992 0.001627211678561345 0.0010363469122794365 0.0016515425561343562 0.001330933709736636 0.0013813297485277213 0.001200625355420773 0.0023122958633771864 0.0010063505110922862 0.0012937553568325233 0.0017540531063594145 0.0012589825986635515 0.0011370761962181727 0.0009926324364186636 0.0014477769778580103 0.0013714506882803058 0.0028202996175679786 0.00180247640577338 0.0 0.0013423625675332046 0.0013759879789325066 0.002142413791291695 0.001361187597144362 0.0011103409012677371 0.001376549835521167 0.0012712819714977546 0.0012624998249889437 0.002114797434761214
23.0 0.0029575918829934946 0.0034720085572001002 0.0005992320273560197 0.0009197224269784838 0.0014460406246611488 0.0012484145695483974 0.0018716565978716634 0.0005762400752124144 0.0009141865374241312 0.001458473095586181 0.0025210282140155625 0.0011807457747223904 0.0011897805196948211 0.0015678842344034574 0.0015099739657739087 0.0008260755373638629 0.0013523296211226748 0.0011334371259182166 0.0016404823962736154 0.0030243606295726265 0.0016164099487505587 0.0013423625675332046 0.0 0.0013007509785884662 0.0023525589907686813 0.00092424466629634 0.0008380674269749923 0.0010292661970505768 0.0010233911983166342 0.0015119022329538054 0.0019314415996605295
24.0 0.0028754478399466953 0.003390532608450521 0.0012095179465109254 0.0012544028387134996 0.0013335650560022264 0.0013625049362841904 0.0017978821278908748 0.0013064809320965324 0.0013945493277191896 0.0014018080065956225 0.0024412151650917155 0.0011173032530388495 0.001422875084530058 0.0014666315048535985 0.0014504328323564214 0.001164797588719603 0.0013273316921396843 0.001274770766920153 0.0015879516191830041 0.0029408726365753096 0.001514994422981043 0.0013759879789325066 0.0013007509785884662 0.0 0.002273491957897822 0.0013803527403604614 0.0011163373401761115 0.0014168143533048838 0.0013413065864796639 0.0014517022269650648 0.0018246734528322862
25.0 0.0017134711001907895 0.0021969566144917816 0.002274793473624462 0.002248079827464854 0.0025501269391554385 0.002240076422243891 0.0014014948153922573 0.002347761949881002 0.00241342911006011 0.0017236210958026681 0.0009387163664927186 0.0018529252272591625 0.0023798615766727617 0.0026786758487252356 0.001714261148902507 0.002173771308564875 0.0019152522115375979 0.002412852592273393 0.001957106006791843 0.0023386026206038643 0.0027269311846579484 0.002142413791291695 0.0023525589907686813 0.002273491957897822 0.0 0.002395790618796008 0.0021354276487371635 0.002420231600220336 0.0023284226170247006 0.0017027770378485229 0.003036952170285252
26.0 0.0030017143476404272 0.0035158849238576743 0.0009323751753297581 0.000750454501929964 0.0015527167417940303 0.0012409257672135869 0.001913776030871324 0.0008300845816978306 0.0004098097953699094 0.0014974429015479547 0.002564433632469255 0.0012228852976504628 0.0011155642289045775 0.0016759323848381208 0.0015494695457955944 0.0007764386718600671 0.0013850952437894485 0.0012829700208339101 0.0016786764895152851 0.003068154969953239 0.0017244343206850783 0.001361187597144362 0.00092424466629634 0.0013803527403604614 0.002395790618796008 0.0 0.0008637873640857134 0.000702358737947187 0.0008558015281086573 0.0015515187190812216 0.002038761799158727
27.0 0.002741322250303945 0.003255497553240955 0.000780433874137035 0.0007389792589747955 0.0012964645534293282 0.0010092362191425506 0.0016534929065999552 0.0008205134678724519 0.0008797754512146348 0.001237781296225776 0.0023040565442122582 0.0009607810326453551 0.0009620507384541293 0.001420175302253827 0.0012896813270410479 0.0005920756564516821 0.0011275048570082461 0.0010443228218292083 0.0014192546055158753 0.0028075895548157273 0.0014686782802063297 0.0011103409012677371 0.0008380674269749923 0.0011163373401761115 0.0021354276487371635 0.0008637873640857134 0.0 0.0009003608066367667 0.0008370374885903666 0.001291699227095352 0.00178283760797281
28.0 0.00302644020594695 0.00354053304824698 0.0010169123944191202 0.0006714795379665832 0.001596550775902475 0.0012450997844432534 0.00193785165038679 0.0009608585293922416 0.0007846849474141327 0.0015204275462869497 0.00258893124440895 0.0012471996853191908 0.0010831549095970147 0.001720122883536093 0.0015726393359067324 0.0008039923239013106 0.001405823562591895 0.0013370613967139179 0.0017013822779188346 0.003092797590479247 0.0017686179182252264 0.001376549835521167 0.0010292661970505768 0.0014168143533048838 0.002420231600220336 0.000702358737947187 0.0009003608066367667 0.0 0.0007414433069755397 0.001574731073900302 0.0020827559570772234
29.0 0.002935014223018865 0.0034490049533174496 0.0009937628351270053 0.0005548313857016013 0.0015302194916598406 0.0011216071712412505 0.0018455282722446044 0.0009742735376722959 0.000902545503717754 0.001426522021557481 0.0024971984083356994 0.001155283884338612 0.0008838112869758051 0.0016542347750687037 0.0014790036026465512 0.0007523124763973909 0.0013086284202213456 0.0012828003094001467 0.0016070765645093254 0.003001248630171512 0.0017027227557746515 0.0012712819714977546 0.0010233911983166342 0.0013413065864796639 0.0023284226170247006 0.0008558015281086573 0.0008370374885903666 0.0007414433069755397 0.0 0.0014811569519746891 0.0020166391937156865
30.0 0.002331895842424824 0.0028413181690844303 0.0014354042675344754 0.0014015128209176487 0.0017301167640257388 0.001379070967472142 0.0011672779260231284 0.0015060694188911757 0.0015695092068584307 0.0005739381187441399 0.0018773403267697032 0.0010041255851891565 0.0015291818818378477 0.0018583433592442196 0.0003156975488864404 0.0013288614143470473 0.0009836639467524335 0.0015805678976913854 0.0008501873807766147 0.0024138600129566456 0.001906703526238289 0.0012624998249889437 0.0015119022329538054 0.0014517022269650648 0.0017027770378485229 0.0015515187190812216 0.001291699227095352 0.001574731073900302 0.0014811569519746891 0.0 0.0022179229710074114
31.0 0.0036326286723618786 0.004149973539613647 0.0018283212330247045 0.0019266458501450145 0.0012326537127339042 0.0020790704107426575 0.0025647314693917466 0.0019461248920156137 0.0020506474405365734 0.0021672885543759235 0.003203876214949936 0.001887550781899363 0.0021126987085544778 0.0010677543801598738 0.0022165126680897575 0.0018311488792593419 0.0020838506088394423 0.0017785998752685613 0.0023523343131216312 0.003707576700520517 0.0010520863162125933 0.002114797434761214 0.0019314415996605295 0.0018246734528322862 0.003036952170285252 0.002038761799158727 0.00178283760797281 0.0020827559570772234 0.0020166391937156865 0.0022179229710074114 0.0
