0.0 1.0 2.0 3.0 4.0 5.0 6.0 7.0 8.0 9.0 10.0 11.0 12.0 13.0 14.0 15.0 16.0 17.0 18.0 19.0 20.0 21.0 22.0 23.0 24.0 25.0 26.0 27.0 28.0 29.0 30.0 31.0
1.0 0.0 0.2953575203703358 0.42372185754204084 0.4048951775767171 0.4402499632124769 0.4059318045783117 0.3297995591083931 0.4179657118945914 0.42284963462744984 0.37211064834347024 0.29231549444210725 0.3744740362997526 0.4253033609644856 0.4437539205534739 0.35837772726014894 0.39714199382573057 0.37271718579588997 0.4249674997908018 0.3989512205938496 0.35659647683593165 0.4479008786784688 0.3963732690739368 0.41985650410653974 0.4453794612288835 0.3125767528428375 0.4201644506302995 0.39691020311526615 0.42208846706772885 0.4153593521310567 0.3562684998720578 0.4678310855031801
2.0 0.2953575203703358 0.0 0.44789324600846414 0.4281653969121053 0.4691384733830358 0.4280231448605377 0.34161715644363355 0.44181794912361894 0.4464011831749143 0.3898581512609682 0.2838894392158172 0.3955634021378204 0.4481666856554315 0.47270037166621476 0.37560758524436477 0.42058472751387743 0.3924364235486192 0.4504009081037054 0.41706569480062183 0.37342999732747895 0.476896390363387 0.4174694039485747 0.4438567595875662 0.4703622396425713 0.3115052425343211 0.44367477355183327 0.4204454395042352 0.4454638571760904 0.4385418914795225 0.3734030222761433 0.49736433404430314
3.0 0.42372185754204084 0.44789324600846414 0.0 0.1677806303050381 0.2596836087241081 0.21491694172093012 0.2981437345186164 0.13735749186018886 0.16732505474017612 0.2732632273523909 0.36161078922155276 0.23116702621497554 0.20666730954502588 0.26161098389012166 0.2664702780968621 0.15540502867667183 0.23974893395951347 0.18839347865123485 0.29345320370259653 0.3450098295523413 0.2660744947822354 0.23179625471825294 0.12141924544617255 0.2714452684616442 0.35903992940718776 0.1674733661865908 0.1598437805561307 0.17775603448102106 0.18189600463041233 0.265726018586376 0.29053172867967547
4.0 0.4048951775767171 0.4281653969121053 0.1677806303050381 0.0 0.2590923686480687 0.17474567173857214 0.2757103738714469 0.14542705490670682 0.12730618604279298 0.24872484370910947 0.34103059517308554 0.20721462992282869 0.1435933365204063 0.26153881042842936 0.24221207560595892 0.1115855978722875 0.21276758608859114 0.20145022352296443 0.2684727912539159 0.32413684632347983 0.2659883527722486 0.19995146879614645 0.15559082557460724 0.26033065280797074 0.33809503317564626 0.12040937184625444 0.13525822708486046 0.10800083486702905 0.0937625640395392 0.24152999401015696 0.2900172151824222
5.0 0.4402499632124769 0.4691384733830358 0.2596836087241081 0.2590923686480687 0.0 0.2823954952907787 0.3327388473901636 0.2603727512881583 0.27122761549431773 0.3162427139235517 0.38729081299282087 0.2780704820196396 0.2873088419858004 0.16105844780304351 0.30845425449241426 0.24840170186527 0.2892661179302781 0.23288435484767595 0.33769219369616643 0.373665343994512 0.16726603279158553 0.2899296580601406 0.2592224547701305 0.2916021290691173 0.3865084940682547 0.2693680541215071 0.24696285423151831 0.2739301315563074 0.2711071839550713 0.30750055904516793 0.1915169838752837
6.0 0.4059318045783117 0.4280231448605377 0.21491694172093012 0.17474567173857214 0.2823954952907787 0.0 0.27173371322839124 0.20296955013033668 0.20109288830619498 0.2408974996082241 0.3397387310722795 0.20300517469817236 0.17770217056615456 0.2853179365911274 0.23496403970664426 0.17327486758219834 0.1991005550747843 0.23426992440927713 0.2597102308226833 0.3225199089564946 0.2897570136165302 0.16902660334644148 0.20785500540676727 0.2750241789044673 0.33630692797133366 0.19734186958224953 0.17806264004127292 0.19562834344903168 0.18225591687319087 0.23440653721995874 0.3133820189846931
7.0 0.3297995591083931 0.34161715644363355 0.2981437345186164 0.2757103738714469 0.3327388473901636 0.27173371322839124 0.0 0.291142264145279 0.29484398952011326 0.21365324045017858 0.24087805278270935 0.2357698076621727 0.29444336312121533 0.33635117651447183 0.19623606186675813 0.2686083210438275 0.22674451679637264 0.3043527115130534 0.24320786962862473 0.24397591522969353 0.340670574859449 0.2577299900688417 0.29362037896013515 0.3239141788696265 0.23066778783943687 0.2919928867435122 0.26871682870335756 0.2933803442106847 0.2858425114150338 0.1934030679680364 0.36253384497470553
8.0 0.4179657118945914 0.44181794912361894 0.13735749186018886 0.14542705490670682 0.2603727512881583 0.20296955013033668 0.291142264145279 0.0 0.13082558244723363 0.2656081665680899 0.35523965643872824 0.22374525058167383 0.18990991951710134 0.2624484244813364 0.2588972434138521 0.1367645797184941 0.23134465163370665 0.19448211721745506 0.28565181485780144 0.3385687615276153 0.2668991798469909 0.22195820427477408 0.10178624013773707 0.2683800243211103 0.35253999414335957 0.1337944357732278 0.1484734575878629 0.15030261102408438 0.16027957147080907 0.25817256785006804 0.29116499080607494
9.0 0.42284963462744984 0.4464011831749143 0.16732505474017612 0.12730618604279298 0.27122761549431773 0.20109288830619498 0.29484398952011326 0.13082558244723363 0.0 0.2686620512700946 0.35954312646462816 0.22709856336104772 0.18103776101173508 0.27346210222811745 0.26203441927666227 0.1321766761536899 0.23362056730411318 0.20973425003044993 0.2885574050893309 0.3428081621609945 0.2779071072100026 0.2226507061128572 0.14873638119947186 0.27592327818521223 0.35672155575468456 0.06713320246092536 0.151910985114191 0.11535704065663954 0.14219235427264154 0.26132945447381783 0.30202908434313525
10.0 0.37211064834347024 0.3898581512609682 0.2732632273523909 0.24872484370910947 0.3162427139235517 0.2408974996082241 0.21365324045017858 0.2656081665680899 0.2686620512700946 0.0 0.29678373607642705 0.20482329367854912 0.26632871490256993 0.31977910269187454 0.12107287090487345 0.24195324964044607 0.17860457512860917 0.28206639215290846 0.16015061016290277 0.280441061964823 0.32415835806095566 0.2224982139802354 0.26841412689617916 0.303107912769061 0.29117688229941185 0.26571146057652884 0.2422401931733581 0.2667874732980998 0.25869007539471955 0.12470531622792741 0.34674152321108365
11.0 0.29231549444210725 0.2838894392158172 0.36161078922155276 0.34103059517308554 0.38729081299282087 0.3397387310722795 0.24087805278270935 0.35523965643872824 0.35954312646462816 0.29678373607642705 0.0 0.30611157096707187 0.360642935228368 0.39090162741606577 0.2819408907071558 0.33360136552448094 0.30165024104309834 0.3653153920878733 0.3244743237495462 0.2809358320117251 0.3951430961183046 0.3282024969377323 0.35741817383681485 0.3848481729838851 0.1743627056414505 0.35677777779329445 0.33353832962749863 0.3584405687746033 0.3513296069543961 0.27961986423975493 0.41611024058301227
12.0 0.3744740362997526 0.3955634021378204 0.23116702621497554 0.20721462992282869 0.2780704820196396 0.20300517469817236 0.2357698076621727 0.22374525058167383 0.22709856336104772 0.20482329367854912 0.30611157096707187 0.0 0.22563839747428172 0.28166449536583754 0.19859766512143073 0.1997485289696993 0.17730470692691014 0.24071722301234438 0.22595008359175928 0.28598875453704975 0.2860982508246735 0.19328333206633008 0.22649804166285825 0.25858113142985295 0.30233893227140196 0.22418195999015222 0.19930181342721143 0.22543649487026818 0.2174779475216574 0.19789196834818812 0.30923509705683216
13.0 0.4253033609644856 0.4481666856554315 0.20666730954502588 0.1435933365204063 0.2873088419858004 0.17770217056615456 0.29444336312121533 0.18990991951710134 0.18103776101173508 0.26632871490256993 0.360642935228368 0.22563839747428172 0.0 0.28993662711174323 0.2599765987030952 0.15617824057075702 0.22881649027145745 0.23351274224039836 0.28581095564506864 0.34364824267370453 0.2943821020482698 0.21218340037497818 0.19718541200091455 0.28509812467910756 0.35753853392277324 0.175970471884366 0.16960278993246836 0.1690226881138518 0.14217324874193016 0.2593301141713118 0.31825991593585445
14.0 0.4437539205534739 0.47270037166621476 0.26161098389012166 0.26153881042842936 0.16105844780304351 0.2853179365911274 0.33635117651447183 0.2624484244813364 0.27346210222811745 0.31977910269187454 0.39090162741606577 0.28166449536583754 0.28993662711174323 0.0 0.31200233289076296 0.2508586098940002 0.29265733398321603 0.2332319363246877 0.3411965229102373 0.3774642414462629 0.09433284437666095 0.29307597548927367 0.261199164922549 0.29681669918499853 0.390121427626672 0.2716282846560365 0.24950657964990341 0.27626052944153057 0.2735669476270248 0.3110521395340414 0.1520880595674856
15.0 0.35837772726014894 0.37560758524436477 0.2664702780968621 0.24221207560595892 0.30845425449241426 0.23496403970664426 0.19623606186675813 0.2588972434138521 0.26203441927666227 0.12107287090487345 0.2819408907071558 0.19859766512143073 0.2599765987030952 0.31200233289076296 0.0 0.23540003412199217 0.17605460149115704 0.27494647412084244 0.16276975830038154 0.2665696204438315 0.3163751047652575 0.2172867607170781 0.26166057859738967 0.2957170862396885 0.27601572801423757 0.2590972466115451 0.23566464399133602 0.260214504635519 0.25219755091158647 0.059585547134407335 0.33887937672276924
16.0 0.39714199382573057 0.42058472751387743 0.15540502867667183 0.1115855978722875 0.24840170186527 0.17327486758219834 0.2686083210438275 0.1367645797184941 0.1321766761536899 0.24195324964044607 0.33360136552448094 0.1997485289696993 0.15617824057075702 0.2508586098940002 0.23540003412199217 0.0 0.20657738643413326 0.1898853647347885 0.2618214990481069 0.316642541184042 0.25531947357770096 0.19532181608924093 0.1449409761375703 0.25027341679748916 0.330738440291792 0.12865492502314646 0.1136631557193245 0.13077373698630168 0.12890918889194625 0.23470531052654064 0.2794398623030201
17.0 0.37271718579588997 0.3924364235486192 0.23974893395951347 0.21276758608859114 0.2892661179302781 0.1991005550747843 0.22674451679637264 0.23134465163370665 0.23362056730411318 0.17860457512860917 0.30165024104309834 0.17730470692691014 0.22881649027145745 0.29265733398321603 0.17605460149115704 0.20657738643413326 0.0 0.25090791501948334 0.19091128996220597 0.2841054094587926 0.2970640272670611 0.17109335520968094 0.23451139834434898 0.2758840995728603 0.2971212883826466 0.23055133532480232 0.20730977640013315 0.23123400143943929 0.22245918800114273 0.17619776153477884 0.3200428049994347
18.0 0.4249674997908018 0.4504009081037054 0.18839347865123485 0.20145022352296443 0.23288435484767595 0.23426992440927713 0.3043527115130534 0.19448211721745506 0.20973425003044993 0.28206639215290846 0.3653153920878733 0.24071722301234438 0.23351274224039836 0.2332319363246877 0.27494647412084244 0.1898853647347885 0.25090791501948334 0.0 0.30269090982343083 0.3493848098776622 0.23767649673947183 0.24654738283245858 0.19067938575468746 0.2676260563303783 0.36323777708484295 0.20843330588291764 0.18933778770615073 0.2146445002863029 0.21414717195934385 0.27413336397336696 0.2628736422808049
19.0 0.3989512205938496 0.41706569480062183 0.29345320370259653 0.2684727912539159 0.33769219369616643 0.2597102308226833 0.24320786962862473 0.28565181485780144 0.2885574050893309 0.16015061016290277 0.3244743237495462 0.22595008359175928 0.28581095564506864 0.3411965229102373 0.16276975830038154 0.2618214990481069 0.19091128996220597 0.30269090982343083 0.0 0.3081139397098316 0.3455806438189197 0.23990351723786174 0.288524456215307 0.3245168639416316 0.3190770208156687 0.28558560690424184 0.2622015989068486 0.28658883026953064 0.2783813385735391 0.16555526638221874 0.36823946348222647
20.0 0.35659647683593165 0.37342999732747895 0.3450098295523413 0.32413684632347983 0.373665343994512 0.3225199089564946 0.24397591522969353 0.3385687615276153 0.3428081621609945 0.280441061964823 0.2809358320117251 0.28598875453704975 0.34364824267370453 0.3774642414462629 0.2665696204438315 0.316642541184042 0.2841054094587926 0.3493848098776622 0.3081139397098316 0.0 0.38176000528230497 0.31096281820586125 0.3407984497047337 0.36640267645535385 0.2795924556207977 0.34002925733487455 0.3164783984406888 0.34166394509546605 0.33445790680566534 0.2643902809739619 0.40324347563162766
21.0 0.4479008786784688 0.476896390363387 0.2660744947822354 0.2659883527722486 0.16726603279158553 0.2897570136165302 0.340670574859449 0.2668991798469909 0.2779071072100026 0.32415835806095566 0.3951430961183046 0.2860982508246735 0.2943821020482698 0.09433284437666095 0.3163751047652575 0.25531947357770096 0.2970640272670611 0.23767649673947183 0.3455806438189197 0.38176000528230497 0.0 0.29750066904354067 0.2656514380438598 0.3013994160444866 0.39437880398432024 0.2760732505427703 0.25397954642149345 0.2807040546431856 0.27801259933549516 0.31542373637639853 0.14794446857022103
22.0 0.3963732690739368 0.4174694039485747 0.23179625471825294 0.19995146879614645 0.2899296580601406 0.16902660334644148 0.2577299900688417 0.22195820427477408 0.2226507061128572 0.2224982139802354 0.3282024969377323 0.19328333206633008 0.21218340037497818 0.29307597548927367 0.2172867607170781 0.19532181608924093 0.17109335520968094 0.24654738283245858 0.23990351723786174 0.31096281820586125 0.29750066904354067 0.0 0.22580028008435538 0.2790887738550569 0.3243302188729219 0.21933635322221678 0.19738670287831184 0.21916478215204915 0.20892218081539637 0.21689269023609903 0.32083478897656803
23.0 0.41985650410653974 0.4438567595875662 0.12141924544617255 0.15559082557460724 0.2592224547701305 0.20785500540676727 0.29362037896013515 0.10178624013773707 0.14873638119947186 0.26841412689617916 0.35741817383681485 0.22649804166285825 0.19718541200091455 0.261199164922549 0.26166057859738967 0.1449409761375703 0.23451139834434898 0.19067938575468746 0.288524456215307 0.3407984497047337 0.2656514380438598 0.22580028008435538 0.0 0.2691281494634552 0.35477779614602334 0.1500843527470449 0.1531062458110981 0.1631068487057108 0.17002718661032834 0.2609263881046149 0.28998864171442484
24.0 0.4453794612288835 0.4703622396425713 0.2714452684616442 0.26033065280797074 0.2916021290691173 0.2750241789044673 0.3239141788696265 0.2683800243211103 0.27592327818521223 0.303107912769061 0.3848481729838851 0.25858113142985295 0.28509812467910756 0.29681669918499853 0.2957170862396885 0.25027341679748916 0.2758840995728603 0.2676260563303783 0.3245168639416316 0.36640267645535385 0.3013994160444866 0.2790887738550569 0.2691281494634552 0.0 0.38276689695846944 0.27360054776155707 0.24812029081738618 0.2768009848154739 0.2718380058458847 0.29482409230108186 0.32520140986403245
25.0 0.3125767528428375 0.3115052425343211 0.35903992940718776 0.33809503317564626 0.3865084940682547 0.33630692797133366 0.23066778783943687 0.35253999414335957 0.35672155575468456 0.29117688229941185 0.1743627056414505 0.30233893227140196 0.35753853392277324 0.390121427626672 0.27601572801423757 0.330738440291792 0.2971212883826466 0.36323777708484295 0.3190770208156687 0.2795924556207977 0.39437880398432024 0.3243302188729219 0.35477779614602334 0.38276689695846944 0.0 0.353939507312793 0.3307170370605115 0.35554721886098695 0.3483574964403996 0.27363563277060254 0.41552927427845965
26.0 0.4201644506302995 0.44367477355183327 0.1674733661865908 0.12040937184625444 0.2693680541215071 0.19734186958224953 0.2919928867435122 0.1337944357732278 0.06713320246092536 0.26571146057652884 0.35677777779329445 0.22418195999015222 0.175970471884366 0.2716282846560365 0.2590972466115451 0.12865492502314646 0.23055133532480232 0.20843330588291764 0.28558560690424184 0.34002925733487455 0.2760732505427703 0.21933635322221678 0.1500843527470449 0.27360054776155707 0.353939507312793 0.0 0.14930291026047704 0.10309056770358083 0.13506385901384255 0.2583952203651688 0.3001790765933524
27.0 0.39691020311526615 0.4204454395042352 0.1598437805561307 0.13525822708486046 0.24696285423151831 0.17806264004127292 0.26871682870335756 0.1484734575878629 0.151910985114191 0.2422401931733581 0.33353832962749863 0.19930181342721143 0.16960278993246836 0.24950657964990341 0.23566464399133602 0.1136631557193245 0.20730977640013315 0.18933778770615073 0.2622015989068486 0.3164783984406888 0.25397954642149345 0.19738670287831184 0.1531062458110981 0.24812029081738618 0.3307170370605115 0.14930291026047704 0.0 0.15271418022088046 0.14935971288986527 0.23496137620382695 0.2781536138473589
28.0 0.42208846706772885 0.4454638571760904 0.17775603448102106 0.10800083486702905 0.2739301315563074 0.19562834344903168 0.2933803442106847 0.15030261102408438 0.11535704065663954 0.2667874732980998 0.3584405687746033 0.22543649487026818 0.1690226881138518 0.27626052944153057 0.260214504635519 0.13077373698630168 0.23123400143943929 0.2146445002863029 0.28658883026953064 0.34166394509546605 0.2807040546431856 0.21916478215204915 0.1631068487057108 0.2768009848154739 0.35554721886098695 0.10309056770358083 0.15271418022088046 0.0 0.11792434761241699 0.25952210453647007 0.3047542733879145
29.0 0.4153593521310567 0.4385418914795225 0.18189600463041233 0.0937625640395392 0.2711071839550713 0.18225591687319087 0.2858425114150338 0.16027957147080907 0.14219235427264154 0.25869007539471955 0.3513296069543961 0.2174779475216574 0.14217324874193016 0.2735669476270248 0.25219755091158647 0.12890918889194625 0.22245918800114273 0.21414717195934385 0.2783813385735391 0.33445790680566534 0.27801259933549516 0.20892218081539637 0.17002718661032834 0.2718380058458847 0.3483574964403996 0.13506385901384255 0.14935971288986527 0.11792434761241699 0.0 0.25152155516092567 0.3019996048746253
30.0 0.3562684998720578 0.3734030222761433 0.265726018586376 0.24152999401015696 0.30750055904516793 0.23440653721995874 0.1934030679680364 0.25817256785006804 0.26132945447381783 0.12470531622792741 0.27961986423975493 0.19789196834818812 0.2593301141713118 0.3110521395340414 0.059585547134407335 0.23470531052654064 0.17619776153477884 0.27413336397336696 0.16555526638221874 0.2643902809739619 0.31542373637639853 0.21689269023609903 0.2609263881046149 0.29482409230108186 0.27363563277060254 0.2583952203651688 0.23496137620382695 0.25952210453647007 0.25152155516092567 0.0 0.3379126170515575
31.0 0.4678310855031801 0.49736433404430314 0.29053172867967547 0.2900172151824222 0.1915169838752837 0.3133820189846931 0.36253384497470553 0.29116499080607494 0.30202908434313525 0.34674152321108365 0.41611024058301227 0.30923509705683216 0.31825991593585445 0.1520880595674856 0.33887937672276924 0.2794398623030201 0.3200428049994347 0.2628736422808049 0.36823946348222647 0.40324347563162766 0.14794446857022103 0.32083478897656803 0.28998864171442484 0.32520140986403245 0.41552927427845965 0.3001790765933524 0.2781536138473589 0.3047542733879145 0.3019996048746253 0.3379126170515575 0.0
