0.0 1.0 2.0 3.0 4.0 5.0 6.0 7.0 8.0 9.0 10.0 11.0 12.0 13.0 14.0 15.0 16.0 17.0 18.0 19.0 20.0 21.0 22.0 23.0 24.0 25.0 26.0 27.0 28.0 29.0 30.0 31.0
1.0 0.0 0.0020173843319404848 0.003125664369504762 0.0030718220742171547 0.003367813867001139 0.003053305190415475 0.002273603724639442 0.0031760266072796937 0.0032293342814790037 0.0025700583662825313 0.0017542571482020669 0.002683276468839713 0.003220490983842525 0.00353014762864921 0.002543238625723629 0.003023161571116692 0.0027396449310991833 0.0032638348091386885 0.0027674493588847725 0.002646059989213722 0.0035325826663450996 0.0029724173430294644 0.0031884113561811713 0.003047703235231816 0.001841239275721407 0.003210660886512047 0.002973898911921411 0.0032377851670841095 0.003154615226836653 0.0025294220301552523 0.0038191952750432473
2.0 0.0020173843319404848 0.0 0.003702139086259949 0.0036477928177315153 0.003946754723140278 0.0036285277903383715 0.00283776177853881 0.0037523203601488916 0.00380547249502341 0.0031414252650935164 0.0022803338387786995 0.003257750328975443 0.00379622069078418 0.004109075093407228 0.0031140861850785257 0.0035992237058778756 0.00331299446553727 0.0038409827388702165 0.003339185671772436 0.003220481317099427 0.0041115361543204755 0.003546935240604601 0.0037647817041404565 0.0036249250641553674 0.0023825034337102476 0.0037867764893345624 0.003550017913890717 0.003813821021906986 0.0037305445408828894 0.003100158963405191 0.004398387440027471
3.0 0.003125664369504762 0.003702139086259949 0.0 0.0009189787108494873 0.001380456412081287 0.0012219886162726573 0.0019184650916448708 0.0007312783446729934 0.0009475740549555849 0.0015002344939350713 0.0025536319266997736 0.0011897481242461165 0.001193768313861818 0.0015349398846758542 0.0015384639312198151 0.0008443618874328304 0.0013589653740883646 0.001066414185252943 0.0016432571812189448 0.0024317228787787914 0.0015377644472735438 0.0013395032388980725 0.0006286477125869274 0.0012081992183074152 0.0024198987397318584 0.0009480955264347412 0.0008259084547909035 0.00103577095081063 0.0010227003833721245 0.001538639240037408 0.0018300379296456418
4.0 0.0030718220742171547 0.0036477928177315153 0.0009189787108494873 0.0 0.001457131802122002 0.0010603456490577015 0.0018602465525179041 0.0008661070345102762 0.000778615064256835 0.0014351640593147745 0.0024983115989625905 0.0011306803320099527 0.0008865223572554932 0.0016142217543415691 0.0014745580202417952 0.0006573911734678905 0.0012812719774610692 0.001226541466355785 0.001576556566255779 0.0023788720397948395 0.0016169809709875326 0.0012327659212409288 0.0009267630057655288 0.0012317419772743016 0.0023641930209902517 0.0007333024209219357 0.0007576054195322711 0.0006575764988350939 0.000548682680358415 0.0014749937823000754 0.001907940482272556
5.0 0.003367813867001139 0.003946754723140278 0.001380456412081287 0.001457131802122002 0.0 0.0016117481879196916 0.0021770271982179774 0.0014787881936520614 0.0015722073576926246 0.0017751934360373499 0.002802410607464849 0.0014651695448504635 0.0016637575477121101 0.000904908615681454 0.0018109429742422392 0.001387342807829076 0.0016563964569766025 0.0013212396833268024 0.0019213470408383825 0.0026763575488810026 0.0009099009516081728 0.0016762911601715092 0.0014709474148133952 0.0012803868171513831 0.0026701234793013572 0.0015592928963938358 0.001326943051081529 0.0016064183427519415 0.0015497793452579648 0.0018105692385354142 0.0011784070837190133
6.0 0.003053305190415475 0.0036285277903383715 0.0012219886162726573 0.0010603456490577015 0.0016117481879196916 0.0 0.0018343096059231876 0.00124101295338135 0.0012610518524136223 0.001394450875406547 0.002477495033535316 0.0011166191754891455 0.0011110770572207683 0.0017708705727707986 0.0014365347912004868 0.0010483491298524062 0.0012066221363786732 0.001432702527952254 0.001531782834854136 0.0023630341199298026 0.0017735730846531465 0.0010472655471068944 0.0012673460213171897 0.0013410398031440721 0.002342730882913627 0.0012369194394623423 0.001031015286424445 0.0012433355061644193 0.0011277125985323056 0.0014375764855448841 0.0020634660873240433
7.0 0.002273603724639442 0.00283776177853881 0.0019184650916448708 0.0018602465525179041 0.0021770271982179774 0.0018343096059231876 0.0 0.00196731103667498 0.0020192696936113218 0.0012898228173974027 0.00164758723767954 0.0014608671637091554 0.002006647643251415 0.00233910230928866 0.0012504425748890357 0.0018124420850981256 0.001496552564793605 0.0020618690975479446 0.0014946044614191616 0.0018172562088989122 0.002341658273900583 0.0017454250355927055 0.001980347361448942 0.0018508316434928149 0.0014889301066128748 0.0020003956897786924 0.001763770423916075 0.002026812428066749 0.001942661881290669 0.0012339482661285189 0.0026294385591809966
8.0 0.0031760266072796937 0.0037523203601488916 0.0007312783446729934 0.0008661070345102762 0.0014787881936520614 0.00124101295338135 0.00196731103667498 0.0 0.0007989366419186373 0.0015468309907016673 0.0026034709001343183 0.0012379412294164726 0.0011802358099146674 0.001634344984393893 0.0015854370311864374 0.0008144529246625742 0.0014015843655547098 0.0012018456078757341 0.0016893316060644188 0.0024823920035992922 0.001637141408744516 0.0013734656036330805 0.00057898260010584 0.0012852184755950962 0.002469603325510405 0.0008183153579812215 0.0008428518678825123 0.0009513337220203822 0.0009747795725461566 0.0015856966787699354 0.0019288626476929049
9.0 0.0032293342814790037 0.00380547249502341 0.0009475740549555849 0.000778615064256835 0.0015722073576926246 0.0012610518524136223 0.0020192696936113218 0.0007989366419186373 0.0 0.0015966742590012486 0.0026563228899485415 0.0012896635687532558 0.0011561458908796495 0.001728550655510962 0.001635640088384795 0.0008100316130012549 0.0014475182049433826 0.0013199311174382352 0.0017386695604251637 0.0025360149329297526 0.0017313275490038354 0.0014104049383636941 0.000911670412671118 0.0013624998447735515 0.0025223362407718105 0.00039879855494599596 0.0008903866552168655 0.0007657026682004317 0.0008885304896309454 0.0016359803178970962 0.00202265397273579
10.0 0.0025700583662825313 0.0031414252650935164 0.0015002344939350713 0.0014351640593147745 0.0017751934360373499 0.001394450875406547 0.0012898228173974027 0.0015468309907016673 0.0015966742590012486 0.0 0.0019802633128081656 0.0010395205836883224 0.0015774655631153626 0.001936834258748528 0.000606481513296041 0.0013889402880505608 0.0009757465818621709 0.001650350040107414 0.0007678273605945547 0.001921693715282034 0.0019394372853487932 0.0012848588378032888 0.0015608486944345052 0.0014523952104262597 0.0018405218042021143 0.0015774762312883608 0.0013415279867789432 0.001602729716897621 0.0015169049216468547 0.0006315631216192198 0.0022277590618860897
11.0 0.0017542571482020669 0.0022803338387786995 0.0025536319266997736 0.0024983115989625905 0.002802410607464849 0.002477495033535316 0.00164758723767954 0.0026034709001343183 0.0026563228899485415 0.0019802633128081656 0.0 0.0021055063006897947 0.0026462534954740198 0.0029646840792908885 0.0019512455056958245 0.002449924475665447 0.0021575184059192867 0.0026937070029333533 0.002179127597706717 0.002107757033593906 0.002967182050502157 0.0023943398145386883 0.0026160789695200367 0.002478344783947647 0.0009474607704650962 0.0026375829588065505 0.0024008376825557 0.0026644721106879156 0.0025809823728687713 0.001936959229322373 0.0032543805186619223
12.0 0.002683276468839713 0.003257750328975443 0.0011897481242461165 0.0011306803320099527 0.0014651695448504635 0.0011166191754891455 0.0014608671637091554 0.0012379412294164726 0.0012896635687532558 0.0010395205836883224 0.0021055063006897947 0.0 0.0012787506202248658 0.0016266661560154876 0.00107672075991727 0.0010820396827359545 0.0009438615294316095 0.0013379737258591455 0.0011866543565863565 0.001989429066458872 0.0016292982761626673 0.0010644693182398509 0.0012512448495677017 0.0011386183059020525 0.001970409733613116 0.0012707828259823314 0.0010322138326653474 0.0012972811746996358 0.0012133840019007483 0.0010766150452801394 0.0019179173714941916
13.0 0.003220490983842525 0.00379622069078418 0.001193768313861818 0.0008865223572554932 0.0016637575477121101 0.0011110770572207683 0.002006647643251415 0.0011802358099146674 0.0011561458908796495 0.0015774655631153626 0.0026462534954740198 0.0012787506202248658 0.0 0.001821657452988762 0.0016175859555700323 0.0009627026205367558 0.0014150206870885175 0.0014547533831619905 0.001717798395072142 0.0025282500229846347 0.0018243950093513122 0.0013432346645170829 0.0012217846261219586 0.0014205650013316708 0.0025119371668130405 0.00112359038462131 0.0010002675201982998 0.0010935263956606007 0.0009019954982467894 0.0016181846799538206 0.0021149368295286055
14.0 0.00353014762864921 0.004109075093407228 0.0015349398846758542 0.0016142217543415691 0.000904908615681454 0.0017708705727707986 0.00233910230928866 0.001634344984393893 0.001728550655510962 0.001936834258748528 0.0029646840792908885 0.0016266661560154876 0.001821657452988762 0.0 0.0019726512676005925 0.0015442059487386622 0.0018174526927084425 0.0014683156777059309 0.0020829041499536207 0.002838899982542826 0.0005749028041892794 0.001836439376385651 0.001626057827933162 0.0014475347802878906 0.0028323736180320127 0.0017157412846494527 0.0014838726223087239 0.001763212371835029 0.001707004073197356 0.001972292434150099 0.0010439605106909943
15.0 0.002543238625723629 0.0031140861850785257 0.0015384639312198151 0.0014745580202417952 0.0018109429742422392 0.0014365347912004868 0.0012504425748890357 0.0015854370311864374 0.001635640088384795 0.000606481513296041 0.0019512455056958245 0.00107672075991727 0.0016175859555700323 0.0019726512676005925 0.0 0.001428052174604383 0.0010347769604615179 0.0016875026677420106 0.0008531817943283043 0.0019049410888582834 0.0019752488162804367 0.00133098999024898 0.001599290033014194 0.0014873107009147984 0.0018105554789045058 0.0016164977068893554 0.001380408158073445 0.0016419518799378622 0.0015564182436033852 0.00033309431458096624 0.002263506421546655
16.0 0.003023161571116692 0.0035992237058778756 0.0008443618874328304 0.0006573911734678905 0.001387342807829076 0.0010483491298524062 0.0018124420850981256 0.0008144529246625742 0.0008100316130012549 0.0013889402880505608 0.002449924475665447 0.0010820396827359545 0.0009627026205367558 0.0015442059487386622 0.001428052174604383 0.0 0.0012384291959197666 0.0011515672470144532 0.0015307530049921778 0.002329892558330367 0.0015469736873541186 0.0011990786812374802 0.000861673190602309 0.0011674723663312567 0.0023158816854040457 0.0007872208763642298 0.0006359928290275737 0.0008167359636443413 0.0007736863969106545 0.001428423571088442 0.001838069292413144
17.0 0.0027396449310991833 0.00331299446553727 0.0013589653740883646 0.0012812719774610692 0.0016563964569766025 0.0012066221363786732 0.001496552564793605 0.0014015843655547098 0.0014475182049433826 0.0009757465818621709 0.0021575184059192867 0.0009438615294316095 0.0014150206870885175 0.0018174526927084425 0.0010347769604615179 0.0012384291959197666 0.0 0.0015195896845505708 0.0010798149815341588 0.002063148105852321 0.0018200865695059084 0.0010335970225328187 0.0014173430942852898 0.001343609426600912 0.0020207237744487546 0.0014277073175790983 0.0011939226096298453 0.0014507150969986877 0.001361598967301419 0.001039787111926727 0.002108843619399911
18.0 0.0032638348091386885 0.0038409827388702165 0.001066414185252943 0.001226541466355785 0.0013212396833268024 0.001432702527952254 0.0020618690975479446 0.0012018456078757341 0.0013199311174382352 0.001650350040107414 0.0026937070029333533 0.0013379737258591455 0.0014547533831619905 0.0014683156777059309 0.0016875026677420106 0.0011515672470144532 0.0015195896845505708 0.0 0.0017947922831394268 0.0025695034160472595 0.001471279741746 0.0015203485023803681 0.0011790515722304505 0.0012642770808542034 0.0025604347378903854 0.0013101523830251296 0.0010960230685790203 0.0013674069937759667 0.001322812077761146 0.0016874380750078405 0.0017669686077454697
19.0 0.0027674493588847725 0.003339185671772436 0.0016432571812189448 0.001576556566255779 0.0019213470408383825 0.001531782834854136 0.0014946044614191616 0.0016893316060644188 0.0017386695604251637 0.0007678273605945547 0.002179127597706717 0.0011866543565863565 0.001717798395072142 0.0020829041499536207 0.0008531817943283043 0.0015307530049921778 0.0010798149815341588 0.0017947922831394268 0.0 0.002113372335569945 0.0020855117522020233 0.0014154203413478685 0.001703576415237234 0.001599850167294891 0.0020399649971946203 0.0017193930070968535 0.00148369628966792 0.0017443597825353456 0.001658120539060913 0.0008755342124380067 0.0023739002236172397
20.0 0.002646059989213722 0.003220481317099427 0.0024317228787787914 0.0023788720397948395 0.0026763575488810026 0.0023630341199298026 0.0018172562088989122 0.0024823920035992922 0.0025360149329297526 0.001921693715282034 0.002107757033593906 0.001989429066458872 0.0025282500229846347 0.002838899982542826 0.0019049410888582834 0.002329892558330367 0.002063148105852321 0.0025695034160472595 0.002113372335569945 0.0 0.002841430913268967 0.002286100506282003 0.002494649141372015 0.002346491241882603 0.002005962033647262 0.0025173909677898214 0.0022803298015377986 0.002544705716898919 0.002461795336980323 0.0018932570154083393 0.00312887192903822
21.0 0.0035325826663450996 0.0041115361543204755 0.0015377644472735438 0.0016169809709875326 0.0009099009516081728 0.0017735730846531465 0.002341658273900583 0.001637141408744516 0.0017313275490038354 0.0019394372853487932 0.002967182050502157 0.0016292982761626673 0.0018243950093513122 0.0005749028041892794 0.0019752488162804367 0.0015469736873541186 0.0018200865695059084 0.001471279741746 0.0020855117522020233 0.002841430913268967 0.0 0.0018391079846063279 0.001628864426317845 0.0014500643532459122 0.0028348814773963664 0.001718515517627355 0.001486642112336649 0.001765977626780566 0.001709759005637814 0.001974889095011219 0.000979033002909613
22.0 0.0029724173430294644 0.003546935240604601 0.0013395032388980725 0.0012327659212409288 0.0016762911601715092 0.0010472655471068944 0.0017454250355927055 0.0013734656036330805 0.0014104049383636941 0.0012848588378032888 0.0023943398145386883 0.0010644693182398509 0.0013432346645170829 0.001836439376385651 0.00133098999024898 0.0011990786812374802 0.0010335970225328187 0.0015203485023803681 0.0014154203413478685 0.002286100506282003 0.0018391079846063279 0.0 0.0013930538974994892 0.001382523817677461 0.002258887430107657 0.0013891413086740269 0.0011627642333777032 0.001406699696698965 0.0013093028150220412 0.001332956263024597 0.0021284202053912615
23.0 0.0031884113561811713 0.0037647817041404565 0.0006286477125869274 0.0009267630057655288 0.0014709474148133952 0.0012673460213171897 0.001980347361448942 0.00057898260010584 0.000911670412671118 0.0015608486944345052 0.0026160789695200367 0.0012512448495677017 0.0012217846261219586 0.001626057827933162 0.001599290033014194 0.000861673190602309 0.0014173430942852898 0.0011790515722304505 0.001703576415237234 0.002494649141372015 0.001628864426317845 0.0013930538974994892 0.0 0.001286204107289197 0.002482268295063178 0.000920314315400197 0.0008676381312502589 0.0010285961016363457 0.0010331920768694844 0.001599512312803854 0.001920803664029146
24.0 0.003047703235231816 0.0036249250641553674 0.0012081992183074152 0.0012317419772743016 0.0012803868171513831 0.0013410398031440721 0.0018508316434928149 0.0012852184755950962 0.0013624998447735515 0.0014523952104262597 0.002478344783947647 0.0011386183059020525 0.0014205650013316708 0.0014475347802878906 0.0014873107009147984 0.0011674723663312567 0.001343609426600912 0.0012642770808542034 0.001599850167294891 0.002346491241882603 0.0014500643532459122 0.001382523817677461 0.001286204107289197 0.0 0.002345532053472831 0.0013473926400371324 0.0011069959863144146 0.0013871943458265814 0.0013213743036366472 0.0014867475143078603 0.0017362393528888112
25.0 0.001841239275721407 0.0023825034337102476 0.0024198987397318584 0.0023641930209902517 0.0026701234793013572 0.002342730882913627 0.0014889301066128748 0.002469603325510405 0.0025223362407718105 0.0018405218042021143 0.0009474607704650962 0.001970409733613116 0.0025119371668130405 0.0028323736180320127 0.0018105554789045058 0.0023158816854040457 0.0020207237744487546 0.0025604347378903854 0.0020399649971946203 0.002005962033647262 0.0028348814773963664 0.002258887430107657 0.002482268295063178 0.002345532053472831 0.0 0.002503578773070478 0.002266847849145015 0.0025304054359855813 0.0024468302221207694 0.001796067827946433 0.003122180402306813
26.0 0.003210660886512047 0.0037867764893345624 0.0009480955264347412 0.0007333024209219357 0.0015592928963938358 0.0012369194394623423 0.0020003956897786924 0.0008183153579812215 0.00039879855494599596 0.0015774762312883608 0.0026375829588065505 0.0012707828259823314 0.00112359038462131 0.0017157412846494527 0.0016164977068893554 0.0007872208763642298 0.0014277073175790983 0.0013101523830251296 0.0017193930070968535 0.0025173909677898214 0.001718515517627355 0.0013891413086740269 0.000920314315400197 0.0013473926400371324 0.002503578773070478 0.0 0.0008734023616045602 0.0006852684714766947 0.0008413538877055917 0.0016168498460949 0.0020097900470389175
27.0 0.002973898911921411 0.003550017913890717 0.0008259084547909035 0.0007576054195322711 0.001326943051081529 0.001031015286424445 0.001763770423916075 0.0008428518678825123 0.0008903866552168655 0.0013415279867789432 0.0024008376825557 0.0010322138326653474 0.0010002675201982998 0.0014838726223087239 0.001380408158073445 0.0006359928290275737 0.0011939226096298453 0.0010960230685790203 0.00148369628966792 0.0022803298015377986 0.001486642112336649 0.0011627642333777032 0.0008676381312502589 0.0011069959863144146 0.002266847849145015 0.0008734023616045602 0.0 0.0009126039573840936 0.0008577774972567346 0.001380726849937561 0.0017777334513524048
28.0 0.0032377851670841095 0.003813821021906986 0.00103577095081063 0.0006575764988350939 0.0016064183427519415 0.0012433355061644193 0.002026812428066749 0.0009513337220203822 0.0007657026682004317 0.001602729716897621 0.0026644721106879156 0.0012972811746996358 0.0010935263956606007 0.001763212371835029 0.0016419518799378622 0.0008167359636443413 0.0014507150969986877 0.0013674069937759667 0.0017443597825353456 0.002544705716898919 0.001765977626780566 0.001406699696698965 0.0010285961016363457 0.0013871943458265814 0.0025304054359855813 0.0006852684714766947 0.0009126039573840936 0.0 0.0007302144345844317 0.0016423490994363753 0.002057075675833527
29.0 0.003154615226836653 0.0037305445408828894 0.0010227003833721245 0.000548682680358415 0.0015497793452579648 0.0011277125985323056 0.001942661881290669 0.0009747795725461566 0.0008885304896309454 0.0015169049216468547 0.0025809823728687713 0.0012133840019007483 0.0009019954982467894 0.001707004073197356 0.0015564182436033852 0.0007736863969106545 0.001361598967301419 0.001322812077761146 0.001658120539060913 0.002461795336980323 0.001709759005637814 0.0013093028150220412 0.0010331920768694844 0.0013213743036366472 0.0024468302221207694 0.0008413538877055917 0.0008577774972567346 0.0007302144345844317 0.0 0.0015568805531651075 0.0020006446603129404
30.0 0.0025294220301552523 0.003100158963405191 0.001538639240037408 0.0014749937823000754 0.0018105692385354142 0.0014375764855448841 0.0012339482661285189 0.0015856966787699354 0.0016359803178970962 0.0006315631216192198 0.001936959229322373 0.0010766150452801394 0.0016181846799538206 0.001972292434150099 0.00033309431458096624 0.001428423571088442 0.001039787111926727 0.0016874380750078405 0.0008755342124380067 0.0018932570154083393 0.001974889095011219 0.001332956263024597 0.001599512312803854 0.0014867475143078603 0.001796067827946433 0.0016168498460949 0.001380726849937561 0.0016423490994363753 0.0015568805531651075 0.0 0.0022631324963279125
31.0 0.0038191952750432473 0.004398387440027471 0.0018300379296456418 0.001907940482272556 0.0011784070837190133 0.0020634660873240433 0.0026294385591809966 0.0019288626476929049 0.00202265397273579 0.0022277590618860897 0.0032543805186619223 0.0019179173714941916 0.0021149368295286055 0.0010439605106909943 0.002263506421546655 0.001838069292413144 0.002108843619399911 0.0017669686077454697 0.0023739002236172397 0.00312887192903822 0.000979033002909613 0.0021284202053912615 0.001920803664029146 0.0017362393528888112 0.003122180402306813 0.0020097900470389175 0.0017777334513524048 0.002057075675833527 0.0020006446603129404 0.0022631324963279125 0.0
