0.0 1.0 2.0 3.0 4.0 5.0 6.0 7.0 8.0 9.0 10.0 11.0 12.0 13.0 14.0 15.0 16.0 17.0 18.0 19.0 20.0 21.0 22.0 23.0 24.0 25.0 26.0 27.0 28.0 29.0 30.0 31.0
1.0 0.0 0.0016184592132599575 0.0024372864047312983 0.002420215820412407 0.0025795689584699705 0.002446774421176355 0.0021423101272269552 0.0025131513880155957 0.002575704262262818 0.0020439214162085674 0.0015558037107771044 0.002079525603202745 0.002659344220795076 0.002684442863369595 0.0020487450540012495 0.002350501859583752 0.002176466786744522 0.0025505275320003304 0.00230699509859937 0.0018925380128102859 0.0027323382749402597 0.002357556132354148 0.0025161489219588835 0.0023186877380132693 0.001583633934424279 0.002559133324115306 0.0023126444395319325 0.0025944244695683145 0.0025084826797339525 0.0020400769381405223 0.0029795357789075437
2.0 0.0016184592132599575 0.0 0.0028369402098169178 0.0028188028171992835 0.002984560806240226 0.0028438346479776173 0.0025165841034039326 0.002912423859944903 0.002974643296126861 0.002433423760955093 0.0018770255198208344 0.002475279788312995 0.0030574270200303512 0.0030894927101736153 0.0024372301488224265 0.002749293230783263 0.0025698918002884487 0.002951583438186303 0.002697203047641143 0.002282483550962276 0.0031374451040960443 0.0027532311990216907 0.0029155943526669153 0.0027196028638014538 0.0019218521650024678 0.002958023549676192 0.0027115545030430574 0.0029931426486555406 0.002906979058302993 0.002428340695206936 0.0033852223476337016
3.0 0.0024372864047312983 0.0028369402098169178 0.0 0.0008921574175852478 0.001295332681492054 0.0011980818696692079 0.0019752187748664817 0.0007141192975414937 0.0009277779549786798 0.0013645588909730584 0.002126604299295824 0.001105785497085857 0.001244203917057412 0.00139151504819312 0.0014132594829965295 0.0007985977795089572 0.0012724081719955069 0.001015882124389438 0.0015896676859093579 0.0018743634476835781 0.001439996222050907 0.0012651168123268934 0.0006037127448864782 0.0011312244182419165 0.0020216655578450655 0.0009293199537775804 0.0007912373402515676 0.0010209337809108055 0.000999260067254963 0.0014143112705891333 0.0016965686454782835
4.0 0.002420215820412407 0.0028188028171992835 0.0008921574175852478 0.0 0.001377497248373862 0.0010652697695714866 0.001949409630729329 0.0008631661538240618 0.0007836699483842785 0.0013289718977236176 0.002106231019227358 0.0010742072971787753 0.0009653780078559739 0.0014764638021647408 0.0013790576204912187 0.0006368695196916178 0.0012224447771708082 0.0011852742059357737 0.0015521828314222887 0.0018544954024574938 0.0015249005254189332 0.0011858693926718976 0.0009183757058298225 0.0011672341356417015 0.002000587060888867 0.0007396710284295351 0.0007413595434012342 0.000669983435497676 0.0005510872763344254 0.0013804287324936325 0.0017799583725366446
5.0 0.0025795689584699705 0.002984560806240226 0.001295332681492054 0.001377497248373862 0.0 0.0015306701296096382 0.0021528208103800267 0.001407284973691802 0.0015005270416774503 0.001569202744983515 0.0022842592511186687 0.0013180548385311043 0.0016600622365092778 0.0008228375058814915 0.0016145398756274355 0.0012915069184445283 0.0015056764836433728 0.0012581135315459777 0.001798409112061316 0.002035151444296837 0.0008744094954093963 0.001542104405269527 0.0013937484863145097 0.0011912074129836127 0.0021821628850729365 0.0014884247040818587 0.0012460240646095721 0.001539041662782895 0.0014732128006334439 0.0016148246536665657 0.001111662971496335
6.0 0.002446774421176355 0.0028438346479776173 0.0011980818696692079 0.0010652697695714866 0.0015306701296096382 0.0 0.001961901412782894 0.0012398437589304571 0.0012668245895911144 0.0013220699577923705 0.002127850634128568 0.0010885533395086646 0.0012053266573261636 0.001631923467904829 0.0013751089307240233 0.0010327318529950746 0.001180199990142716 0.001395057766667469 0.0015409810747217022 0.0018776120814463092 0.0016803192948218106 0.0010403799524895617 0.0012590810164436082 0.0012822836014391831 0.0020210913090783957 0.0012443761841822196 0.0010249367208480047 0.001257875549621034 0.0011380731339966869 0.001377160424799908 0.0019340804668904485
7.0 0.0021423101272269552 0.0025165841034039326 0.0019752187748664817 0.001949409630729329 0.0021528208103800267 0.001961901412782894 0.0 0.002048061864221892 0.0021079052666131822 0.0014542985571405643 0.0017250888495430675 0.0015878183800958727 0.0021841088128995026 0.0022575733946419646 0.0014395245978102871 0.0018814309135026163 0.001649244808582976 0.0020989593842983467 0.0017295050142032385 0.0016658887021372979 0.0023057474894217726 0.0018583887820064699 0.0020524539787026555 0.0018724470887857194 0.0015857099367334597 0.0020909276166563326 0.0018446664100556717 0.0021247955353102966 0.002036922187266429 0.0014265357029244557 0.002555913955667382
8.0 0.0025131513880155957 0.002912423859944903 0.0007141192975414937 0.0008631661538240618 0.001407284973691802 0.0012398437589304571 0.002048061864221892 0.0 0.000801289298275748 0.0014342116323784416 0.002201305130060822 0.001176455487009826 0.001253835475498422 0.0015045482199795889 0.0014833566070090658 0.0007918466585211505 0.0013375176089304342 0.0011651176348818262 0.0016587070932543285 0.0019492412405373392 0.0015530053724498154 0.0013214254593780193 0.0005911555701870277 0.0012250850082214451 0.0020961197225625667 0.0008221743838196637 0.000828362053411347 0.0009598048901301392 0.0009750739534178103 0.0014845117614555449 0.0018089377719772
9.0 0.002575704262262818 0.002974643296126861 0.0009277779549786798 0.0007836699483842785 0.0015005270416774503 0.0012668245895911144 0.0021079052666131822 0.000801289298275748 0.0 0.001491058016023151 0.0022628306454192514 0.0012346159273339003 0.0012371371510170323 0.0015986380188192277 0.0015406271630679091 0.0007942227770605052 0.001389920141448846 0.0012846428001784772 0.0017149630815605126 0.0020109521282455443 0.0016470814518585062 0.00136476339726965 0.0009123126090833438 0.0013042196532657914 0.0021574249690356185 0.00040675137059549343 0.0008792813685810398 0.0007797285398466903 0.0008968258431935241 0.001541880808227519 0.001902550913907385
10.0 0.0020439214162085674 0.002433423760955093 0.0013645588909730584 0.0013289718977236176 0.001569202744983515 0.0013220699577923705 0.0014542985571405643 0.0014342116323784416 0.001491058016023151 0.0 0.0016966512123343515 0.0009612461277475944 0.0015580595405013768 0.0016733898019895147 0.0005593051175415338 0.001263111991992665 0.0009173162498262383 0.001498271124881152 0.0007836308418184739 0.0014751598770635834 0.001721666656856479 0.0011941486299071142 0.0014401160534717131 0.001285195011805935 0.0015821847317896358 0.0014736116073916458 0.001227860121870327 0.0015058483873049613 0.0014155929863706226 0.0005845187949920128 0.0019731034809089562
11.0 0.0015558037107771044 0.0018770255198208344 0.002126604299295824 0.002106231019227358 0.0022842592511186687 0.002127850634128568 0.0017250888495430675 0.002201305130060822 0.0022628306454192514 0.0016966512123343515 0.0 0.0017568176691645193 0.0023437582355715697 0.002389219384518639 0.0016972173813076864 0.002037150919143477 0.0018447070201229139 0.0022440597310027163 0.001962623593904936 0.0015797833384864996 0.0024372638459461303 0.002033973323047452 0.002204835899996486 0.0020126793276235037 0.0008614197954015762 0.0022461078353876508 0.001999670583004193 0.002280866172385612 0.0021942189148172284 0.0016876138161184642 0.002685998121019971
12.0 0.002079525603202745 0.002475279788312995 0.001105785497085857 0.0010742072971787753 0.0013180548385311043 0.0010885533395086646 0.0015878183800958727 0.001176455487009826 0.0012346159273339003 0.0009612461277475944 0.0017568176691645193 0.0 0.0013077683204100058 0.0014220016850437448 0.00101059914305762 0.0010062215254217658 0.0009011771129642746 0.0012399034348759648 0.0011886329210538948 0.0015020193067388802 0.0014703483588567809 0.0010092146474189054 0.0011819164582486446 0.0010253719844221408 0.001649511126696727 0.001217392253649216 0.0009688620137201873 0.0012505790486933522 0.001161663067734746 0.0010117250346935425 0.001722574608029815
13.0 0.002659344220795076 0.0030574270200303512 0.001244203917057412 0.0009653780078559739 0.0016600622365092778 0.0012053266573261636 0.0021841088128995026 0.001253835475498422 0.0012371371510170323 0.0015580595405013768 0.0023437582355715697 0.0013077683204100058 0.0 0.0017599345392901632 0.0016089750569852558 0.001021337203904702 0.001442218406166533 0.0014913668403605954 0.0017800927368226225 0.002092422862531935 0.0018083562702961905 0.0013831999560932739 0.0012890758808668194 0.0014344900942105283 0.0022377597173259293 0.0012061629395535285 0.001065523484520276 0.0011831654147502965 0.0009860639320412971 0.0016105374618620607 0.0020629130191071677
14.0 0.002684442863369595 0.0030894927101736153 0.00139151504819312 0.0014764638021647408 0.0008228375058814915 0.001631923467904829 0.0022575733946419646 0.0015045482199795889 0.0015986380188192277 0.0016733898019895147 0.002389219384518639 0.0014220016850437448 0.0017599345392901632 0.0 0.0017188065983162215 0.0013902377975770772 0.0016091330383914185 0.0013466986495228022 0.0019024893073262888 0.0021404146981750674 0.0005347058269721114 0.0016445016479028985 0.0014904952897780528 0.001299375079520162 0.002287108052334613 0.001586655274726591 0.0013448423107416318 0.0016376507944640632 0.0015723181313808971 0.001719110046613077 0.0009594160141605402
15.0 0.0020487450540012495 0.0024372301488224265 0.0014132594829965295 0.0013790576204912187 0.0016145398756274355 0.0013751089307240233 0.0014395245978102871 0.0014833566070090658 0.0015406271630679091 0.0005593051175415338 0.0016972173813076864 0.00101059914305762 0.0016089750569852558 0.0017188065983162215 0.0 0.0013128830994029927 0.0009870133432364632 0.0015456426370057388 0.0008792520118764192 0.0014832889874637047 0.001767074530177562 0.001251210384088707 0.0014890494533755048 0.0013305048458598936 0.001581409535653418 0.0015232477065212319 0.001277397500977708 0.0015557186650478685 0.0014658096503345512 0.00032156583534188616 0.0020183857238981473
16.0 0.002350501859583752 0.002749293230783263 0.0007985977795089572 0.0006368695196916178 0.0012915069184445283 0.0010327318529950746 0.0018814309135026163 0.0007918466585211505 0.0007942227770605052 0.001263111991992665 0.002037150919143477 0.0010062215254217658 0.001021337203904702 0.0013902377975770772 0.0013128830994029927 0.0 0.0011602960689719149 0.0010932826176179552 0.0014868037213355738 0.0017851454518307925 0.001438687428122038 0.0011326856219221254 0.0008335558243685055 0.0010859185238192128 0.001931651142702669 0.0007727593920521755 0.0006012930343359422 0.0008081716349549297 0.0007570157436112028 0.00131417933059113 0.0016939487372293139
17.0 0.002176466786744522 0.0025698918002884487 0.0012724081719955069 0.0012224447771708082 0.0015056764836433728 0.001180199990142716 0.001649244808582976 0.0013375176089304342 0.001389920141448846 0.0009173162498262383 0.0018447070201229139 0.0009011771129642746 0.001442218406166533 0.0016091330383914185 0.0009870133432364632 0.0011602960689719149 0.0 0.0014184675268557071 0.001104589988604173 0.0016031246870949005 0.0016574585836031898 0.0009912395184349422 0.001345559643959199 0.0012267237599627272 0.0017347176500515852 0.0013717696320618383 0.0011279738756569215 0.0014014752445766143 0.00130753407775392 0.000993004988469888 0.0019096642180193432
18.0 0.0025505275320003304 0.002951583438186303 0.001015882124389438 0.0011852742059357737 0.0012581135315459777 0.001395057766667469 0.0020989593842983467 0.0011651176348818262 0.0012846428001784772 0.001498271124881152 0.0022440597310027163 0.0012399034348759648 0.0014913668403605954 0.0013466986495228022 0.0015456426370057388 0.0010932826176179552 0.0014184675268557071 0.0 0.0017250811309320784 0.001991916870838855 0.0013952148930833587 0.001432223804093198 0.001134751557860649 0.001194030336157931 0.0021399667043212394 0.0012759806539216554 0.0010524021512782356 0.0013375450753551638 0.0012848815544429758 0.0015463905442276546 0.001655249116463242
19.0 0.00230699509859937 0.002697203047641143 0.0015896676859093579 0.0015521828314222887 0.001798409112061316 0.0015409810747217022 0.0017295050142032385 0.0016587070932543285 0.0017149630815605126 0.0007836308418184739 0.001962623593904936 0.0011886329210538948 0.0017800927368226225 0.0019024893073262888 0.0008792520118764192 0.0014868037213355738 0.001104589988604173 0.0017250811309320784 0.0 0.0017372030046356778 0.001950774442310758 0.0014064846303727205 0.0016648963785946625 0.0015149314547512793 0.001849008154797402 0.0016974245967052598 0.0014519238432311012 0.0017293287163890631 0.0016386039106075345 0.0009020762621856546 0.0022023321383695237
20.0 0.0018925380128102859 0.002282483550962276 0.0018743634476835781 0.0018544954024574938 0.002035151444296837 0.0018776120814463092 0.0016658887021372979 0.0019492412405373392 0.0020109521282455443 0.0014751598770635834 0.0015797833384864996 0.0015020193067388802 0.002092422862531935 0.0021404146981750674 0.0014832889874637047 0.0017851454518307925 0.0016031246870949005 0.001991916870838855 0.0017372030046356778 0.0 0.0021885506589026963 0.0017862233974073596 0.0019527122715940638 0.001755946693237212 0.001489428994669938 0.001994254357104754 0.001747409643404767 0.002029135154874564 0.001942592514645198 0.0014753153493448734 0.0024381286858872605
21.0 0.0027323382749402597 0.0031374451040960443 0.001439996222050907 0.0015249005254189332 0.0008744094954093963 0.0016803192948218106 0.0023057474894217726 0.0015530053724498154 0.0016470814518585062 0.001721666656856479 0.0024372638459461303 0.0014703483588567809 0.0018083562702961905 0.0005347058269721114 0.001767074530177562 0.001438687428122038 0.0016574585836031898 0.0013952148930833587 0.001950774442310758 0.0021885506589026963 0.0 0.0016928655396295424 0.0015389582102764525 0.0013477926682083736 0.002335174187480814 0.0016350974695679052 0.0013933019477953817 0.0016860864259134137 0.0016207499679547419 0.0017673755651464382 0.0009498896964257467
22.0 0.002357556132354148 0.0027532311990216907 0.0012651168123268934 0.0011858693926718976 0.001542104405269527 0.0010403799524895617 0.0018583887820064699 0.0013214254593780193 0.00136476339726965 0.0011941486299071142 0.002033973323047452 0.0010092146474189054 0.0013831999560932739 0.0016445016479028985 0.001251210384088707 0.0011326856219221254 0.0009912395184349422 0.001432223804093198 0.0014064846303727205 0.0017862233974073596 0.0016928655396295424 0.0 0.001333625150328508 0.0012761987300738773 0.001926091310519401 0.001345137469598409 0.0011078319687180273 0.0013693917543103487 0.0012672868435164714 0.0012542038130476901 0.0019458694881496251
23.0 0.0025161489219588835 0.0029155943526669153 0.0006037127448864782 0.0009183757058298225 0.0013937484863145097 0.0012590810164436082 0.0020524539787026555 0.0005911555701870277 0.0009123126090833438 0.0014401160534717131 0.002204835899996486 0.0011819164582486446 0.0012890758808668194 0.0014904952897780528 0.0014890494533755048 0.0008335558243685055 0.001345559643959199 0.001134751557860649 0.0016648963785946625 0.0019527122715940638 0.0015389582102764525 0.001333625150328508 0.0 0.001219841896125659 0.002099762755333111 0.0009216423202958409 0.0008478451050404701 0.0010327589129351198 0.0010278957661897367 0.0014901561194143108 0.0017951511413698438
24.0 0.0023186877380132693 0.0027196028638014538 0.0011312244182419165 0.0011672341356417015 0.0011912074129836127 0.0012822836014391831 0.0018724470887857194 0.0012250850082214451 0.0013042196532657914 0.001285195011805935 0.0020126793276235037 0.0010253719844221408 0.0014344900942105283 0.001299375079520162 0.0013305048458598936 0.0010859185238192128 0.0012267237599627272 0.001194030336157931 0.0015149314547512793 0.001755946693237212 0.0013477926682083736 0.0012761987300738773 0.001219841896125659 0.0 0.001909045452623458 0.0012901541153456076 0.0010399310377542772 0.0013343703905164097 0.0012604286914554485 0.0013307720616474446 0.00159912074800135
25.0 0.001583633934424279 0.0019218521650024678 0.0020216655578450655 0.002000587060888867 0.0021821628850729365 0.0020210913090783957 0.0015857099367334597 0.0020961197225625667 0.0021574249690356185 0.0015821847317896358 0.0008614197954015762 0.001649511126696727 0.0022377597173259293 0.002287108052334613 0.001581409535653418 0.001931651142702669 0.0017347176500515852 0.0021399667043212394 0.001849008154797402 0.001489428994669938 0.002335174187480814 0.001926091310519401 0.002099762755333111 0.001909045452623458 0.0 0.0021406695114205665 0.0018942628622029174 0.0021753119341741687 0.0020885121210712215 0.001571512183494358 0.002584141154541365
26.0 0.002559133324115306 0.002958023549676192 0.0009293199537775804 0.0007396710284295351 0.0014884247040818587 0.0012443761841822196 0.0020909276166563326 0.0008221743838196637 0.00040675137059549343 0.0014736116073916458 0.0022461078353876508 0.001217392253649216 0.0012061629395535285 0.001586655274726591 0.0015232477065212319 0.0007727593920521755 0.0013717696320618383 0.0012759806539216554 0.0016974245967052598 0.001994254357104754 0.0016350974695679052 0.001345137469598409 0.0009216423202958409 0.0012901541153456076 0.0021406695114205665 0.0 0.0008634513936997693 0.0006993581595891299 0.0008510814424702805 0.001524516837409038 0.0018905063525435752
27.0 0.0023126444395319325 0.0027115545030430574 0.0007912373402515676 0.0007413595434012342 0.0012460240646095721 0.0010249367208480047 0.0018446664100556717 0.000828362053411347 0.0008792813685810398 0.001227860121870327 0.001999670583004193 0.0009688620137201873 0.001065523484520276 0.0013448423107416318 0.001277397500977708 0.0006012930343359422 0.0011279738756569215 0.0010524021512782356 0.0014519238432311012 0.001747409643404767 0.0013933019477953817 0.0011078319687180273 0.0008478451050404701 0.0010399310377542772 0.0018942628622029174 0.0008634513936997693 0.0 0.0009079991793153521 0.0008459210598544941 0.0012786376680007073 0.0016486074505856893
28.0 0.0025944244695683145 0.0029931426486555406 0.0010209337809108055 0.000669983435497676 0.001539041662782895 0.001257875549621034 0.0021247955353102966 0.0009598048901301392 0.0007797285398466903 0.0015058483873049613 0.002280866172385612 0.0012505790486933522 0.0011831654147502965 0.0016376507944640632 0.0015557186650478685 0.0008081716349549297 0.0014014752445766143 0.0013375450753551638 0.0017293287163890631 0.002029135154874564 0.0016860864259134137 0.0013693917543103487 0.0010327589129351198 0.0013343703905164097 0.0021753119341741687 0.0006993581595891299 0.0009079991793153521 0.0 0.0007475304128096265 0.001557042388621537 0.0019412846003034898
29.0 0.0025084826797339525 0.002906979058302993 0.000999260067254963 0.0005510872763344254 0.0014732128006334439 0.0011380731339966869 0.002036922187266429 0.0009750739534178103 0.0008968258431935241 0.0014155929863706226 0.0021942189148172284 0.001161663067734746 0.0009860639320412971 0.0015723181313808971 0.0014658096503345512 0.0007570157436112028 0.00130753407775392 0.0012848815544429758 0.0016386039106075345 0.001942592514645198 0.0016207499679547419 0.0012672868435164714 0.0010278957661897367 0.0012604286914554485 0.0020885121210712215 0.0008510814424702805 0.0008459210598544941 0.0007475304128096265 0.0 0.001467212127508956 0.001875709700173432
30.0 0.0020400769381405223 0.002428340695206936 0.0014143112705891333 0.0013804287324936325 0.0016148246536665657 0.001377160424799908 0.0014265357029244557 0.0014845117614555449 0.001541880808227519 0.0005845187949920128 0.0016876138161184642 0.0010117250346935425 0.0016105374618620607 0.001719110046613077 0.00032156583534188616 0.00131417933059113 0.000993004988469888 0.0015463905442276546 0.0009020762621856546 0.0014753153493448734 0.0017673755651464382 0.0012542038130476901 0.0014901561194143108 0.0013307720616474446 0.001571512183494358 0.001524516837409038 0.0012786376680007073 0.001557042388621537 0.001467212127508956 0.0 0.002018659339356653
31.0 0.0029795357789075437 0.0033852223476337016 0.0016965686454782835 0.0017799583725366446 0.001111662971496335 0.0019340804668904485 0.002555913955667382 0.0018089377719772 0.001902550913907385 0.0019731034809089562 0.002685998121019971 0.001722574608029815 0.0020629130191071677 0.0009594160141605402 0.0020183857238981473 0.0016939487372293139 0.0019096642180193432 0.001655249116463242 0.0022023321383695237 0.0024381286858872605 0.0009498896964257467 0.0019458694881496251 0.0017951511413698438 0.00159912074800135 0.002584141154541365 0.0018905063525435752 0.0016486074505856893 0.0019412846003034898 0.001875709700173432 0.002018659339356653 0.0
