0.0 1.0 2.0 3.0 4.0 5.0 6.0 7.0 8.0 9.0 10.0 11.0 12.0 13.0 14.0 15.0 16.0 17.0 18.0 19.0 20.0 21.0 22.0 23.0 24.0 25.0 26.0 27.0 28.0 29.0 30.0
1.0 0.0 0.0014943401778612212 0.003066691486540773 0.0024415181108177024 0.000998043649267943 0.0012454909647493448 0.016760763762697056 0.0015102468977760042 0.0012102902411349511 0.0017135684596596157 0.016240501410717718 0.00303574532849778 0.001661878651513596 0.0013732847262418804 0.0015958015501929593 0.002261992315445496 0.002223982912101644 0.0781472640796688 0.005091557890227962 0.13404913573701663 0.0018566352922642045 0.001460076399452006 0.0016693210743814056 0.0021213559732550214 0.0028880528890555396 0.002908472951136847 0.0010301756831361736 0.009444797973092911 0.004447108976887308 0.009140136488947178
2.0 0.0014943401778612212 0.0 0.0028783560434256835 0.0022209614374622006 0.0015839283648239658 0.001240567181304805 0.017271370410833445 0.0015878897326047946 0.0013277461572882092 0.0014516679899596577 0.0167513474069604 0.002842247818804227 0.0013980910310884514 0.0011913982612768734 0.0013119859590517212 0.0027863920937889197 0.0027471722001993263 0.07788656040095959 0.004826394770288934 0.13378435607072733 0.0014609813371022691 0.0008957299618849121 0.0021982765065498133 0.0026439974099995473 0.002744916447523867 0.002810235767530757 0.0014191378967169184 0.009961605951902411 0.004164980922424322 0.009662223100748445
3.0 0.003066691486540773 0.0028783560434256835 0.0 0.001992504134944899 0.003166753291702241 0.0027529537170201124 0.018609455532722474 0.0032647183311543546 0.0029941558926285966 0.0024283530791884157 0.018089478774499523 0.001380415092652272 0.0024313287072421927 0.0026318263365428442 0.002656101703559325 0.004368759475699288 0.0043294243625068545 0.07841120046397951 0.005459224327151953 0.1343953577667247 0.0029442664605189685 0.002826515930208317 0.0037820365491759655 0.004226491887637841 0.002048855896232382 0.00245680203892278 0.0030258874814843035 0.011303657194605217 0.005037491106414102 0.011016976293520303
4.0 0.0024415181108177024 0.0022209614374622006 0.001992504134944899 0.0 0.002540410502489112 0.0021177876163265075 0.0180497069401601 0.002626407461928241 0.0023574371743119295 0.001716321115390635 0.017529716790289567 0.0019492370906950486 0.0017248121116648337 0.0019719141179856377 0.001975857504841004 0.003741523424297093 0.0037020933110659825 0.0777432614659109 0.00474894230429617 0.13371142765876695 0.0022648501571563536 0.0021684056291363307 0.003154858234761975 0.003599050552283842 0.002047594994407235 0.0023533706484449197 0.0023957938185649582 0.010742801941331337 0.004319661197911985 0.010452625767125613
5.0 0.000998043649267943 0.0015839283648239658 0.003166753291702241 0.002540410502489112 0.0 0.0013558048345463963 0.016610149363061516 0.0015615117967164693 0.001261389423432767 0.0018112290001417255 0.01609010233158809 0.003135614732799975 0.001759509298843491 0.0014741633211634352 0.0016930169998834819 0.0020292656831394406 0.0019918916814665416 0.0782438411757981 0.005187962295668014 0.13414478956147077 0.0019508457179427511 0.0015513419699176314 0.0014335822290398557 0.0018896155277546528 0.002989844053333861 0.0030128538211624195 0.001042266652051237 0.009298622080051189 0.0045434680719695026 0.008993299569599836
6.0 0.0012454909647493448 0.001240567181304805 0.0027529537170201124 0.0021177876163265075 0.0013558048345463963 0.0 0.01704551179933849 0.001487174090998484 0.001204247854763019 0.0013669047566096909 0.01652543693983315 0.002720453875724785 0.001314160146688104 0.0009727116163265285 0.0012494856490787663 0.0025687376132127434 0.0025298417978604176 0.0778171511656908 0.004760429644433785 0.13372072399248167 0.0015425288143480485 0.0011909066767889433 0.001979480083595197 0.0024268113170329343 0.0025879720968182097 0.0026194560735076236 0.0012133504128362925 0.009734568851680026 0.00411386335599643 0.009434763391729935
7.0 0.016760763762697056 0.017271370410833445 0.018609455532722474 0.0180497069401601 0.016610149363061516 0.01704551179933849 0.0 0.01729682880398482 0.017001560209448353 0.017431307446907705 0.0014901826198534564 0.018588783573053907 0.017384747333728284 0.0171440226234683 0.017345920019583693 0.01761338495802735 0.01758614779876297 0.09382456060318872 0.02077691634333546 0.14973204147313832 0.01760741630960588 0.01723643251107581 0.01708831474617367 0.01751486465237646 0.018343956657013112 0.018331263893518995 0.01682088361976047 0.009578435665222288 0.020152558887104193 0.010158303553393918
8.0 0.0015102468977760042 0.0015878897326047946 0.0032647183311543546 0.002626407461928241 0.0015615117967164693 0.001487174090998484 0.01729682880398482 0.0 0.0010443908108397387 0.0018800726133244283 0.016776879517305467 0.0032316700782818613 0.001827578054665306 0.0015566038011228802 0.0017549917001782405 0.002745256103754528 0.002705567569056037 0.07831543409308231 0.0052579642730220056 0.13421479293835784 0.0019912442566651697 0.0015697704007952818 0.002158599859110583 0.0026021010935265688 0.0031044741456115847 0.003142769320321712 0.0013609485071087014 0.00998813703690869 0.004608333489037207 0.00968672785722054
9.0 0.0012102902411349511 0.0013277461572882092 0.0029941558926285966 0.0023574371743119295 0.001261389423432767 0.001204247854763019 0.017001560209448353 0.0010443908108397387 0.0 0.001612367486598839 0.01648158603396165 0.002961368524844126 0.0015598678625608035 0.001282519905729864 0.0014869860070649992 0.002453585563207905 0.0024145545677128825 0.0780495504262402 0.004992332501126046 0.13394996915880394 0.001730881322446261 0.00130615295139453 0.0018646200907930567 0.0023113379430570167 0.002831645979346882 0.0028676403123914437 0.001053857668806549 0.009692301114369502 0.0043432243320238465 0.00939069730223678
10.0 0.0017135684596596157 0.0014516679899596577 0.0024283530791884157 0.001716321115390635 0.0018112290001417255 0.0013669047566096909 0.017431307446907705 0.0018800726133244283 0.001612367486598839 0.0 0.016911284479211895 0.002384247326578177 0.0007392773645102158 0.0011691143060030258 0.0011568227018760014 0.0030126843207391825 0.0029732269559286976 0.07739476981431317 0.00433348250513329 0.13331042128631485 0.0014901972698120548 0.0013964063134728282 0.002425662204690249 0.0028700498810065394 0.0023675486112128726 0.002509297452509345 0.0016603712257225731 0.010122531510174315 0.003717395621375079 0.009826546468345913
11.0 0.016240501410717718 0.0167513474069604 0.018089478774499523 0.017529716790289567 0.01609010233158809 0.01652543693983315 0.0014901826198534564 0.016776879517305467 0.01648158603396165 0.016911284479211895 0.0 0.0180688054222718 0.01686473246612177 0.016623979792642934 0.016825895814051462 0.017097731138717185 0.017070299613704924 0.09330457270100856 0.020256927012879313 0.14921206396807737 0.017087403627794418 0.0167164067294676 0.016571201766988786 0.01699837477075742 0.017823978034917462 0.017811227981572614 0.016300925708821513 0.008987901132511961 0.019632559729123002 0.009576401085616679
12.0 0.00303574532849778 0.002842247818804227 0.001380415092652272 0.0019492370906950486 0.003135614732799975 0.002720453875724785 0.018588783573053907 0.0032316700782818613 0.002961368524844126 0.002384247326578177 0.0180688054222718 0.0 0.0023878699618422932 0.0025954406637393257 0.002616442028703625 0.004337461463049231 0.004298110078711809 0.07834379523971527 0.005403685830358823 0.13433364898090808 0.0029045344317322995 0.002790301570126614 0.0037507522364065194 0.004195159761425029 0.0021164080942713947 0.002508796454231104 0.002994156956934684 0.011282831385524958 0.004990199976789732 0.010995600976703199
13.0 0.001661878651513596 0.0013980910310884514 0.0024313287072421927 0.0017248121116648337 0.001759509298843491 0.001314160146688104 0.017384747333728284 0.001827578054665306 0.0015598678625608035 0.0007392773645102158 0.01686473246612177 0.0023878699618422932 0.0 0.0011139972572604656 0.0010961226020523161 0.0029611096241286767 0.002921660791521665 0.07739055760504415 0.004328286207384398 0.13330336698011733 0.0014375804470069728 0.0013425585186882688 0.0023740369085706995 0.0028184811102151095 0.002364092080712911 0.0024988019410485517 0.0016083300515967027 0.01007587567448623 0.00369772644750812 0.009779620535939101
14.0 0.0013732847262418804 0.0011913982612768734 0.0026318263365428442 0.0019719141179856377 0.0014741633211634352 0.0009727116163265285 0.0171440226234683 0.0015566038011228802 0.001282519905729864 0.0011691143060030258 0.016623979792642934 0.0025954406637393257 0.0011139972572604656 0.0 0.0010530747025742772 0.002680894739207758 0.002641745680905965 0.07764988461719613 0.0045904566612458364 0.13355365981110692 0.0014027983476512013 0.0011317832224372808 0.002092599895960712 0.00253863159518825 0.0025012115012401723 0.0025688637697413195 0.0013228649083036304 0.009834006842409709 0.003939480466962777 0.00953537903310104
15.0 0.0015958015501929593 0.0013119859590517212 0.002656101703559325 0.001975857504841004 0.0016930169998834819 0.0012494856490787663 0.017345920019583693 0.0017549917001782405 0.0014869860070649992 0.0011568227018760014 0.016825895814051462 0.002616442028703625 0.0010961226020523161 0.0010530747025742772 0.0 0.0028959344368630876 0.002856581608256546 0.0776290040821766 0.004566712504349107 0.13353146652782014 0.0013791591147266386 0.0012515973067989726 0.002308416515768323 0.002753406168309805 0.0025541792866851038 0.002652129826762816 0.0015394794066036176 0.010036510187739012 0.0039041515348127677 0.009738815279798991
16.0 0.002261992315445496 0.0027863920937889197 0.004368759475699288 0.003741523424297093 0.0020292656831394406 0.0025687376132127434 0.01761338495802735 0.002745256103754528 0.002453585563207905 0.0030126843207391825 0.017097731138717185 0.004337461463049231 0.0029611096241286767 0.002680894739207758 0.0028959344368630876 0.0 0.0011966673235449701 0.0794402947014351 0.0063842369031341896 0.1353379470444416 0.003150630434083375 0.002754423939796698 0.0013672752271064706 0.0014759504361517178 0.00419322477558617 0.0042180822189370505 0.00223935771326991 0.01039393999032647 0.005741448995290354 0.0100957147503665
17.0 0.002223982912101644 0.0027471722001993263 0.0043294243625068545 0.0037020933110659825 0.0019918916814665416 0.0025298417978604176 0.01758614779876297 0.002705567569056037 0.0024145545677128825 0.0029732269559286976 0.017070299613704924 0.004298110078711809 0.002921660791521665 0.002641745680905965 0.002856581608256546 0.0011966673235449701 0.0 0.07940048833635147 0.0063444137884607265 0.13529789050640892 0.00311109748238772 0.0027152117939228666 0.0013492946994754364 0.001351540711168229 0.004154026883830224 0.00417899772012412 0.0022010492598295416 0.010362515603073849 0.0057017504907508005 0.010064025530357706
18.0 0.0781472640796688 0.07788656040095959 0.07841120046397951 0.0777432614659109 0.0782438411757981 0.0778171511656908 0.09382456060318872 0.07831543409308231 0.0780495504262402 0.07739476981431317 0.09330457270100856 0.07834379523971527 0.07739055760504415 0.07764988461719613 0.0776290040821766 0.0794402947014351 0.07940048833635147 0.0 0.0761959254977879 0.20195393558926153 0.07789159975428078 0.0778342729728874 0.07885464571241123 0.07929722781216778 0.07843355905878656 0.07863527238876548 0.0780956984356801 0.08651683880223004 0.07974881451873962 0.0862229097846178
19.0 0.005091557890227962 0.004826394770288934 0.005459224327151953 0.00474894230429617 0.005187962295668014 0.004760429644433785 0.02077691634333546 0.0052579642730220056 0.004992332501126046 0.00433348250513329 0.020256927012879313 0.005403685830358823 0.004328286207384398 0.0045904566612458364 0.004566712504349107 0.0063842369031341896 0.0063444137884607265 0.0761959254977879 0.0 0.13237634117311006 0.0048275500307622225 0.004774084118301668 0.005798609096233481 0.006241134372944145 0.005454651071547174 0.0056442712047708905 0.005039354158525948 0.013469021439412544 0.006661182494742425 0.013174662624642126
20.0 0.13404913573701663 0.13378435607072733 0.1343953577667247 0.13371142765876695 0.13414478956147077 0.13372072399248167 0.14973204147313832 0.13421479293835784 0.13394996915880394 0.13331042128631485 0.14921206396807737 0.13433364898090808 0.13330336698011733 0.13355365981110692 0.13353146652782014 0.1353379470444416 0.13529789050640892 0.20195393558926153 0.13237634117311006 0.0 0.13378234699864078 0.13373251510089218 0.13475313861781438 0.13519452973841428 0.1344012911508662 0.13459305398531288 0.1339968567064296 0.14242445175983456 0.13564040465562474 0.14213017170273778
21.0 0.0018566352922642045 0.0014609813371022691 0.0029442664605189685 0.0022648501571563536 0.0019508457179427511 0.0015425288143480485 0.01760741630960588 0.0019912442566651697 0.001730881322446261 0.0014901972698120548 0.017087403627794418 0.0029045344317322995 0.0014375804470069728 0.0014027983476512013 0.0013791591147266386 0.003150630434083375 0.00311109748238772 0.07789159975428078 0.0048275500307622225 0.13378234699864078 0.0 0.0014166644491634432 0.002563722814677935 0.0030078465355431474 0.00284229713770458 0.002940126663677215 0.001794833291953541 0.01029820389507853 0.004144231532478019 0.010000347814927129
22.0 0.001460076399452006 0.0008957299618849121 0.002826515930208317 0.0021684056291363307 0.0015513419699176314 0.0011909066767889433 0.01723643251107581 0.0015697704007952818 0.00130615295139453 0.0013964063134728282 0.0167164067294676 0.002790301570126614 0.0013425585186882688 0.0011317832224372808 0.0012515973067989726 0.002754423939796698 0.0027152117939228666 0.0778342729728874 0.004774084118301668 0.13373251510089218 0.0014166644491634432 0.0 0.0021662896229691056 0.0026120440955550903 0.002694033104337957 0.002760297416307886 0.0013884823174586268 0.00992661781850993 0.004113036864036347 0.009627335156870028
23.0 0.0016693210743814056 0.0021982765065498133 0.0037820365491759655 0.003154858234761975 0.0014335822290398557 0.001979480083595197 0.01708831474617367 0.002158599859110583 0.0018646200907930567 0.002425662204690249 0.016571201766988786 0.0037507522364065194 0.0023740369085706995 0.002092599895960712 0.002308416515768323 0.0013672752271064706 0.0013492946994754364 0.07885464571241123 0.005798609096233481 0.13475313861781438 0.002563722814677935 0.0021662896229691056 0.0 0.001293255895039501 0.003606386595493659 0.0036309931404419175 0.0016477217757247655 0.009838642535736209 0.005155307589077761 0.009538431976726016
24.0 0.0021213559732550214 0.0026439974099995473 0.004226491887637841 0.003599050552283842 0.0018896155277546528 0.0024268113170329343 0.01751486465237646 0.0026021010935265688 0.0023113379430570167 0.0028700498810065394 0.01699837477075742 0.004195159761425029 0.0028184811102151095 0.00253863159518825 0.002753406168309805 0.0014759504361517178 0.001351540711168229 0.07929722781216778 0.006241134372944145 0.13519452973841428 0.0030078465355431474 0.0026120440955550903 0.001293255895039501 0.0 0.004051244845262307 0.004076299467010566 0.002098051337458901 0.010278000214686773 0.005598494847514605 0.009978658450451698
25.0 0.0028880528890555396 0.002744916447523867 0.002048855896232382 0.002047594994407235 0.002989844053333861 0.0025879720968182097 0.018343956657013112 0.0031044741456115847 0.002831645979346882 0.0023675486112128726 0.017823978034917462 0.0021164080942713947 0.002364092080712911 0.0025012115012401723 0.0025541792866851038 0.00419322477558617 0.004154026883830224 0.07843355905878656 0.005454651071547174 0.1344012911508662 0.00284229713770458 0.002694033104337957 0.003606386595493659 0.004051244845262307 0.0 0.0015449142301683528 0.00285412717219189 0.011039236070340028 0.004997180060440324 0.010757184694596512
26.0 0.002908472951136847 0.002810235767530757 0.00245680203892278 0.0023533706484449197 0.0030128538211624195 0.0026194560735076236 0.018331263893518995 0.003142769320321712 0.0028676403123914437 0.002509297452509345 0.017811227981572614 0.002508796454231104 0.0024988019410485517 0.0025688637697413195 0.002652129826762816 0.0042180822189370505 0.00417899772012412 0.07863527238876548 0.0056442712047708905 0.13459305398531288 0.002940126663677215 0.002760297416307886 0.0036309931404419175 0.004076299467010566 0.0015449142301683528 0.0 0.0028812203037833963 0.011025823434257382 0.005157863133883135 0.010745551114903804
27.0 0.0010301756831361736 0.0014191378967169184 0.0030258874814843035 0.0023957938185649582 0.001042266652051237 0.0012133504128362925 0.01682088361976047 0.0013609485071087014 0.001053857668806549 0.0016603712257225731 0.016300925708821513 0.002994156956934684 0.0016083300515967027 0.0013228649083036304 0.0015394794066036176 0.00223935771326991 0.0022010492598295416 0.0780956984356801 0.005039354158525948 0.1339968567064296 0.001794833291953541 0.0013884823174586268 0.0016477217757247655 0.002098051337458901 0.00285412717219189 0.0028812203037833963 0.0 0.009511676265639571 0.004393121712088245 0.009208744184248715
28.0 0.009444797973092911 0.009961605951902411 0.011303657194605217 0.010742801941331337 0.009298622080051189 0.009734568851680026 0.009578435665222288 0.00998813703690869 0.009692301114369502 0.010122531510174315 0.008987901132511961 0.011282831385524958 0.01007587567448623 0.009834006842409709 0.010036510187739012 0.01039393999032647 0.010362515603073849 0.08651683880223004 0.013469021439412544 0.14242445175983456 0.01029820389507853 0.00992661781850993 0.009838642535736209 0.010278000214686773 0.011039236070340028 0.011025823434257382 0.009511676265639571 0.0 0.012844208384324086 0.0014385273894624764
29.0 0.004447108976887308 0.004164980922424322 0.005037491106414102 0.004319661197911985 0.0045434680719695026 0.00411386335599643 0.020152558887104193 0.004608333489037207 0.0043432243320238465 0.003717395621375079 0.019632559729123002 0.004990199976789732 0.00369772644750812 0.003939480466962777 0.0039041515348127677 0.005741448995290354 0.0057017504907508005 0.07974881451873962 0.006661182494742425 0.13564040465562474 0.004144231532478019 0.004113036864036347 0.005155307589077761 0.005598494847514605 0.004997180060440324 0.005157863133883135 0.004393121712088245 0.012844208384324086 0.0 0.012548807902016856
30.0 0.009140136488947178 0.009662223100748445 0.011016976293520303 0.010452625767125613 0.008993299569599836 0.009434763391729935 0.010158303553393918 0.00968672785722054 0.00939069730223678 0.009826546468345913 0.009576401085616679 0.010995600976703199 0.009779620535939101 0.00953537903310104 0.009738815279798991 0.0100957147503665 0.010064025530357706 0.0862229097846178 0.013174662624642126 0.14213017170273778 0.010000347814927129 0.009627335156870028 0.009538431976726016 0.009978658450451698 0.010757184694596512 0.010745551114903804 0.009208744184248715 0.0014385273894624764 0.012548807902016856 0.0
