0.0 1.0 2.0 3.0 4.0 5.0 6.0 7.0 8.0 9.0 10.0 11.0 12.0 13.0 14.0 15.0 16.0 17.0 18.0 19.0 20.0 21.0 22.0 23.0 24.0 25.0 26.0 27.0 28.0 29.0 30.0
1.0 0.0 0.001911779523683587 0.003582268024953019 0.00288306038238204 0.0010692698224743086 0.0012620898977317868 0.01625443613727057 0.0016315464758147962 0.0011936646036345207 0.0017975789091403266 0.015515576999626112 0.003930366256697864 0.0020778340344676056 0.0014546873189849303 0.001560857756886537 0.0022600627977496395 0.002392928977893851 0.01209350147925653 0.0032057404126615407 0.09146425534199884 0.0024724495484200163 0.0014355694832836313 0.0018206913629569745 0.0022272979666947404 0.003137977976120719 0.0030768395346108153 0.0010007379685595835 0.009235633806149668 0.0035909578015879563 0.008850932340229557
2.0 0.001911779523683587 0.0 0.003812116965454117 0.0030831652825754315 0.0021213965274155568 0.0016832243759710662 0.01724453204322753 0.0021275760574224626 0.0017330405191261823 0.0019290126154460855 0.016506060008687422 0.004154007628314379 0.0022064380136554845 0.0016691880102700297 0.0016655229850771319 0.003239169914375607 0.0033704723018352766 0.012230927014754336 0.003339894667882165 0.09159793546932718 0.0024712448621534125 0.001270348799429619 0.0028068142343103796 0.003203941493697418 0.0034377720628722425 0.0034522840048130613 0.0018506258558952304 0.010233135887100366 0.003707514711921607 0.00985445614838105
3.0 0.003582268024953019 0.003812116965454117 0.0 0.0025622869323419376 0.003806386535258159 0.0032930978257362997 0.018690762019470387 0.003925249532174435 0.0035184984010031327 0.0030074672630074507 0.017952398813326616 0.0019370566759675063 0.003352902847464317 0.003210253951964665 0.003122468900933468 0.004924678890164496 0.005055927915334916 0.012738161771143421 0.003913048249290644 0.09216568950424797 0.004062255748470198 0.003308939407179433 0.004493764035769661 0.004889749356813091 0.0027001934182970862 0.0032892053651333974 0.0035618326829333457 0.011684118094260489 0.004592792809374233 0.011318955005360043
4.0 0.00288306038238204 0.0030831652825754315 0.0025622869323419376 0.0 0.0031057894873547463 0.00258425528204224 0.0180386667695303 0.0032134861710281493 0.0028081086347366583 0.0022255539292565657 0.01730027373271055 0.002906887971048421 0.0025783972624553505 0.0024771225878802913 0.0023726920397833906 0.004223143014933643 0.00435431214991685 0.012008980503148275 0.0031692038495183903 0.09142850368493222 0.0033150884263987916 0.0025788147908090966 0.0037923185804898058 0.004188024100136534 0.002487785535070142 0.002951344744080775 0.002857974602188371 0.011030929638324069 0.0038187213343623874 0.0106629767660427
5.0 0.0010692698224743086 0.0021213965274155568 0.003806386535258159 0.0031057894873547463 0.0 0.0014973267095732036 0.016191903061774645 0.0017965200895266919 0.001358648518843482 0.00201728156807053 0.01545339657247607 0.004154180114778597 0.0022974462085353373 0.0016778213940822973 0.001779694851631625 0.002092172905641537 0.0022259561898795984 0.012312569682829597 0.0034246159963927597 0.09168293045677398 0.0026880354046560947 0.0016475324098528007 0.0016476136795475949 0.0020609133352260936 0.003365656203828191 0.0033098753629062557 0.001121444766457284 0.009178615345588281 0.0038095929965566225 0.008793484327264433
6.0 0.0012620898977317868 0.0016832243759710662 0.0032930978257362997 0.00258425528204224 0.0014973267095732036 0.0 0.01661768133451866 0.0016500366938108405 0.0012307670863979613 0.0014656906573134064 0.0158791305916376 0.003639356320537074 0.001744594543271861 0.0010609727733580869 0.0012298766684355608 0.0026286049922150064 0.002760338985840145 0.011781963631386304 0.002893590894873668 0.09115293239266781 0.0021742116588496113 0.0011868220965381504 0.0021944197227128327 0.0025940513865077737 0.0028698253061788396 0.0028276722304352896 0.0012492771825115593 0.009604980171839653 0.0032740993068467207 0.009225997013430161
7.0 0.01625443613727057 0.01724453204322753 0.018690762019470387 0.0180386667695303 0.016191903061774645 0.01661768133451866 0.0 0.016968271170823054 0.016535639757018654 0.017078348948198336 0.001802271165232924 0.019048184645195684 0.01736387312032955 0.016781315454640768 0.0168698834936013 0.017091770531169292 0.017235922762452238 0.027331630632905834 0.018448106165773637 0.10670614074443688 0.017782000509310145 0.016767344121960487 0.016730399236361784 0.017109776564854306 0.018149016752269605 0.018059572984439165 0.016341675293058588 0.00926669086718946 0.018855355579696226 0.00984735957844332
8.0 0.0016315464758147962 0.0021275760574224626 0.003925249532174435 0.0032134861710281493 0.0017965200895266919 0.0016500366938108405 0.016968271170823054 0.0 0.0011297344387418663 0.0020973533825947655 0.016229905338685964 0.004270744846825648 0.0023763734463768237 0.0017720337037461563 0.0018511044697915005 0.002888565684628542 0.003019044501525252 0.012397964916985093 0.003508854375541647 0.09176710917760486 0.002738170720074718 0.0016725598035118054 0.0024594963204146794 0.0028519650868875117 0.003510312919795028 0.003480364539710434 0.0014945859277748917 0.009958115996819668 0.003887670082666078 0.009577337963629093
9.0 0.0011936646036345207 0.0017330405191261823 0.0035184984010031327 0.0028081086347366583 0.001358648518843482 0.0012307670863979613 0.016535639757018654 0.0011297344387418663 0.0 0.001694376069463213 0.01579723400095301 0.003864296901584576 0.001973426098463572 0.001362838183329433 0.0014482325926080935 0.0024647043171258233 0.0025961299426620144 0.011996358518463826 0.0031074508072105036 0.09136589932174916 0.002342515262655888 0.0012739250746410984 0.002031576376608328 0.002429493778778922 0.0031001913798259714 0.0030665350383783626 0.0010484837280298974 0.00952478889192086 0.003486756069920928 0.0091437913980749
10.0 0.0017975789091403266 0.0019290126154460855 0.0030074672630074507 0.0022255539292565657 0.00201728156807053 0.0014656906573134064 0.017078348948198336 0.0020973533825947655 0.001694376069463213 0.0 0.016339895489537813 0.0033410467755694484 0.0011637119306300544 0.0012794327551058228 0.0011476202497763322 0.003134381043088727 0.0032654823469147045 0.011372289808136683 0.002481874389620468 0.09074852126944608 0.002141751414336005 0.0014200543698769299 0.002703189231951381 0.0030989704968252436 0.0027358156527331244 0.002868841250781678 0.0017605400482269824 0.01006798996642086 0.0028631096674650277 0.009692684636419665
11.0 0.015515576999626112 0.016506060008687422 0.017952398813326616 0.01730027373271055 0.01545339657247607 0.0158791305916376 0.001802271165232924 0.016229905338685964 0.01579723400095301 0.016339895489537813 0.0 0.018309816912772593 0.016625415754856848 0.0160428166168998 0.016131411770147493 0.016359777634035056 0.01650367715023248 0.026593214576579996 0.017709689099657956 0.10596772622027345 0.017043542473809473 0.01602886792965729 0.015996197066425702 0.016376506071088596 0.01741065407177388 0.01732110848784302 0.015603279658861378 0.008444063792820783 0.018116921387044772 0.009035944065392263
12.0 0.003930366256697864 0.004154007628314379 0.0019370566759675063 0.002906887971048421 0.004154180114778597 0.003639356320537074 0.019048184645195684 0.004270744846825648 0.003864296901584576 0.0033410467755694484 0.018309816912772593 0.0 0.003687156516952465 0.0035517572617919527 0.0034604456858966727 0.005272217345928183 0.0054034462669282 0.01304960255740923 0.004228690788824253 0.0924798059794979 0.004400017563742599 0.0036506174944184898 0.00484133846831101 0.0052372440377876734 0.003145505427907598 0.003710857540572067 0.003908975652241202 0.01204134676066737 0.004920006071918432 0.011675630629764547
13.0 0.0020778340344676056 0.0022064380136554845 0.003352902847464317 0.0025783972624553505 0.0022974462085353373 0.001744594543271861 0.01736387312032955 0.0023763734463768237 0.001973426098463572 0.0011637119306300544 0.016625415754856848 0.003687156516952465 0.0 0.0015551136244694984 0.0014164106086583628 0.0034147214681468116 0.003545832282443582 0.011710614332720103 0.0028193774634981883 0.09108502705285584 0.0024198161405405215 0.001697094194591883 0.0029834619707712513 0.003379316655572618 0.003070888078890722 0.0031911961689794653 0.0020402886542102198 0.010353396218016502 0.0031888438599512875 0.009977783928698395
14.0 0.0014546873189849303 0.0016691880102700297 0.003210253951964665 0.0024771225878802913 0.0016778213940822973 0.0010609727733580869 0.016781315454640768 0.0017720337037461563 0.001362838183329433 0.0012794327551058228 0.0160428166168998 0.0035517572617919527 0.0015551136244694984 0.0 0.001047269959944285 0.002800888491686634 0.0029323014291143933 0.011637371977897396 0.0027471533393706865 0.0910076272849831 0.002052706212090479 0.001158148403859458 0.002368156784503854 0.002765873514084324 0.0028417906230276575 0.0028623933542755295 0.0014203439352255764 0.00976969875618178 0.0031173291269312097 0.009391903306370878
15.0 0.001560857756886537 0.0016655229850771319 0.003122468900933468 0.0023726920397833906 0.001779694851631625 0.0012298766684355608 0.0168698834936013 0.0018511044697915005 0.0014482325926080935 0.0011476202497763322 0.016131411770147493 0.0034604456858966727 0.0014164106086583628 0.001047269959944285 0.0 0.0028981603408941704 0.003029349547261883 0.011497569253478342 0.00260554351503906 0.09086630891417061 0.0018982704697802486 0.001150970086291094 0.0024664474605991145 0.0028628327915875716 0.00279375217291096 0.0028597014160543256 0.0015200831297466667 0.009858880692044214 0.0029627164684939006 0.009481918012419028
16.0 0.0022600627977496395 0.003239169914375607 0.004924678890164496 0.004223143014933643 0.002092172905641537 0.0026286049922150064 0.017091770531169292 0.002888565684628542 0.0024647043171258233 0.003134381043088727 0.016359777634035056 0.005272217345928183 0.0034147214681468116 0.002800888491686634 0.0028981603408941704 0.0 0.0009877609325442656 0.013424598207981746 0.004536351796198565 0.0927938319470622 0.003802847982202083 0.0027661448498841647 0.0012915067724722008 0.0012954718660914029 0.004486731768311747 0.004434733389857731 0.0022404463177091347 0.010181964588055533 0.004923199636207808 0.009806232449872257
17.0 0.002392928977893851 0.0033704723018352766 0.005055927915334916 0.00435431214991685 0.0022259561898795984 0.002760338985840145 0.017235922762452238 0.003019044501525252 0.0025961299426620144 0.0032654823469147045 0.01650367715023248 0.0054034462669282 0.003545832282443582 0.0029323014291143933 0.003029349547261883 0.0009877609325442656 0.0 0.013555392934313026 0.004667126006362578 0.09292455180581977 0.0039338450714093785 0.00289745924314478 0.0014472043093498397 0.0013446390181013016 0.004618191298374811 0.004566381628267802 0.002372936038460095 0.010321979537974414 0.005054090921730528 0.009945938024445806
18.0 0.01209350147925653 0.012230927014754336 0.012738161771143421 0.012008980503148275 0.012312569682829597 0.011781963631386304 0.027331630632905834 0.012397964916985093 0.011996358518463826 0.011372289808136683 0.026593214576579996 0.01304960255740923 0.011710614332720103 0.011637371977897396 0.011497569253478342 0.013424598207981746 0.013555392934313026 0.0 0.010251635557109624 0.09778118723176027 0.012410322882803778 0.011725613770250365 0.0129949215367341 0.01338880541741395 0.012595565008539457 0.012841083593212118 0.012059218101546967 0.020322406058963408 0.012694678602414423 0.0199495143156656
19.0 0.0032057404126615407 0.003339894667882165 0.003913048249290644 0.0031692038495183903 0.0034246159963927597 0.002893590894873668 0.018448106165773637 0.003508854375541647 0.0031074508072105036 0.002481874389620468 0.017709689099657956 0.004228690788824253 0.0028193774634981883 0.0027471533393706865 0.00260554351503906 0.004536351796198565 0.004667126006362578 0.010251635557109624 0.0 0.08958531334620495 0.0035164426099181466 0.002834544334623947 0.004106738914701293 0.004500521966775014 0.0037538500882412385 0.003987940477292595 0.003170982656788907 0.011438813142875974 0.0037871958335973493 0.011065666827054241
20.0 0.09146425534199884 0.09159793546932718 0.09216568950424797 0.09142850368493222 0.09168293045677398 0.09115293239266781 0.10670614074443688 0.09176710917760486 0.09136589932174916 0.09074852126944608 0.10596772622027345 0.0924798059794979 0.09108502705285584 0.0910076272849831 0.09086630891417061 0.0927938319470622 0.09292455180581977 0.09778118723176027 0.08958531334620495 0.0 0.09177264319058225 0.09109277613316903 0.09236444943924761 0.09275792214121971 0.09200986699116218 0.09224478338902319 0.09142945462256635 0.0996968577042452 0.09206199640969114 0.09932372914397326
21.0 0.0024724495484200163 0.0024712448621534125 0.004062255748470198 0.0033150884263987916 0.0026880354046560947 0.0021742116588496113 0.017782000509310145 0.002738170720074718 0.002342515262655888 0.002141751414336005 0.017043542473809473 0.004400017563742599 0.0024198161405405215 0.002052706212090479 0.0018982704697802486 0.003802847982202083 0.0039338450714093785 0.012410322882803778 0.0035164426099181466 0.09177264319058225 0.0 0.001970812548655606 0.003371932489600168 0.003767229747538494 0.0037335114219895268 0.003798820961337308 0.002426344518052853 0.010771173243177255 0.0038685352894452553 0.010394038020104494
22.0 0.0014355694832836313 0.001270348799429619 0.003308939407179433 0.0025788147908090966 0.0016475324098528007 0.0011868220965381504 0.016767344121960487 0.0016725598035118054 0.0012739250746410984 0.0014200543698769299 0.01602886792965729 0.0036506174944184898 0.001697094194591883 0.001158148403859458 0.001150970086291094 0.0027661448498841647 0.00289745924314478 0.011725613770250365 0.002834544334623947 0.09109277613316903 0.001970812548655606 0.0 0.0023337545134963803 0.0027309433073889073 0.0029370962838414236 0.002954358638918614 0.001378978730709142 0.009755923487124507 0.003201621642757276 0.00937739309430906
23.0 0.0018206913629569745 0.0028068142343103796 0.004493764035769661 0.0037923185804898058 0.0016476136795475949 0.0021944197227128327 0.016730399236361784 0.0024594963204146794 0.002031576376608328 0.002703189231951381 0.015996197066425702 0.00484133846831101 0.0029834619707712513 0.002368156784503854 0.0024664474605991145 0.0012915067724722008 0.0014472043093498397 0.0129949215367341 0.004106738914701293 0.09236444943924761 0.003371932489600168 0.0023337545134963803 0.0 0.0013404265456880534 0.004055439087005265 0.004002806461626059 0.0018025635600977265 0.009785884938056759 0.0044929769922935035 0.00940748381549149
24.0 0.0022272979666947404 0.003203941493697418 0.004889749356813091 0.004188024100136534 0.0020609133352260936 0.0025940513865077737 0.017109776564854306 0.0028519650868875117 0.002429493778778922 0.0030989704968252436 0.016376506071088596 0.0052372440377876734 0.003379316655572618 0.002765873514084324 0.0028628327915875716 0.0012954718660914029 0.0013446390181013016 0.01338880541741395 0.004500521966775014 0.09275792214121971 0.003767229747538494 0.0027309433073889073 0.0013404265456880534 0.0 0.00445226093914236 0.0044005929485122445 0.0022067229201590904 0.010179769006903878 0.0048875055711301955 0.00980251450616068
25.0 0.003137977976120719 0.0034377720628722425 0.0027001934182970862 0.002487785535070142 0.003365656203828191 0.0028698253061788396 0.018149016752269605 0.003510312919795028 0.0031001913798259714 0.0027358156527331244 0.01741065407177388 0.003145505427907598 0.003070888078890722 0.0028417906230276575 0.00279375217291096 0.004486731768311747 0.004618191298374811 0.012595565008539457 0.0037538500882412385 0.09200986699116218 0.0037335114219895268 0.0029370962838414236 0.004055439087005265 0.00445226093914236 0.0 0.002000925631758096 0.0031283536908849586 0.011143706647681155 0.004367750491706509 0.010784295962039782
26.0 0.0030768395346108153 0.0034522840048130613 0.0032892053651333974 0.002951344744080775 0.0033098753629062557 0.0028276722304352896 0.018059572984439165 0.003480364539710434 0.0030665350383783626 0.002868841250781678 0.01732110848784302 0.003710857540572067 0.0031911961689794653 0.0028623933542755295 0.0028597014160543256 0.004434733389857731 0.004566381628267802 0.012841083593212118 0.003987940477292595 0.09224478338902319 0.003798820961337308 0.002954358638918614 0.004002806461626059 0.0044005929485122445 0.002000925631758096 0.0 0.0030787057566697275 0.011053111817034618 0.004544992159113264 0.010695447887772621
27.0 0.0010007379685595835 0.0018506258558952304 0.0035618326829333457 0.002857974602188371 0.001121444766457284 0.0012492771825115593 0.016341675293058588 0.0014945859277748917 0.0010484837280298974 0.0017605400482269824 0.015603279658861378 0.003908975652241202 0.0020402886542102198 0.0014203439352255764 0.0015200831297466667 0.0022404463177091347 0.002372936038460095 0.012059218101546967 0.003170982656788907 0.09142945462256635 0.002426344518052853 0.001378978730709142 0.0018025635600977265 0.0022067229201590904 0.0031283536908849586 0.0030787057566697275 0.0 0.009330643847497502 0.0035538929843123897 0.008948138796477876
28.0 0.009235633806149668 0.010233135887100366 0.011684118094260489 0.011030929638324069 0.009178615345588281 0.009604980171839653 0.00926669086718946 0.009958115996819668 0.00952478889192086 0.01006798996642086 0.008444063792820783 0.01204134676066737 0.010353396218016502 0.00976969875618178 0.009858880692044214 0.010181964588055533 0.010321979537974414 0.020322406058963408 0.011438813142875974 0.0996968577042452 0.010771173243177255 0.009755923487124507 0.009785884938056759 0.010179769006903878 0.011143706647681155 0.011053111817034618 0.009330643847497502 0.0 0.011845505987215678 0.0015749045111619984
29.0 0.0035909578015879563 0.003707514711921607 0.004592792809374233 0.0038187213343623874 0.0038095929965566225 0.0032740993068467207 0.018855355579696226 0.003887670082666078 0.003486756069920928 0.0028631096674650277 0.018116921387044772 0.004920006071918432 0.0031888438599512875 0.0031173291269312097 0.0029627164684939006 0.004923199636207808 0.005054090921730528 0.012694678602414423 0.0037871958335973493 0.09206199640969114 0.0038685352894452553 0.003201621642757276 0.0044929769922935035 0.0048875055711301955 0.004367750491706509 0.004544992159113264 0.0035538929843123897 0.011845505987215678 0.0 0.011471091058410246
30.0 0.008850932340229557 0.00985445614838105 0.011318955005360043 0.0106629767660427 0.008793484327264433 0.009225997013430161 0.00984735957844332 0.009577337963629093 0.0091437913980749 0.009692684636419665 0.009035944065392263 0.011675630629764547 0.009977783928698395 0.009391903306370878 0.009481918012419028 0.009806232449872257 0.009945938024445806 0.0199495143156656 0.011065666827054241 0.09932372914397326 0.010394038020104494 0.00937739309430906 0.00940748381549149 0.00980251450616068 0.010784295962039782 0.010695447887772621 0.008948138796477876 0.0015749045111619984 0.011471091058410246 0.0
