0.0 1.0 2.0 3.0 4.0 5.0 6.0 7.0 8.0 9.0 10.0 11.0 12.0 13.0 14.0 15.0 16.0 17.0 18.0 19.0 20.0 21.0 22.0 23.0 24.0 25.0 26.0 27.0 28.0 29.0 30.0
1.0 0.0 0.6164300788280982 0.7614329970434348 0.6518702569128616 0.42102428090766997 0.46424279998700785 0.7523969322949533 0.5695188670591992 0.4593021197050102 0.5790201056185804 0.5966998026718193 0.8061184457458398 0.6441460650274218 0.5223574359238251 0.5366074729118198 0.6244278233137041 0.671047756105204 1.1546068667947658 0.893263715767772 1.4759663756345869 0.733150211281851 0.5022313622303866 0.5475854794985724 0.6442958564816197 0.6382335901590424 0.5622075714540181 0.43100358320630583 0.5463175293403573 0.829863476118452 0.47340983454676533
2.0 0.6164300788280982 0.0 0.8513241692069211 0.7321677428022761 0.667197575512933 0.574269998334517 0.9665335020749262 0.6345332366400295 0.5531370044312272 0.6472751500850955 0.8130255749122584 0.8935533960293635 0.7082388365689467 0.5917526626524597 0.579588238915552 0.8265059173993389 0.8709951360669814 1.2224375052166494 0.9598182934894982 1.542626506833283 0.7502793608593948 0.434060215304095 0.7530260448206956 0.8394403395154277 0.7408223751043594 0.6805415308429442 0.623983460362678 0.7675543127664965 0.8859015983535834 0.7176866383898931
3.0 0.7614329970434348 0.8513241692069211 0.0 0.6144975396036865 0.8154402360220293 0.7056530172202051 1.0808542570494406 0.8518931010337573 0.7598678322413017 0.6505445502352578 0.9249609095939493 0.513636229134404 0.7314560594066215 0.7085002931799612 0.6889557617812183 0.9721885623764633 1.0179810796804232 1.126744324067898 0.8762586751404106 1.4556617441881372 0.9005258561065815 0.7274982537249061 0.901634178745174 0.9901338841264011 0.6232993692880078 0.7236670778040876 0.7930861773609733 0.8794909258043564 0.8894159687966596 0.8454330800963482
4.0 0.6518702569128616 0.7321677428022761 0.6144975396036865 0.0 0.7060693385361237 0.5916306412819081 0.9773234571269414 0.7358964772180036 0.645006308826295 0.5033716340870762 0.8217510147668656 0.6533219989924498 0.589495051202896 0.5873499873814026 0.56097135571608 0.8633587906081922 0.9089302669640378 1.0350480469584957 0.7782256908046404 1.3616414439441311 0.7754532320472313 0.6076457002797858 0.7923444266586244 0.8804589584920672 0.5503307849838588 0.6183324804748057 0.6811230434768728 0.776092065226804 0.760598043592861 0.739145698318385
5.0 0.42102428090766997 0.667197575512933 0.8154402360220293 0.7060693385361237 0.0 0.5283361458313662 0.755253878004932 0.609668067596047 0.5041479694656288 0.6336381314308686 0.6029210643155847 0.8600631933355195 0.6987034958238951 0.580421971329354 0.5910315202524237 0.6062241485315712 0.6532775782897429 1.207480103199918 0.9460471983772768 1.5287112144967716 0.7842414130548153 0.5545262931150791 0.5228438196274154 0.6267708524903253 0.6930577359721328 0.6219850383501947 0.4709338790899117 0.5566592588084067 0.8821516467197157 0.4806395751470657
6.0 0.46424279998700785 0.574269998334517 0.7056530172202051 0.5916306412819081 0.5283361458313662 0.0 0.819234419093833 0.5695720361365663 0.4656654257609055 0.5113043263841199 0.6638340982487414 0.7497766973841958 0.5753081604905022 0.4218304189750086 0.4647162841004884 0.6962693845271736 0.7419039872911817 1.0966645063326677 0.8353188236946233 1.4182302270702796 0.677333021957765 0.4511659720714333 0.6230933690529545 0.7132558420495052 0.5837285797455487 0.48859143850471864 0.49561280801052965 0.6165532138719516 0.7712150305800551 0.5690585898390547
7.0 0.7523969322949533 0.9665335020749262 1.0808542570494406 0.9773234571269414 0.755253878004932 0.819234419093833 0.0 0.9189100065373691 0.818058550520318 0.9117275806940877 0.5683086279850287 1.1267433191565916 0.9784933902630406 0.8675328614133478 0.8777620233017458 0.8173680105404945 0.8717604115265143 1.4833110356506947 1.2224412522447108 1.8050311893214197 1.07445549788476 0.8519063321057493 0.7827099887436415 0.8716434443467274 0.9538790257116612 0.8913655127835122 0.8056948138430823 0.6597531058079198 1.1628849287572323 0.7180235900493409
8.0 0.5695188670591992 0.6345332366400295 0.8518931010337573 0.7358964772180036 0.609668067596047 0.5695720361365663 0.9189100065373691 0.0 0.4567830690652783 0.6560196742595159 0.7669242084083661 0.8947468936387183 0.7186016767434156 0.6035915223861986 0.6005178606901949 0.7638248189633733 0.8074842547876266 1.2274934262261359 0.9650853046678266 1.5477468120137792 0.7760687188808794 0.5354843565981727 0.689432649735797 0.7737035176744367 0.7382247270447968 0.6743154442220326 0.5592468867992769 0.7225948049867756 0.8939163230112197 0.6692200987565468
9.0 0.4593021197050102 0.5531370044312272 0.7598678322413017 0.645006308826295 0.5041479694656288 0.4656654257609055 0.818058550520318 0.4567830690652783 0.0 0.5657359203247294 0.665391532137426 0.8031685202870048 0.6287283631610365 0.5072921522726531 0.5116159533773648 0.6690377490796787 0.7134729573654406 1.1403625604258252 0.8782756362368761 1.4609990384694511 0.6963701135812378 0.4491112330774264 0.5933908009340645 0.6814597895801626 0.6437330347169545 0.5750434459077273 0.44051393938823946 0.6201711517439876 0.8091854652283685 0.5650109077603503
10.0 0.5790201056185804 0.6472751500850955 0.6505445502352578 0.5033716340870762 0.6336381314308686 0.5113043263841199 0.9117275806940877 0.6560196742595159 0.5657359203247294 0.0 0.7565341161406993 0.690655447920023 0.4203587071140156 0.49282988603724454 0.45703030664847843 0.7919077801369535 0.8372529231169197 1.026149272884494 0.7648513033556047 1.3491166225084885 0.6861463400904958 0.5212469475411171 0.7203176970735978 0.8081269041666246 0.5548624806153144 0.5554236642597395 0.6053613248894075 0.7106980720720275 0.7034632343327407 0.670381227191481
11.0 0.5966998026718193 0.8130255749122584 0.9249609095939493 0.8217510147668656 0.6029210643155847 0.6638340982487414 0.5683086279850287 0.7669242084083661 0.665391532137426 0.7565341161406993 0.0 0.9709375032476047 0.8234213066123444 0.71249627422492 0.7231549519835061 0.6938726491651549 0.7468146913372458 1.3282412904313141 1.067420788594482 1.6500122982283727 0.9205226757922925 0.6981338608474817 0.6477119111524436 0.7405137428836206 0.7975173779831104 0.7347616963879843 0.6530890347364348 0.46265068322286473 1.0082127044765916 0.5520842966187297
12.0 0.8061184457458398 0.8935533960293635 0.513636229134404 0.6533219989924498 0.8600631933355195 0.7497766973841958 1.1267433191565916 0.8947468936387183 0.8031685202870048 0.690655447920023 0.9709375032476047 0.0 0.7714636445157019 0.7513638746197336 0.7299118619540617 1.0168100669410536 1.0625433309112613 1.1509195995964274 0.9020304417590465 1.4805964384615142 0.9408325233162783 0.7696475570366129 0.9461653806500274 1.0345340508058352 0.6771539698642044 0.7703192132994984 0.8371389756563431 0.92545108122648 0.9241758381357277 0.8907746280182848
13.0 0.6441460650274218 0.7082388365689467 0.7314560594066215 0.589495051202896 0.6987034958238951 0.5753081604905022 0.9784933902630406 0.7186016767434156 0.6287283631610365 0.4203587071140156 0.8234213066123444 0.7714636445157019 0.0 0.5534254424201274 0.5103737396088046 0.8570692066560818 0.9023441937773649 1.1011640784929082 0.839316798832659 1.4235431600131567 0.7444389687440082 0.58176360639713 0.7853449688496246 0.8730222594443269 0.6355073668957567 0.6261315327796134 0.6695280223733474 0.77758275979507 0.7712095899788618 0.7364470479498445
14.0 0.5223574359238251 0.5917526626524597 0.7085002931799612 0.5873499873814026 0.580421971329354 0.4218304189750086 0.8675328614133478 0.6035915223861986 0.5072921522726531 0.49282988603724454 0.71249627422492 0.7513638746197336 0.5534254424201274 0.0 0.4347335869597987 0.7431937475128733 0.7885386519294217 1.0910912344705734 0.8293871439974619 1.4125654426085872 0.670004634428388 0.4632615239641359 0.6705935536790981 0.7592562815529744 0.5936763658885484 0.5197019404135165 0.5474853799493961 0.6660541481533424 0.7617685154501739 0.621100738614521
15.0 0.5366074729118198 0.579588238915552 0.6889557617812183 0.56097135571608 0.5910315202524237 0.4647162841004884 0.8777620233017458 0.6005178606901949 0.5116159533773648 0.45703030664847843 0.7231549519835061 0.7299118619540617 0.5103737396088046 0.4347335869597987 0.0 0.7501845488201445 0.795212650454715 1.0545342174068761 0.7918619607309413 1.3753102779499866 0.6098279568463613 0.44926982764973367 0.6778642646695727 0.7651823294031506 0.5858023718283047 0.5442146794647708 0.5578279333967505 0.6772906048096357 0.714262179425261 0.6328486865669433
16.0 0.6244278233137041 0.8265059173993389 0.9721885623764633 0.8633587906081922 0.6062241485315712 0.6962693845271736 0.8173680105404945 0.7638248189633733 0.6690377490796787 0.7919077801369535 0.6938726491651549 1.0168100669410536 0.8570692066560818 0.7431937475128733 0.7501845488201445 0.0 0.40527884615475007 1.3634856968940439 1.1019788381541469 1.6845868257890093 0.9400362583000018 0.7145670358584938 0.48284485980612946 0.49567811245251914 0.8503644566948754 0.7841339427099826 0.6555268062280896 0.6783895990476105 1.037830536708637 0.6466000956153038
17.0 0.671047756105204 0.8709951360669814 1.0179810796804232 0.9089302669640378 0.6532775782897429 0.7419039872911817 0.8717604115265143 0.8074842547876266 0.7134729573654406 0.8372529231169197 0.7468146913372458 1.0625433309112613 0.9023441937773649 0.7885386519294217 0.795212650454715 0.40527884615475007 0.0 1.4087208787473011 1.1471806621383362 1.7297867333967523 0.9845890119416288 0.7592049973573075 0.5328926536587291 0.5042411759058649 0.8964257394926527 0.8302496253583306 0.7007621376140521 0.7297301556132074 1.0828061691998894 0.6962524021890671
18.0 1.1546068667947658 1.2224375052166494 1.126744324067898 1.0350480469584957 1.207480103199918 1.0966645063326677 1.4833110356506947 1.2274934262261359 1.1403625604258252 1.026149272884494 1.3282412904313141 1.1509195995964274 1.1011640784929082 1.0910912344705734 1.0545342174068761 1.3634856968940439 1.4087208787473011 0.0 0.8405912618897954 1.3949502078183633 1.2527906431079163 1.0984607093444603 1.2922481930827934 1.3793750520111583 1.100614326587476 1.1386173540307727 1.180433846012003 1.2827721333202382 1.1771815650989292 1.243666613355967
19.0 0.893263715767772 0.9598182934894982 0.8762586751404106 0.7782256908046404 0.9460471983772768 0.8353188236946233 1.2224412522447108 0.9650853046678266 0.8782756362368761 0.7648513033556047 1.067420788594482 0.9020304417590465 0.839316798832659 0.8293871439974619 0.7918619607309413 1.1019788381541469 1.1471806621383362 0.8405912618897954 0.0 1.1984231916268857 0.9890096311971576 0.8358576566620818 1.030707206367638 1.1177462326208116 0.8441524866456234 0.8786947514136515 0.9187474694534982 1.0219578964324112 0.908606813143418 0.9825813673738527
20.0 1.4759663756345869 1.542626506833283 1.4556617441881372 1.3616414439441311 1.5287112144967716 1.4182302270702796 1.8050311893214197 1.5477468120137792 1.4609990384694511 1.3491166225084885 1.6500122982283727 1.4805964384615142 1.4235431600131567 1.4125654426085872 1.3753102779499866 1.6845868257890093 1.7297867333967523 1.3949502078183633 1.1984231916268857 0.0 1.5719089447750672 1.418723437765475 1.613325593970585 1.7003491944791842 1.426234609237255 1.4614847565778035 1.5014548414071256 1.6045582332508832 1.4944517252996163 1.5652196382169121
21.0 0.733150211281851 0.7502793608593948 0.9005258561065815 0.7754532320472313 0.7842414130548153 0.677333021957765 1.07445549788476 0.7760687188808794 0.6963701135812378 0.6861463400904958 0.9205226757922925 0.9408325233162783 0.7444389687440082 0.670004634428388 0.6098279568463613 0.9400362583000018 0.9845890119416288 1.2527906431079163 0.9890096311971576 1.5719089447750672 0.0 0.6239588537320894 0.8677127410307459 0.9533705734260092 0.8007413636356324 0.7617774623902497 0.7493783089343239 0.8751594840200709 0.9034674137246077 0.8292603466324685
22.0 0.5022313622303866 0.434060215304095 0.7274982537249061 0.6076457002797858 0.5545262931150791 0.4511659720714333 0.8519063321057493 0.5354843565981727 0.4491112330774264 0.5212469475411171 0.6981338608474817 0.7696475570366129 0.58176360639713 0.4632615239641359 0.44926982764973367 0.7145670358584938 0.7592049973573075 1.0984607093444603 0.8358576566620818 1.418723437765475 0.6239588537320894 0.0 0.6412365061916232 0.7280454541223038 0.6173922610936555 0.5575223610587244 0.5130081676891777 0.65248325382225 0.7617129108864285 0.6033640868745381
23.0 0.5475854794985724 0.7530260448206956 0.901634178745174 0.7923444266586244 0.5228438196274154 0.6230933690529545 0.7827099887436415 0.689432649735797 0.5933908009340645 0.7203176970735978 0.6477119111524436 0.9461653806500274 0.7853449688496246 0.6705935536790981 0.6778642646695727 0.48284485980612946 0.5328926536587291 1.2922481930827934 1.030707206367638 1.613325593970585 0.8677127410307459 0.6412365061916232 0.0 0.509611954805675 0.7801039565781371 0.7129559560906095 0.5766832228354052 0.621351750472561 0.9662638109750119 0.5776918119099431
24.0 0.6442958564816197 0.8394403395154277 0.9901338841264011 0.8804589584920672 0.6267708524903253 0.7132558420495052 0.8716434443467274 0.7737035176744367 0.6814597895801626 0.8081269041666246 0.7405137428836206 1.0345340508058352 0.8730222594443269 0.7592562815529744 0.7651823294031506 0.49567811245251914 0.5042411759058649 1.3793750520111583 1.1177462326208116 1.7003491944791842 0.9533705734260092 0.7280454541223038 0.509611954805675 0.0 0.8692944782130512 0.803106942233269 0.6703136341015622 0.7174495724865253 1.0527611840858824 0.6778674023978571
25.0 0.6382335901590424 0.7408223751043594 0.6232993692880078 0.5503307849838588 0.6930577359721328 0.5837285797455487 0.9538790257116612 0.7382247270447968 0.6437330347169545 0.5548624806153144 0.7975173779831104 0.6771539698642044 0.6355073668957567 0.5936763658885484 0.5858023718283047 0.8503644566948754 0.8964257394926527 1.100614326587476 0.8441524866456234 1.426234609237255 0.8007413636356324 0.6173922610936555 0.7801039565781371 0.8692944782130512 0.0 0.5832912952247057 0.6731440655890523 0.7518562212962971 0.8195098730110508 0.7199794550675241
26.0 0.5622075714540181 0.6805415308429442 0.7236670778040876 0.6183324804748057 0.6219850383501947 0.48859143850471864 0.8913655127835122 0.6743154442220326 0.5750434459077273 0.5554236642597395 0.7347616963879843 0.7703192132994984 0.6261315327796134 0.5197019404135165 0.5442146794647708 0.7841339427099826 0.8302496253583306 1.1386173540307727 0.8786947514136515 1.4614847565778035 0.7617774623902497 0.5575223610587244 0.7129559560906095 0.803106942233269 0.5832912952247057 0.0 0.6004622337385223 0.6877266337328416 0.8262389496438389 0.6509796340364326
27.0 0.43100358320630583 0.623983460362678 0.7930861773609733 0.6811230434768728 0.4709338790899117 0.49561280801052965 0.8056948138430823 0.5592468867992769 0.44051393938823946 0.6053613248894075 0.6530890347364348 0.8371389756563431 0.6695280223733474 0.5474853799493961 0.5578279333967505 0.6555268062280896 0.7007621376140521 1.180433846012003 0.9187474694534982 1.5014548414071256 0.7493783089343239 0.5130081676891777 0.5766832228354052 0.6703136341015622 0.6731440655890523 0.6004622337385223 0.0 0.6072911261784217 0.8527777927976425 0.545536423450324
28.0 0.5463175293403573 0.7675543127664965 0.8794909258043564 0.776092065226804 0.5566592588084067 0.6165532138719516 0.6597531058079198 0.7225948049867756 0.6201711517439876 0.7106980720720275 0.46265068322286473 0.92545108122648 0.77758275979507 0.6660541481533424 0.6772906048096357 0.6783895990476105 0.7297301556132074 1.2827721333202382 1.0219578964324112 1.6045582332508832 0.8751594840200709 0.65248325382225 0.621351750472561 0.7174495724865253 0.7518562212962971 0.6877266337328416 0.6072911261784217 0.0 0.962768169234216 0.48243632278746384
29.0 0.829863476118452 0.8859015983535834 0.8894159687966596 0.760598043592861 0.8821516467197157 0.7712150305800551 1.1628849287572323 0.8939163230112197 0.8091854652283685 0.7034632343327407 1.0082127044765916 0.9241758381357277 0.7712095899788618 0.7617685154501739 0.714262179425261 1.037830536708637 1.0828061691998894 1.1771815650989292 0.908606813143418 1.4944517252996163 0.9034674137246077 0.7617129108864285 0.9662638109750119 1.0527611840858824 0.8195098730110508 0.8262389496438389 0.8527777927976425 0.962768169234216 0.0 0.9213038699507291
30.0 0.47340983454676533 0.7176866383898931 0.8454330800963482 0.739145698318385 0.4806395751470657 0.5690585898390547 0.7180235900493409 0.6692200987565468 0.5650109077603503 0.670381227191481 0.5520842966187297 0.8907746280182848 0.7364470479498445 0.621100738614521 0.6328486865669433 0.6466000956153038 0.6962524021890671 1.243666613355967 0.9825813673738527 1.5652196382169121 0.8292603466324685 0.6033640868745381 0.5776918119099431 0.6778674023978571 0.7199794550675241 0.6509796340364326 0.545536423450324 0.48243632278746384 0.9213038699507291 0.0
