0.0 1.0 2.0 3.0 4.0 5.0 6.0 7.0 8.0 9.0 10.0 11.0 12.0 13.0 14.0 15.0 16.0 17.0 18.0 19.0 20.0 21.0 22.0 23.0 24.0 25.0 26.0 27.0 28.0 29.0 30.0
1.0 0.0 0.001522423252831587 0.0036839631267707386 0.0032255992259220684 0.0009761454923239105 0.0012118378100322415 0.031526626247247634 0.0015615621451142096 0.0011691987940814 0.0018456534744337209 0.030957296547745903 0.003751168106596555 0.0019799224573880778 0.0014797688573815414 0.0016397169306416595 0.0020967240030883363 0.002186766596194103 0.10554904271982414 0.006882207178821343 0.24878990474969973 0.0027281618939560158 0.0014920062118814468 0.0016794309562670434 0.0020450260619812623 0.003747495538084353 0.00387532395350897 0.0009756883126753322 0.017419228831844373 0.003362649720802531 0.017092979720250815
2.0 0.001522423252831587 0.0 0.00355002862996534 0.0030659121996439165 0.0016589094487593906 0.0012899748922275388 0.03213241509217254 0.0017242807957673616 0.0013695947281441685 0.001626731464447549 0.03156322620377741 0.0036134143446571007 0.0017590985218107393 0.0013628633230935772 0.0013961791846822651 0.002723470765591096 0.0028128532809473523 0.10533130650470203 0.0066553781536818485 0.24856364420780316 0.0023684014799215105 0.0009650791276440212 0.0023090063141009147 0.0026708069170093864 0.0036523010919753806 0.003814747791138788 0.0014555802791596402 0.018030771651751903 0.003117527757931081 0.017707465514140704
3.0 0.0036839631267707386 0.00355002862996534 0.0 0.0020502043095947595 0.0038326498744269437 0.00337890986391399 0.03390460465467383 0.003995823509742098 0.003629601923832545 0.0030449555795790803 0.03333552258482636 0.0012122923374021104 0.0032587687658213386 0.0033588800630303954 0.0032870170950477272 0.004898803951075446 0.00498817415546313 0.10590898743674167 0.00752670286428864 0.24936056097829704 0.004420518702452175 0.003499256658489141 0.004485214410153423 0.004846379348514661 0.0021052279355566333 0.002639706684656957 0.003652951646183903 0.019808186126690795 0.004373877012617253 0.019496105037468323
4.0 0.0032255992259220684 0.0030659121996439165 0.0020502043095947595 0.0 0.003373324269800665 0.002912885461614558 0.03352831249026745 0.0035276063218059785 0.003162376828924395 0.002509319613409857 0.03295920688398607 0.0021088644185204403 0.002729316711164459 0.002871793915659018 0.0027826254654041557 0.004439061788791422 0.004528391177714182 0.1054736706759085 0.0070148035746389874 0.24888281602395781 0.003918417434868105 0.003014427557878502 0.004025450994765376 0.004386533114439151 0.00241359573987158 0.0028698792570950884 0.003190836014395442 0.01943075610308096 0.0038385636990731515 0.019116337561590636
5.0 0.0009761454923239105 0.0016589094487593906 0.0038326498744269437 0.003373324269800665 0.0 0.0013701940622909924 0.03141913006723913 0.0016595959418934823 0.0012665285285447133 0.0019911964997542646 0.0308499138451257 0.0038997103852419176 0.0021254062831270334 0.0016284870463819305 0.0017844304211935011 0.0019008064709749957 0.0019912217117124633 0.1056942381755062 0.00702704436564037 0.24893446062734123 0.0028701534228758527 0.0016301380621894124 0.00148140421923721 0.0018497474179161146 0.003897680717110429 0.004027373167252312 0.0010325830174683999 0.0173163041685334 0.003507116663118981 0.016989728521876444
6.0 0.0012118378100322415 0.0012899748922275388 0.00337890986391399 0.002912885461614558 0.0013701940622909924 0.0 0.03184808239677559 0.0015698586386144117 0.0011937805884558457 0.0015054807337085893 0.031278864834589776 0.0034450333387739374 0.0016389271631716044 0.00108086661913138 0.0013044252355623497 0.0024440560496953615 0.0025336230671576206 0.10522637529807256 0.006557742640694742 0.24846748698257512 0.0024257894325968076 0.001243705978058916 0.002028861670459931 0.002391652392316131 0.0034535484542077893 0.003589755542961152 0.0011912545841275747 0.01774530112732512 0.0030369100054172555 0.017421695917603303
7.0 0.031526626247247634 0.03213241509217254 0.03390460465467383 0.03352831249026745 0.03141913006723913 0.03184808239677559 0.0 0.03218486616637395 0.03179618652473277 0.03237979832410949 0.0015639290270266192 0.033983679693534385 0.03252178063522763 0.03208193775931814 0.03221706853747803 0.03226974773702421 0.03236949475463647 0.13600526502763988 0.037363455253577656 0.2792639734909709 0.03330816995925836 0.03210103051696687 0.031920618686878566 0.03225965249379424 0.033851078451702654 0.03393527210255209 0.03160072974699562 0.017610634304158573 0.03387811867336409 0.01820430762090174
8.0 0.0015615621451142096 0.0017242807957673616 0.003995823509742098 0.0035276063218059785 0.0016595959418934823 0.0015698586386144117 0.03218486616637395 0.0 0.001102030181553143 0.002122892108294047 0.031615713171997795 0.0040615753492735055 0.0022563462755474484 0.0017765732808905522 0.0019087440197292 0.0027061905479587997 0.0027952097074390877 0.10582990885024794 0.0071597680967671 0.24906760774368816 0.002975288153935148 0.0017091468630319958 0.002293045141780302 0.0026529724859526297 0.004074100872471738 0.004214844867431726 0.001420472954016494 0.01808434108275725 0.0036347093362835833 0.01775984042928608
9.0 0.0011691987940814 0.0013695947281441685 0.003629601923832545 0.003162376828924395 0.0012665285285447133 0.0011937805884558457 0.03179618652473277 0.001102030181553143 0.0 0.001759586964878855 0.03122701970273115 0.003695504755803706 0.0018930673080261588 0.001408326825321864 0.0015457826315787033 0.002318726054658945 0.0024081589580547762 0.1054674775442739 0.006797737465762982 0.24870586987570562 0.002617648536685375 0.001351546234627162 0.0019040149779313898 0.0022660488344556787 0.0037063671366178857 0.0038457422545972405 0.0010218057491214085 0.017695185819771933 0.0032732906702219447 0.01737059098683341
10.0 0.0018456534744337209 0.001626731464447549 0.0030449555795790803 0.002509319613409857 0.0019911964997542646 0.0015054807337085893 0.03237979832410949 0.002122892108294047 0.001759586964878855 0.0 0.03181061867987328 0.003101740366056017 0.0010296937206429272 0.0013937674933776878 0.0012749950717265463 0.00305680398714584 0.0031460841811798896 0.10478358364370154 0.006106272095002294 0.2480349740373156 0.0024586843663783114 0.001571924526179475 0.002642888953781617 0.0030040684295082306 0.003218231074718799 0.0034472997012092517 0.0018010292601672916 0.018279086281386886 0.0026203567165622686 0.01795809419010128
11.0 0.030957296547745903 0.03156322620377741 0.03333552258482636 0.03295920688398607 0.0308499138451257 0.031278864834589776 0.0015639290270266192 0.031615713171997795 0.03122701970273115 0.03181061867987328 0.0 0.03341459435638964 0.031952607919721876 0.03151274085635632 0.0316478849366965 0.03170294889155203 0.031802600441113424 0.13543612392062415 0.036794306972858376 0.2786948320848296 0.0327389901035789 0.03153184055686367 0.03135303060023634 0.031692404837252594 0.033282017721003886 0.03336618839562651 0.031031566946652517 0.016971785872293955 0.03330895878246953 0.01757021772314028
12.0 0.003751168106596555 0.0036134143446571007 0.0012122923374021104 0.0021088644185204403 0.0038997103852419176 0.0034450333387739374 0.033983679693534385 0.0040615753492735055 0.003695504755803706 0.003101740366056017 0.03341459435638964 0.0 0.0033161634160897217 0.0034219969996417293 0.003347557480664597 0.004965792203295712 0.005055155763708687 0.10593347049537254 0.00756950264359149 0.24939601589860447 0.0044811245506026975 0.0035625474161530774 0.004552202403202064 0.004913351586935328 0.0022832985106745265 0.0028071756846363423 0.003719606486031174 0.019887100655269628 0.004426918590974981 0.019574681606350553
13.0 0.0019799224573880778 0.0017590985218107393 0.0032587687658213386 0.002729316711164459 0.0021254062831270334 0.0016389271631716044 0.03252178063522763 0.0022563462755474484 0.0018930673080261588 0.0010296937206429272 0.031952607919721876 0.0033161634160897217 0.0 0.001524969160503631 0.0013995894020353999 0.003191092337380674 0.0032803767582548237 0.10498593632139953 0.006306354484212701 0.24823313700445562 0.0025916314186795906 0.001704011387038187 0.0027771451554175716 0.003138357514853375 0.0034246850388630883 0.0036466315525971577 0.0019349596185961593 0.018420951142585212 0.0028042042988478642 0.018099740736456486
14.0 0.0014797688573815414 0.0013628633230935772 0.0033588800630303954 0.002871793915659018 0.0016284870463819305 0.00108086661913138 0.03208193775931814 0.0017765732808905522 0.001408326825321864 0.0013937674933776878 0.03151274085635632 0.0034219969996417293 0.001524969160503631 0.0 0.0012025409422299505 0.0026974861383270614 0.00278692011102841 0.10515285518120428 0.006478757726519615 0.24839200235309453 0.0023874748578165015 0.0013054358658246255 0.0022828540421755074 0.002644914482786799 0.0034645205347770425 0.003629745423856401 0.001439483003949866 0.017980015035509854 0.0029536247838303047 0.017657175976716736
15.0 0.0016397169306416595 0.0013961791846822651 0.0032870170950477272 0.0027826254654041557 0.0017844304211935011 0.0013044252355623497 0.03221706853747803 0.0019087440197292 0.0015457826315787033 0.0012749950717265463 0.0316478849366965 0.003347557480664597 0.0013995894020353999 0.0012025409422299505 0.0 0.002850591317971934 0.0029399148824359755 0.1050254621425654 0.006345261407998763 0.24826032096710823 0.002244526853626195 0.001336362740643619 0.002436422030023593 0.0027978845864198108 0.0034188026271272124 0.0036085425445118086 0.0015919600495499198 0.018115710707530874 0.0028075828038810974 0.017793486519567105
16.0 0.0020967240030883363 0.002723470765591096 0.004898803951075446 0.004439061788791422 0.0019008064709749957 0.0024440560496953615 0.03226974773702421 0.0027061905479587997 0.002318726054658945 0.00305680398714584 0.03170294889155203 0.004965792203295712 0.003191092337380674 0.0026974861383270614 0.002850591317971934 0.0 0.0009683987200360517 0.10675710339393403 0.00808962810188159 0.24999568925226404 0.003934278760717796 0.002695282771527658 0.0012013044763686826 0.0012141408502631254 0.004964550613336954 0.005095175860701686 0.0020854400989163448 0.018259691699113616 0.00457039128406697 0.01793691487999802
17.0 0.002186766596194103 0.0028128532809473523 0.00498817415546313 0.004528391177714182 0.0019912217117124633 0.0025336230671576206 0.03236949475463647 0.0027952097074390877 0.0024081589580547762 0.0031460841811798896 0.031802600441113424 0.005055155763708687 0.0032803767582548237 0.00278692011102841 0.0029399148824359755 0.0009683987200360517 0.0 0.10684621671324822 0.008178718931195901 0.25008468838415765 0.0040235126987813235 0.002784670268069103 0.0013097719923295037 0.001224646440139858 0.005053983318759574 0.005184652953967755 0.0021752917409962116 0.018355658929959384 0.004659529121214971 0.018032752039668695
18.0 0.10554904271982414 0.10533130650470203 0.10590898743674167 0.1054736706759085 0.1056942381755062 0.10522637529807256 0.13600526502763988 0.10582990885024794 0.1054674775442739 0.10478358364370154 0.13543612392062415 0.10593347049537254 0.10498593632139953 0.10515285518120428 0.1050254621425654 0.10675710339393403 0.10684621671324822 0.0 0.10339565515862484 0.3390576472090907 0.10612886712405954 0.1052797111915175 0.10634397665641504 0.1067041994717564 0.106202248042694 0.10650748741682475 0.10550658477368631 0.12190604802431326 0.10568527497085681 0.12158723249523812
19.0 0.006882207178821343 0.0066553781536818485 0.00752670286428864 0.0070148035746389874 0.00702704436564037 0.006557742640694742 0.037363455253577656 0.0071597680967671 0.006797737465762982 0.006106272095002294 0.036794306972858376 0.00756950264359149 0.006306354484212701 0.006478757726519615 0.006345261407998763 0.00808962810188159 0.008178718931195901 0.10339565515862484 0.0 0.24668154110533327 0.007444701002848012 0.006603717123561821 0.0076765318046601375 0.008036677943293177 0.007770051792312242 0.008050995645551607 0.006838533814610474 0.023263751504673295 0.006939539168043692 0.022944226026730557
20.0 0.24878990474969973 0.24856364420780316 0.24936056097829704 0.24888281602395781 0.24893446062734123 0.24846748698257512 0.2792639734909709 0.24906760774368816 0.24870586987570562 0.2480349740373156 0.2786948320848296 0.24939601589860447 0.24823313700445562 0.24839200235309453 0.24826032096710823 0.24999568925226404 0.25008468838415765 0.3390576472090907 0.24668154110533327 0.0 0.24935048780612223 0.2485123926164397 0.2495829523048746 0.24994262479560475 0.24962038269876446 0.24990742231237117 0.24874638952976338 0.26516472745330494 0.2488862013220085 0.26484538716521344
21.0 0.0027281618939560158 0.0023684014799215105 0.004420518702452175 0.003918417434868105 0.0028701534228758527 0.0024257894325968076 0.03330816995925836 0.002975288153935148 0.002617648536685375 0.0024586843663783114 0.0327389901035789 0.0044811245506026975 0.0025916314186795906 0.0023874748578165015 0.002244526853626195 0.003934278760717796 0.0040235126987813235 0.10612886712405954 0.007444701002848012 0.24935048780612223 0.0 0.0023241658521723427 0.0035204386680381234 0.0038814499373742454 0.004550590931366791 0.0047386059006617465 0.0026750182803392756 0.019206939775262145 0.003883274438517507 0.018884581463090532
22.0 0.0014920062118814468 0.0009650791276440212 0.003499256658489141 0.003014427557878502 0.0016301380621894124 0.001243705978058916 0.03210103051696687 0.0017091468630319958 0.001351546234627162 0.001571924526179475 0.03153184055686367 0.0035625474161530774 0.001704011387038187 0.0013054358658246255 0.001336362740643619 0.002695282771527658 0.002784670268069103 0.1052797111915175 0.006603717123561821 0.2485123926164397 0.0023241658521723427 0.0 0.0022808039798655733 0.00264262930389717 0.0036025315627479064 0.003765880705562621 0.0014286770557163247 0.01799934042015939 0.003066269870429044 0.017676095587160403
23.0 0.0016794309562670434 0.0023090063141009147 0.004485214410153423 0.004025450994765376 0.00148140421923721 0.002028861670459931 0.031920618686878566 0.002293045141780302 0.0019040149779313898 0.002642888953781617 0.03135303060023634 0.004552202403202064 0.0027771451554175716 0.0022828540421755074 0.002436422030023593 0.0012013044763686826 0.0013097719923295037 0.10634397665641504 0.0076765318046601375 0.2495829523048746 0.0035204386680381234 0.0022808039798655733 0.0 0.0012171738983192122 0.004550966866790015 0.004681516920355969 0.0016690928043894004 0.017880615037267025 0.004157047000707887 0.017556789250863628
24.0 0.0020450260619812623 0.0026708069170093864 0.004846379348514661 0.004386533114439151 0.0018497474179161146 0.002391652392316131 0.03225965249379424 0.0026529724859526297 0.0022660488344556787 0.0030040684295082306 0.031692404837252594 0.004913351586935328 0.003138357514853375 0.002644914482786799 0.0027978845864198108 0.0012141408502631254 0.001224646440139858 0.1067041994717564 0.008036677943293177 0.24994262479560475 0.0038814499373742454 0.00264262930389717 0.0012171738983192122 0.0 0.004912280311896736 0.005042991958286707 0.002033273128700619 0.018232462913505963 0.004517480582904462 0.017909093415670412
25.0 0.003747495538084353 0.0036523010919753806 0.0021052279355566333 0.00241359573987158 0.003897680717110429 0.0034535484542077893 0.033851078451702654 0.004074100872471738 0.0037063671366178857 0.003218231074718799 0.033282017721003886 0.0022832985106745265 0.0034246850388630883 0.0034645205347770425 0.0034188026271272124 0.004964550613336954 0.005053983318759574 0.106202248042694 0.007770051792312242 0.24962038269876446 0.004550590931366791 0.0036025315627479064 0.004550966866790015 0.004912280311896736 0.0 0.0016740161080788453 0.003722086267231451 0.019755843463233926 0.004570801480637571 0.019447087689018396
26.0 0.00387532395350897 0.003814747791138788 0.002639706684656957 0.0028698792570950884 0.004027373167252312 0.003589755542961152 0.03393527210255209 0.004214844867431726 0.0038457422545972405 0.0034472997012092517 0.03336618839562651 0.0028071756846363423 0.0036466315525971577 0.003629745423856401 0.0036085425445118086 0.005095175860701686 0.005184652953967755 0.10650748741682475 0.008050995645551607 0.24990742231237117 0.0047386059006617465 0.003765880705562621 0.004681516920355969 0.005042991958286707 0.0016740161080788453 0.0 0.0038548193329880232 0.019839359364189853 0.004818798659370658 0.019531835611161164
27.0 0.0009756883126753322 0.0014555802791596402 0.003652951646183903 0.003190836014395442 0.0010325830174683999 0.0011912545841275747 0.03160072974699562 0.001420472954016494 0.0010218057491214085 0.0018010292601672916 0.031031566946652517 0.003719606486031174 0.0019349596185961593 0.001439483003949866 0.0015919600495499198 0.0020854400989163448 0.0021752917409962116 0.10550658477368631 0.006838533814610474 0.24874638952976338 0.0026750182803392756 0.0014286770557163247 0.0016690928043894004 0.002033273128700619 0.003722086267231451 0.0038548193329880232 0.0 0.017499965631915644 0.0033170575509147556 0.017174654071808407
28.0 0.017419228831844373 0.018030771651751903 0.019808186126690795 0.01943075610308096 0.0173163041685334 0.01774530112732512 0.017610634304158573 0.01808434108275725 0.017695185819771933 0.018279086281386886 0.016971785872293955 0.019887100655269628 0.018420951142585212 0.017980015035509854 0.018115710707530874 0.018259691699113616 0.018355658929959384 0.12190604802431326 0.023263751504673295 0.26516472745330494 0.019206939775262145 0.01799934042015939 0.017880615037267025 0.018232462913505963 0.019755843463233926 0.019839359364189853 0.017499965631915644 0.0 0.019777860814689463 0.0014688590328010183
29.0 0.003362649720802531 0.003117527757931081 0.004373877012617253 0.0038385636990731515 0.003507116663118981 0.0030369100054172555 0.03387811867336409 0.0036347093362835833 0.0032732906702219447 0.0026203567165622686 0.03330895878246953 0.004426918590974981 0.0028042042988478642 0.0029536247838303047 0.0028075828038810974 0.00457039128406697 0.004659529121214971 0.10568527497085681 0.006939539168043692 0.2488862013220085 0.003883274438517507 0.003066269870429044 0.004157047000707887 0.004517480582904462 0.004570801480637571 0.004818798659370658 0.0033170575509147556 0.019777860814689463 0.0 0.019457374494507466
30.0 0.017092979720250815 0.017707465514140704 0.019496105037468323 0.019116337561590636 0.016989728521876444 0.017421695917603303 0.01820430762090174 0.01775984042928608 0.01737059098683341 0.01795809419010128 0.01757021772314028 0.019574681606350553 0.018099740736456486 0.017657175976716736 0.017793486519567105 0.01793691487999802 0.018032752039668695 0.12158723249523812 0.022944226026730557 0.26484538716521344 0.018884581463090532 0.017676095587160403 0.017556789250863628 0.017909093415670412 0.019447087689018396 0.019531835611161164 0.017174654071808407 0.0014688590328010183 0.019457374494507466 0.0
