0.0 1.0 2.0 3.0 4.0 5.0 6.0 7.0 8.0 9.0 10.0 11.0 12.0 13.0 14.0 15.0 16.0 17.0 18.0 19.0 20.0 21.0 22.0 23.0 24.0 25.0 26.0 27.0 28.0 29.0 30.0
1.0 0.0 0.0019515450128392523 0.0030602281842496996 0.0027336552379019627 0.0010624841541890682 0.0012225050496445402 0.016466016543186506 0.0017616569816374982 0.001181978358756392 0.0017913608821263421 0.015507697075583821 0.0031926841479276756 0.002017103645307552 0.001438187391767612 0.0015224743985306744 0.0022536040528351137 0.0024031948898044085 0.012776013783062833 0.0036072690105580928 0.07752948508122164 0.0027372688730799544 0.001390858507438533 0.0018103318104267254 0.0022270469544188763 0.00299373118238216 0.002989079563663743 0.0010656147847753904 0.009190574254094402 0.0031397743448682205 0.00884731317442626
2.0 0.0019515450128392523 0.0 0.0033822823470666067 0.0030327406271898364 0.002176838086384799 0.0017260924914094763 0.01751929211017356 0.0023332374680267278 0.001796628739510807 0.0020217076638180042 0.01656129059939968 0.0035082691975821525 0.002244327938294851 0.0017505567205369495 0.0017241982153971716 0.003302569188620317 0.0034508127092278246 0.013021131695047435 0.0038451160442208965 0.07777081934523726 0.002833584046870286 0.0013109052758451673 0.0028650043936079886 0.0032739605801163293 0.0033765679650466464 0.0034392127169992496 0.0019850422293818527 0.010250705760855326 0.0033553019863633675 0.009913435783458678
3.0 0.0030602281842496996 0.0033822823470666067 0.0 0.001943758255636468 0.0032998872887048504 0.0027765249494363102 0.018409111369677805 0.003567904627638528 0.0030187892803483166 0.0025212054675425744 0.01745118439035404 0.001480020026903785 0.002814751673963387 0.0027344158295224954 0.002617796372175026 0.0044273224218365995 0.00457560347346422 0.012802990044753774 0.00376627931140259 0.07761424504437471 0.0038597498430422207 0.002793354476565219 0.003990762642728893 0.0043991337342914475 0.0021727938870440312 0.0027409372202329176 0.0031331720366884297 0.011144875798844083 0.003657646882211818 0.010821126865321658
4.0 0.0027336552379019627 0.0030327406271898364 0.001943758255636468 0.0 0.002972282284763445 0.0024423326766909947 0.01811918067607256 0.0032315972683317658 0.0026835713516261345 0.002127908460249993 0.017161237362471406 0.0020650252013751603 0.0024276541635238134 0.0023819588064091413 0.002251423176917761 0.004099153923744773 0.004247380362632102 0.01246995403620995 0.0034097653203892533 0.07727380850581857 0.0034954089247976384 0.002442779853892613 0.003662623306315942 0.004070832607839035 0.0022204514524454396 0.0027004598177516968 0.0028030631965568716 0.0108541608528489 0.003270744505351088 0.01052819470935664
5.0 0.0010624841541890682 0.002176838086384799 0.0032998872887048504 0.002972282284763445 0.0 0.0014720673228631035 0.016428152416230617 0.0019429015927740038 0.0013629413497175825 0.002026975974750808 0.015470156924218728 0.003432045784197285 0.0022526021200917705 0.0016768979427529886 0.0017570487230614469 0.002108761652006213 0.0022591603185182223 0.013011818093499196 0.0038427011872459228 0.07776499120560858 0.0029686668418440333 0.0016184585100375197 0.0016610744494967911 0.0020834742460585365 0.003236285085148241 0.0032362308544819345 0.001202518074139799 0.009158333728333422 0.0033745608997706924 0.008814679163315468
6.0 0.0012225050496445402 0.0017260924914094763 0.0027765249494363102 0.0024423326766909947 0.0014720673228631035 0.0 0.016812479227425254 0.0017734172660039934 0.0012121515710104406 0.0014667229867400228 0.015854412184412827 0.00290698835080998 0.0016911326874526392 0.0010528833583261107 0.001198819096283413 0.0026098212164279524 0.0027584425993754046 0.01247255794278607 0.003302220965789703 0.07722585225896357 0.0024452091836154152 0.001145899969181176 0.0021707541724851607 0.0025817843722907878 0.0027289143107252943 0.0027418001336734187 0.0013024495792020698 0.009542671201380838 0.002829687733602905 0.009205058906453893
7.0 0.016466016543186506 0.01751929211017356 0.018409111369677805 0.01811918067607256 0.016428152416230617 0.016812479227425254 0.0 0.017333005299045592 0.016758288146984678 0.017304846008671302 0.00195125378911188 0.0185514712287617 0.017536233798420307 0.017000550474022467 0.017066171661932264 0.01732550245927328 0.01748626734410836 0.02823456313926452 0.01907559500752772 0.09299223733152699 0.018281486019120666 0.016957450082952203 0.016960383331099775 0.017348754912620737 0.01825412908777561 0.018225734522685645 0.01664062871919156 0.009442067784300009 0.018636028631192597 0.010087354681928291
8.0 0.0017616569816374982 0.0023332374680267278 0.003567904627638528 0.0032315972683317658 0.0019429015927740038 0.0017734172660039934 0.017333005299045592 0.0 0.0012843918747884836 0.002258530056723029 0.016375103012853196 0.003697634843862177 0.002482927807005884 0.0019230022911003587 0.0019794795658422703 0.003042599857331732 0.0031899320769050474 0.013251506489707486 0.004079753843122199 0.07800335826794107 0.0031688280034702066 0.001793561397730255 0.002608462302509569 0.0030125371129639178 0.0035270246760550064 0.0035502203645606635 0.0017197312108085876 0.01006572478216123 0.0036038340644508693 0.009726362036007661
9.0 0.001181978358756392 0.001796628739510807 0.0030187892803483166 0.0026835713516261345 0.0013629413497175825 0.0012121515710104406 0.016758288146984678 0.0012843918747884836 0.0 0.0017130292043068848 0.01580035079456062 0.003148840848122149 0.0019374813273183539 0.0013712190691483788 0.0014342121788649786 0.0024757925752334716 0.0026240529092671455 0.012706706691252009 0.003535388518749329 0.0774589106755945 0.002631222628856502 0.0012530391187449714 0.0020379211764565796 0.0024470484809052066 0.0029749139908280932 0.002994731716314109 0.00113181686757243 0.00949034746450491 0.0030603858743106773 0.009150761406085891
10.0 0.0017913608821263421 0.0020217076638180042 0.0025212054675425744 0.002127908460249993 0.002026975974750808 0.0014667229867400228 0.017304846008671302 0.002258530056723029 0.0017130292043068848 0.0 0.01634685569125952 0.0026375690137278697 0.0011482431265123897 0.00132979284277661 0.001168451291794261 0.0031534593435319828 0.003301599333627387 0.012105360892389366 0.0029286807298609615 0.0768612228183133 0.0024638228443290386 0.001427065257816338 0.002716620707262691 0.0031248210390852757 0.0026118085323191256 0.0027879162115168176 0.0018489786429290327 0.010037242366510355 0.0024603553182304203 0.009703578652030937
11.0 0.015507697075583821 0.01656129059939968 0.01745118439035404 0.017161237362471406 0.015470156924218728 0.015854412184412827 0.00195125378911188 0.016375103012853196 0.01580035079456062 0.01634685569125952 0.0 0.017593540401761292 0.016578239522543326 0.01604252319129007 0.016108166565798894 0.016373354172111443 0.016533892931030855 0.027276602160847083 0.018117631303102347 0.09203427641494276 0.017323492627440682 0.01599944465539018 0.01600625944905722 0.016395474113400938 0.017296210914597446 0.017267734892202794 0.015682708344520884 0.008408089741653243 0.017678051426393858 0.009063780841483172
12.0 0.0031926841479276756 0.0035082691975821525 0.001480020026903785 0.0020650252013751603 0.003432045784197285 0.00290698835080998 0.0185514712287617 0.003697634843862177 0.003148840848122149 0.0026375690137278697 0.017593540401761292 0.0 0.0029319732409816145 0.002860024276028302 0.002739438945747168 0.004559281631892063 0.004707545011399344 0.012893832359139018 0.0038637122400363706 0.07770749633969622 0.003981242230206267 0.002919076396483017 0.004122741196490302 0.004531053015223077 0.0024061408480926284 0.0029520187582655864 0.0032646473053409837 0.01128703558473805 0.0037677115423032873 0.010962686624783852
13.0 0.002017103645307552 0.002244327938294851 0.002814751673963387 0.0024276541635238134 0.0022526021200917705 0.0016911326874526392 0.017536233798420307 0.002482927807005884 0.0019374813273183539 0.0011482431265123897 0.016578239522543326 0.0029319732409816145 0.0 0.0015510518204198665 0.0013821521204859283 0.0033791829869306658 0.003527327226847438 0.012393675381763527 0.003215366639490603 0.07714800953237273 0.0026867702248117744 0.001649306496744936 0.0029422988670077 0.003350541900763864 0.0028954060196643445 0.0030591598173880796 0.002074185743967305 0.010268511696485079 0.002732298765273483 0.009934509776364061
14.0 0.001438187391767612 0.0017505567205369495 0.0027344158295224954 0.0023819588064091413 0.0016768979427529886 0.0010528833583261107 0.017000550474022467 0.0019230022911003587 0.0013712190691483788 0.00132979284277661 0.01604252319129007 0.002860024276028302 0.0015510518204198665 0.0 0.0010648425864364774 0.0028080531085954963 0.0029564278997468506 0.012379875856480028 0.0032053029208577804 0.07713198436884257 0.0023690578819954206 0.0011558282017078 0.002370053360968773 0.0027796794090513667 0.0027331671399047413 0.0028003722401926936 0.0014983555517077076 0.009731709819259995 0.002721070444045544 0.00939529449825749
15.0 0.0015224743985306744 0.0017241982153971716 0.002617796372175026 0.002251423176917761 0.0017570487230614469 0.001198819096283413 0.017066171661932264 0.0019794795658422703 0.0014342121788649786 0.001168451291794261 0.016108166565798894 0.002739438945747168 0.0013821521204859283 0.0010648425864364774 0.0 0.002884325278145691 0.003032515987842437 0.01221661115151117 0.003037670349584513 0.07696693184071655 0.0021859421945754115 0.0011240023460945235 0.0024471304745984327 0.0028557095083258056 0.0026538209217523553 0.002764623559571369 0.0015761900514337508 0.009797926590524038 0.0025371080759749344 0.009462439348757512
16.0 0.0022536040528351137 0.003302569188620317 0.0044273224218365995 0.004099153923744773 0.002108761652006213 0.0026098212164279524 0.01732550245927328 0.003042599857331732 0.0024757925752334716 0.0031534593435319828 0.016373354172111443 0.004559281631892063 0.0033791829869306658 0.0028080531085954963 0.002884325278145691 0.0 0.001027086934127576 0.014135433929432648 0.004965905627277329 0.07888790357137802 0.004092616094868997 0.0027450190033997592 0.0012984899880666752 0.0013152463347914996 0.004365556140690033 0.00436831803971185 0.0023261778709946024 0.010158782570837355 0.004498597831818657 0.009824594226279924
17.0 0.0024031948898044085 0.0034508127092278246 0.00457560347346422 0.004247380362632102 0.0022591603185182223 0.0027584425993754046 0.01748626734410836 0.0031899320769050474 0.0026240529092671455 0.003301599333627387 0.016533892931030855 0.004707545011399344 0.003527327226847438 0.0029564278997468506 0.003032515987842437 0.001027086934127576 0.0 0.014283410624380093 0.005113850507762703 0.07903583069751231 0.004240627626973881 0.002893276287818089 0.0014708290348765525 0.0013765238127968547 0.004513996179311318 0.0045168974676002005 0.0024754157256996444 0.010315433975692258 0.004646591163591439 0.009980929496666895
18.0 0.012776013783062833 0.013021131695047435 0.012802990044753774 0.01246995403620995 0.013011818093499196 0.01247255794278607 0.02823456313926452 0.013251506489707486 0.012706706691252009 0.012105360892389366 0.027276602160847083 0.012893832359139018 0.012393675381763527 0.012379875856480028 0.01221661115151117 0.014135433929432648 0.014283410624380093 0.0 0.011359010848005453 0.083971831421718 0.01343709721290764 0.012429778606619916 0.01369951685548612 0.014106650268718282 0.01303537335130922 0.01334268673035719 0.01283762787525637 0.02096822578082768 0.01301413576517406 0.020637807067000788
19.0 0.0036072690105580928 0.0038451160442208965 0.00376627931140259 0.0034097653203892533 0.0038427011872459228 0.003302220965789703 0.01907559500752772 0.004079753843122199 0.003535388518749329 0.0029286807298609615 0.018117631303102347 0.0038637122400363706 0.003215366639490603 0.0032053029208577804 0.003037670349584513 0.004965905627277329 0.005113850507762703 0.011359010848005453 0.0 0.07597526715255908 0.004254666076444442 0.003253586525264908 0.00453006431764825 0.004937062610873097 0.003969670761461768 0.004253514972566012 0.003667842803265112 0.01180907572198027 0.0037994568381681075 0.011478061026600744
20.0 0.07752948508122164 0.07777081934523726 0.07761424504437471 0.07727380850581857 0.07776499120560858 0.07722585225896357 0.09299223733152699 0.07800335826794107 0.0774589106755945 0.0768612228183133 0.09203427641494276 0.07770749633969622 0.07714800953237273 0.07713198436884257 0.07696693184071655 0.07888790357137802 0.07903583069751231 0.083971831421718 0.07597526715255908 0.0 0.07818231436915336 0.07717950470195106 0.07845216028610576 0.0788590439241115 0.07783475622642512 0.07813174004005315 0.07759058206202657 0.08572581806324042 0.07775814821444639 0.08539513644341194
21.0 0.0027372688730799544 0.002833584046870286 0.0038597498430422207 0.0034954089247976384 0.0029686668418440333 0.0024452091836154152 0.018281486019120666 0.0031688280034702066 0.002631222628856502 0.0024638228443290386 0.017323492627440682 0.003981242230206267 0.0026867702248117744 0.0023690578819954206 0.0021859421945754115 0.004092616094868997 0.004240627626973881 0.01343709721290764 0.004254666076444442 0.07818231436915336 0.0 0.002245123241785697 0.0036561163497181594 0.004063739109521837 0.0038956552313688777 0.004005890361674664 0.002785628544565429 0.01101340933439407 0.0037429793362530744 0.01067775112825144
22.0 0.001390858507438533 0.0013109052758451673 0.002793354476565219 0.002442779853892613 0.0016184585100375197 0.001145899969181176 0.016957450082952203 0.001793561397730255 0.0012530391187449714 0.001427065257816338 0.01599944465539018 0.002919076396483017 0.001649306496744936 0.0011558282017078 0.0011240023460945235 0.0027450190033997592 0.002893276287818089 0.012429778606619916 0.003253586525264908 0.07717950470195106 0.002245123241785697 0.0 0.0023074157821613727 0.0027164390896667456 0.002790186554861571 0.00285570149306299 0.0014288851361908008 0.00968883815254605 0.0027631305138738384 0.009351729479473568
23.0 0.0018103318104267254 0.0028650043936079886 0.003990762642728893 0.003662623306315942 0.0016610744494967911 0.0021707541724851607 0.016960383331099775 0.002608462302509569 0.0020379211764565796 0.002716620707262691 0.01600625944905722 0.004122741196490302 0.0029422988670077 0.002370053360968773 0.0024471304745984327 0.0012984899880666752 0.0014708290348765525 0.01369951685548612 0.00453006431764825 0.07845216028610576 0.0036561163497181594 0.0023074157821613727 0.0 0.0013516886515846267 0.003928819807529818 0.00393116429428393 0.0018841859219691248 0.00975920648568427 0.004062423225903581 0.009422314540967754
24.0 0.0022270469544188763 0.0032739605801163293 0.0043991337342914475 0.004070832607839035 0.0020834742460585365 0.0025817843722907878 0.017348754912620737 0.0030125371129639178 0.0024470484809052066 0.0031248210390852757 0.016395474113400938 0.004531053015223077 0.003350541900763864 0.0027796794090513667 0.0028557095083258056 0.0013152463347914996 0.0013765238127968547 0.014106650268718282 0.004937062610873097 0.0788590439241115 0.004063739109521837 0.0027164390896667456 0.0013516886515846267 0.0 0.004337725482265851 0.004340728554253971 0.0022987464514987416 0.010162160641933402 0.004469778868250529 0.009826437403831056
25.0 0.00299373118238216 0.0033765679650466464 0.0021727938870440312 0.0022204514524454396 0.003236285085148241 0.0027289143107252943 0.01825412908777561 0.0035270246760550064 0.0029749139908280932 0.0026118085323191256 0.017296210914597446 0.0024061408480926284 0.0028954060196643445 0.0027331671399047413 0.0026538209217523553 0.004365556140690033 0.004513996179311318 0.01303537335130922 0.003969670761461768 0.07783475622642512 0.0038956552313688777 0.002790186554861571 0.003928819807529818 0.004337725482265851 0.0 0.0019255330726917173 0.003075920110631926 0.01099126671518032 0.0037905649389420783 0.010672862292668936
26.0 0.002989079563663743 0.0034392127169992496 0.0027409372202329176 0.0027004598177516968 0.0032362308544819345 0.0027418001336734187 0.018225734522685645 0.0035502203645606635 0.002994731716314109 0.0027879162115168176 0.017267734892202794 0.0029520187582655864 0.0030591598173880796 0.0028003722401926936 0.002764623559571369 0.00436831803971185 0.0045168974676002005 0.01334268673035719 0.004253514972566012 0.07813174004005315 0.004005890361674664 0.00285570149306299 0.00393116429428393 0.004340728554253971 0.0019255330726917173 0.0 0.0030813220724253223 0.010961819209153845 0.004008893153161838 0.010644910650387553
27.0 0.0010656147847753904 0.0019850422293818527 0.0031331720366884297 0.0028030631965568716 0.001202518074139799 0.0013024495792020698 0.01664062871919156 0.0017197312108085876 0.00113181686757243 0.0018489786429290327 0.015682708344520884 0.0032646473053409837 0.002074185743967305 0.0014983555517077076 0.0015761900514337508 0.0023261778709946024 0.0024754157256996444 0.01283762787525637 0.003667842803265112 0.07759058206202657 0.002785628544565429 0.0014288851361908008 0.0018841859219691248 0.0022987464514987416 0.003075920110631926 0.0030813220724253223 0.0 0.009372620582551505 0.003197410914840689 0.009031513624935907
28.0 0.009190574254094402 0.010250705760855326 0.011144875798844083 0.0108541608528489 0.009158333728333422 0.009542671201380838 0.009442067784300009 0.01006572478216123 0.00949034746450491 0.010037242366510355 0.008408089741653243 0.01128703558473805 0.010268511696485079 0.009731709819259995 0.009797926590524038 0.010158782570837355 0.010315433975692258 0.02096822578082768 0.01180907572198027 0.08572581806324042 0.01101340933439407 0.00968883815254605 0.00975920648568427 0.010162160641933402 0.01099126671518032 0.010961819209153845 0.009372620582551505 0.0 0.011368894570825896 0.0015601939444864592
29.0 0.0031397743448682205 0.0033553019863633675 0.003657646882211818 0.003270744505351088 0.0033745608997706924 0.002829687733602905 0.018636028631192597 0.0036038340644508693 0.0030603858743106773 0.0024603553182304203 0.017678051426393858 0.0037677115423032873 0.002732298765273483 0.002721070444045544 0.0025371080759749344 0.004498597831818657 0.004646591163591439 0.01301413576517406 0.0037994568381681075 0.07775814821444639 0.0037429793362530744 0.0027631305138738384 0.004062423225903581 0.004469778868250529 0.0037905649389420783 0.004008893153161838 0.003197410914840689 0.011368894570825896 0.0 0.011036210075153312
30.0 0.00884731317442626 0.009913435783458678 0.010821126865321658 0.01052819470935664 0.008814679163315468 0.009205058906453893 0.010087354681928291 0.009726362036007661 0.009150761406085891 0.009703578652030937 0.009063780841483172 0.010962686624783852 0.009934509776364061 0.00939529449825749 0.009462439348757512 0.009824594226279924 0.009980929496666895 0.020637807067000788 0.011478061026600744 0.08539513644341194 0.01067775112825144 0.009351729479473568 0.009422314540967754 0.009826437403831056 0.010672862292668936 0.010644910650387553 0.009031513624935907 0.0015601939444864592 0.011036210075153312 0.0
