0.0 1.0 2.0 3.0 4.0 5.0 6.0 7.0 8.0 9.0 10.0 11.0 12.0 13.0 14.0 15.0 16.0 17.0 18.0 19.0 20.0 21.0 22.0 23.0 24.0 25.0 26.0 27.0 28.0 29.0 30.0
1.0 0.0 0.001740442274536912 0.003764930484775518 0.003003747305723622 0.001127930042034208 0.0012822776966606721 0.03169626993217493 0.0016341808739742528 0.001227419281806886 0.0018149015107917707 0.031057025906280684 0.0040295887249146446 0.0019763967724051174 0.0014671131733901993 0.0016101544585422876 0.002272151191153385 0.0025260815824341273 0.07910392249525268 0.0041846066306133935 0.2303980817695305 0.002130906392844469 0.0014939014746793498 0.0018042800604334418 0.002261309354234271 0.0036495197736344793 0.0038356486415831526 0.0010866936973420584 0.01752467535320697 0.0029034610120117904 0.01717526597388828
2.0 0.001740442274536912 0.0 0.0037123657850849055 0.002927633468168351 0.0019296984513231831 0.0014601679831954056 0.03242367987898264 0.0019093353632859344 0.0015389213080522959 0.0016945553275791525 0.031784601562370195 0.003971751704689726 0.0018546784013054795 0.0014414701441171959 0.0014703757854453642 0.0030149283315298574 0.0032679889873894934 0.07898082710834238 0.004057481207300725 0.23027040352632352 0.0018913098326195634 0.0010826601962092217 0.0025505281606448145 0.003002775070028685 0.003643843873126704 0.0038706151040057554 0.0016830232483629665 0.018258564952168068 0.0027634481247458265 0.017912414589656155
3.0 0.003764930484775518 0.0037123657850849055 0.0 0.0023641573578033533 0.003966068197625247 0.003415748879077917 0.03412612457661391 0.004033371924295454 0.0036532561727604285 0.0030602477578347415 0.033487145556306004 0.0018647829924808932 0.003289709287301221 0.0033050097009288504 0.003230588823751407 0.005051673280264448 0.005304624837307461 0.07972817073243342 0.00493308388383921 0.23112814794095812 0.0037751467271253634 0.0034437513583332586 0.004588397115974276 0.005039633498426583 0.0025786615441052087 0.0031437091658796474 0.0037405697121180976 0.019965458225089956 0.003944217328797381 0.01962905361836449
4.0 0.003003747305723622 0.002927633468168351 0.0023641573578033533 0.0 0.0032038892727254 0.0026472674723025903 0.03343949920053913 0.003262981360947284 0.0028837279579825704 0.002236191825305914 0.03280049604106026 0.002626456444501434 0.0024705746336092776 0.002517905534612157 0.0024298730572389427 0.004289069451868402 0.0045419770226753 0.0789477263460407 0.004124676557200715 0.23033211612404694 0.0029755979024031227 0.0026583267418817465 0.0038257804747483123 0.004276913766364235 0.0025143244579598563 0.0030028838462630384 0.0029757637108190588 0.01927776276502131 0.0031206814963033423 0.01893913220136777
5.0 0.001127930042034208 0.0019296984513231831 0.003966068197625247 0.0032038892727254 0.0 0.0014949496168640073 0.031615334974071284 0.0017794166912585773 0.0013718520018020596 0.0020132464233464827 0.03097623561271684 0.0042304984854256555 0.002174702455965142 0.0016687243306587707 0.0018078419376920125 0.002084772489697197 0.0023392345778206107 0.07930170528235127 0.004382185326334578 0.2305954610587773 0.0023260621774072706 0.0016850066056163493 0.0016141394149144996 0.0020748478014880724 0.003852719121514413 0.004041264316105028 0.0011860379143779922 0.017449397752457397 0.003100860776997667 0.017099688169582166
6.0 0.0012822776966606721 0.0014601679831954056 0.003415748879077917 0.0026472674723025903 0.0014949496168640073 0.0 0.03199413186670893 0.0016041383071864082 0.0012138442641955274 0.0014345003246695126 0.03135502136474103 0.0036788541759877865 0.0015951565755999838 0.001033243818748442 0.001233169182486858 0.002589758776637521 0.002843048345467721 0.07873844467589163 0.0038184297544694816 0.23003289126419915 0.001782105024855693 0.0011972764497211988 0.0021245021397028993 0.002577937939185938 0.0033142925204584597 0.0035108365381540637 0.0012716463192570253 0.017827785479690137 0.0025353599263239846 0.017481270276229453
7.0 0.03169626993217493 0.03242367987898264 0.03412612457661391 0.03343949920053913 0.031615334974071284 0.03199413186670893 0.0 0.03232900911838238 0.03192602381478405 0.03243323541468552 0.0016577895507994614 0.03440699452760361 0.032601223503043744 0.032144008568391134 0.03226410284096009 0.03247003706803678 0.032733985187027574 0.10966508413682609 0.03475631456176931 0.2609677706524638 0.032785580036886655 0.032176139646263015 0.03207946183937547 0.03250804197880535 0.033870656841385724 0.034001353948952207 0.03178234532927751 0.017726148937677714 0.033502061394241334 0.018342106764077538
8.0 0.0016341808739742528 0.0019093353632859344 0.004033371924295454 0.003262981360947284 0.0017794166912585773 0.0016041383071864082 0.03232900911838238 0.0 0.0011087555355068861 0.0020545908456085886 0.0316899707940324 0.004295984335878996 0.0022154350048968884 0.0017247533235312455 0.001843204947490083 0.0028456982875088204 0.0030983425803262363 0.07934560101545933 0.004424792229036103 0.23063808224178065 0.002345499350765861 0.0016786230564259075 0.002382722811625776 0.002832879615292979 0.003936191191889808 0.004137841248383068 0.0014967810220975434 0.01816516399552461 0.003139640180907002 0.017817720117425193
9.0 0.001227419281806886 0.0015389213080522959 0.0036532561727604285 0.0028837279579825704 0.0013718520018020596 0.0012138442641955274 0.03192602381478405 0.0011087555355068861 0.0 0.0016765591116549884 0.03128697178196343 0.003916066944852536 0.0018374024114222952 0.0013422625414513845 0.0014652974087113518 0.0024443839121375023 0.002697538050116054 0.07896851519816674 0.004047897767197392 0.23026136795079763 0.0019720041039910947 0.0013053103503678407 0.00197958135996341 0.0024322539124454834 0.0035543288953246576 0.0037544473375422547 0.0010832920690587024 0.017761669626720798 0.002763048524951321 0.01741412563767678
10.0 0.0018149015107917707 0.0016945553275791525 0.0030602477578347415 0.002236191825305914 0.0020132464233464827 0.0014345003246695126 0.03243323541468552 0.0020545908456085886 0.0016765591116549884 0.0 0.03179416267447107 0.0033122960127567828 0.00101615632405676 0.0012480771923610366 0.0011456626209048499 0.0030987782628342387 0.003351677260550341 0.0783008276883753 0.0033795406651698917 0.22960368308472376 0.0017371635024926706 0.0014222244795357255 0.002635106501524117 0.0030864731724372842 0.0030610977122450555 0.003351065867057388 0.0017787831658295184 0.018268946162203672 0.002118795041115045 0.01792488780105592
11.0 0.031057025906280684 0.031784601562370195 0.033487145556306004 0.03280049604106026 0.03097623561271684 0.03135502136474103 0.0016577895507994614 0.0316899707940324 0.03128697178196343 0.03179416267447107 0.0 0.033768010657365385 0.03196216115297727 0.031504922065946475 0.03162503008006875 0.031833657901369355 0.03209750670539572 0.10902604890779834 0.034117276376088544 0.2603287355569188 0.03214651139420628 0.03153706014513617 0.031442153322684845 0.031871119942591244 0.03323170625124969 0.03336237861637654 0.031143297027456704 0.017014604355446914 0.032863012414956136 0.01763569032033613
12.0 0.0040295887249146446 0.003971751704689726 0.0018647829924808932 0.002626456444501434 0.0042304984854256555 0.0036788541759877865 0.03440699452760361 0.004295984335878996 0.003916066944852536 0.0033122960127567828 0.033768010657365385 0.0 0.0035423985909359803 0.0035641053449337033 0.003486609594336011 0.005315989663237871 0.00556893011293015 0.07995796429103129 0.005171796862071304 0.23136343495831338 0.004031046409413739 0.0037029976674576915 0.004852716210882168 0.005303922587513579 0.0029956519785731277 0.0035447845861813964 0.004004426092325751 0.02024611300344405 0.0041917128673982385 0.019909224406007137
13.0 0.0019763967724051174 0.0018546784013054795 0.003289709287301221 0.0024705746336092776 0.002174702455965142 0.0015951565755999838 0.032601223503043744 0.0022154350048968884 0.0018374024114222952 0.00101615632405676 0.03196216115297727 0.0035423985909359803 0.0 0.0014067039291271468 0.001299048181470978 0.003260356463718488 0.003513263571511359 0.07852129890249869 0.0035986410807778597 0.22982146394405265 0.0018986516693849957 0.0015820779182119018 0.00279664123306742 0.0032480574236833934 0.003283596741948279 0.0035669594534076506 0.0019399899059791268 0.01843683302845935 0.002324869501129723 0.01809258268726641
14.0 0.0014671131733901993 0.0014414701441171959 0.0033050097009288504 0.002517905534612157 0.0016687243306587707 0.001033243818748442 0.032144008568391134 0.0017247533235312455 0.0013422625414513845 0.0012480771923610366 0.031504922065946475 0.0035641053449337033 0.0014067039291271468 0.0 0.0010548489147098451 0.0027579958838692764 0.0030110997447585714 0.07858272882862592 0.003660605824182317 0.2298765476267968 0.0016579612350777497 0.0011668595060970303 0.002293467428191758 0.0027459296678905964 0.003239719845746609 0.0034690757704604587 0.0014351272837137817 0.01797859832284936 0.0023730928146251263 0.017632887575152575
15.0 0.0016101544585422876 0.0014703757854453642 0.003230588823751407 0.0024298730572389427 0.0018078419376920125 0.001233169182486858 0.03226410284096009 0.001843204947490083 0.0014652974087113518 0.0011456626209048499 0.03162503008006875 0.003486609594336011 0.001299048181470978 0.0010548489147098451 0.0 0.0028942105185806068 0.003147177842818244 0.07846750244237129 0.003543080072897588 0.22975943477222935 0.0015368694261732718 0.0011935386520669149 0.0024302152346652654 0.002881969836102883 0.003192623594632926 0.0034467677975518196 0.0015713802377370456 0.018099248882288182 0.0022461695532924805 0.017754129911251065
16.0 0.002272151191153385 0.0030149283315298574 0.005051673280264448 0.004289069451868402 0.002084772489697197 0.002589758776637521 0.03247003706803678 0.0028456982875088204 0.0024443839121375023 0.0030987782628342387 0.031833657901369355 0.005315989663237871 0.003260356463718488 0.0027579958838692764 0.0028942105185806068 0.0 0.0011530594023369898 0.08038419608620899 0.005464429611781138 0.2316769137993321 0.003410521519913421 0.002770814905711331 0.0012732604083804445 0.0013480725337392152 0.004939317585467208 0.0051290656934827325 0.0022605642350192255 0.018404938966967484 0.0041841487799378916 0.01805955678756724
17.0 0.0025260815824341273 0.0032679889873894934 0.005304624837307461 0.0045419770226753 0.0023392345778206107 0.002843048345467721 0.032733985187027574 0.0030983425803262363 0.002697538050116054 0.003351677260550341 0.03209750670539572 0.00556893011293015 0.003513263571511359 0.0030110997447585714 0.003147177842818244 0.0011530594023369898 0.0 0.0806368834914067 0.005717097011787997 0.23192952197835734 0.0036633916427493383 0.0030238786302849035 0.0015479599507873536 0.0015121505554865243 0.005192363160459181 0.00538217859578191 0.0025142711141407656 0.01866506413240968 0.0044368943344309025 0.018319544433754057
18.0 0.07910392249525268 0.07898082710834238 0.07972817073243342 0.0789477263460407 0.07930170528235127 0.07873844467589163 0.10966508413682609 0.07934560101545933 0.07896851519816674 0.0783008276883753 0.10902604890779834 0.07995796429103129 0.07852129890249869 0.07858272882862592 0.07846750244237129 0.08038419608620899 0.0806368834914067 0.0 0.07709610404541464 0.30063750094974895 0.07898793961723566 0.07871126626382616 0.07992140379545948 0.08037164740543684 0.07982079715080709 0.08017274274016169 0.07906928844607276 0.09550187584792998 0.07892475601482056 0.09515948213915791
19.0 0.0041846066306133935 0.004057481207300725 0.00493308388383921 0.004124676557200715 0.004382185326334578 0.0038184297544694816 0.03475631456176931 0.004424792229036103 0.004047897767197392 0.0033795406651698917 0.034117276376088544 0.005171796862071304 0.0035986410807778597 0.003660605824182317 0.003543080072897588 0.005464429611781138 0.005717097011787997 0.07709610404541464 0.0 0.228290343736033 0.004060934657374472 0.0037879156690774738 0.005001684569747145 0.005451845665166349 0.005002035880192799 0.005342539409544842 0.004149410829065066 0.02059295350938121 0.003976130669598316 0.020250243793080557
20.0 0.2303980817695305 0.23027040352632352 0.23112814794095812 0.23033211612404694 0.2305954610587773 0.23003289126419915 0.2609677706524638 0.23063808224178065 0.23026136795079763 0.22960368308472376 0.2603287355569188 0.23136343495831338 0.22982146394405265 0.2298765476267968 0.22975943477222935 0.2316769137993321 0.23192952197835734 0.30063750094974895 0.228290343736033 0.0 0.23027152844995163 0.2300010758416341 0.23121438327008947 0.23166425041742494 0.2312032330315359 0.23154522534001964 0.23036286808130135 0.24680474517641263 0.23020754900425722 0.24646208085991725
21.0 0.002130906392844469 0.0018913098326195634 0.0037751467271253634 0.0029755979024031227 0.0023260621774072706 0.001782105024855693 0.032785580036886655 0.002345499350765861 0.0019720041039910947 0.0017371635024926706 0.03214651139420628 0.004031046409413739 0.0018986516693849957 0.0016579612350777497 0.0015368694261732718 0.003410521519913421 0.0036633916427493383 0.07898793961723566 0.004060934657374472 0.23027152844995163 0.0 0.0016276440147004888 0.002946866958798903 0.003398143929154028 0.0037372019721104246 0.003991193122584876 0.0020874768366218083 0.01862086780358844 0.002752292207495694 0.018275671300695347
22.0 0.0014939014746793498 0.0010826601962092217 0.0034437513583332586 0.0026583267418817465 0.0016850066056163493 0.0011972764497211988 0.032176139646263015 0.0016786230564259075 0.0013053103503678407 0.0014222244795357255 0.03153706014513617 0.0037029976674576915 0.0015820779182119018 0.0011668595060970303 0.0011935386520669149 0.002770814905711331 0.0030238786302849035 0.07871126626382616 0.0037879156690774738 0.2300010758416341 0.0016276440147004888 0.0 0.0023064076119740187 0.0027586703661650292 0.003376513074786418 0.003604407203248867 0.001440223350890485 0.018010965285484046 0.002493905913792259 0.017664883373717768
23.0 0.0018042800604334418 0.0025505281606448145 0.004588397115974276 0.0038257804747483123 0.0016141394149144996 0.0021245021397028993 0.03207946183937547 0.002382722811625776 0.00197958135996341 0.002635106501524117 0.031442153322684845 0.004852716210882168 0.00279664123306742 0.002293467428191758 0.0024302152346652654 0.0012732604083804445 0.0015479599507873536 0.07992140379545948 0.005001684569747145 0.23121438327008947 0.002946866958798903 0.0023064076119740187 0.0 0.0013430118641080914 0.00447602414591965 0.004665658369775953 0.0017937162754676603 0.01798029498323919 0.0037210654401250032 0.017633659191708503
24.0 0.002261309354234271 0.003002775070028685 0.005039633498426583 0.004276913766364235 0.0020748478014880724 0.002577937939185938 0.03250804197880535 0.002832879615292979 0.0024322539124454834 0.0030864731724372842 0.031871119942591244 0.005303922587513579 0.0032480574236833934 0.0027459296678905964 0.002881969836102883 0.0013480725337392152 0.0015121505554865243 0.08037164740543684 0.005451845665166349 0.23166425041742494 0.003398143929154028 0.0027586703661650292 0.0013430118641080914 0.0 0.004927511041918464 0.005117394364202257 0.002249133038000089 0.018422918794187382 0.004171650132015129 0.018076810681835313
25.0 0.0036495197736344793 0.003643843873126704 0.0025786615441052087 0.0025143244579598563 0.003852719121514413 0.0033142925204584597 0.033870656841385724 0.003936191191889808 0.0035543288953246576 0.0030610977122450555 0.03323170625124969 0.0029956519785731277 0.003283596741948279 0.003239719845746609 0.003192623594632926 0.004939317585467208 0.005192363160459181 0.07982079715080709 0.005002035880192799 0.2312032330315359 0.0037372019721104246 0.003376513074786418 0.00447602414591965 0.004927511041918464 0.0 0.001802237682359046 0.0036323146650438297 0.019711416851864675 0.0039728445076234456 0.019379182618900797
26.0 0.0038356486415831526 0.0038706151040057554 0.0031437091658796474 0.0030028838462630384 0.004041264316105028 0.0035108365381540637 0.034001353948952207 0.004137841248383068 0.0037544473375422547 0.003351065867057388 0.03336237861637654 0.0035447845861813964 0.0035669594534076506 0.0034690757704604587 0.0034467677975518196 0.0051290656934827325 0.00538217859578191 0.08017274274016169 0.005342539409544842 0.23154522534001964 0.003991193122584876 0.003604407203248867 0.004665658369775953 0.005117394364202257 0.001802237682359046 0.0 0.0038245455058801997 0.019841426545621637 0.004284720899226277 0.019510836334365626
27.0 0.0010866936973420584 0.0016830232483629665 0.0037405697121180976 0.0029757637108190588 0.0011860379143779922 0.0012716463192570253 0.03178234532927751 0.0014967810220975434 0.0010832920690587024 0.0017787831658295184 0.031143297027456704 0.004004426092325751 0.0019399899059791268 0.0014351272837137817 0.0015713802377370456 0.0022605642350192255 0.0025142711141407656 0.07906928844607276 0.004149410829065066 0.23036286808130135 0.0020874768366218083 0.001440223350890485 0.0017937162754676603 0.002249133038000089 0.0036323146650438297 0.0038245455058801997 0.0 0.017618264085084583 0.002866778383337411 0.017269941659048462
28.0 0.01752467535320697 0.018258564952168068 0.019965458225089956 0.01927776276502131 0.017449397752457397 0.017827785479690137 0.017726148937677714 0.01816516399552461 0.017761669626720798 0.018268946162203672 0.017014604355446914 0.02024611300344405 0.01843683302845935 0.01797859832284936 0.018099248882288182 0.018404938966967484 0.01866506413240968 0.09550187584792998 0.02059295350938121 0.24680474517641263 0.01862086780358844 0.018010965285484046 0.01798029498323919 0.018422918794187382 0.019711416851864675 0.019841426545621637 0.017618264085084583 0.0 0.019338225249550714 0.0015352721246378112
29.0 0.0029034610120117904 0.0027634481247458265 0.003944217328797381 0.0031206814963033423 0.003100860776997667 0.0025353599263239846 0.033502061394241334 0.003139640180907002 0.002763048524951321 0.002118795041115045 0.032863012414956136 0.0041917128673982385 0.002324869501129723 0.0023730928146251263 0.0022461695532924805 0.0041841487799378916 0.0044368943344309025 0.07892475601482056 0.003976130669598316 0.23020754900425722 0.002752292207495694 0.002493905913792259 0.0037210654401250032 0.004171650132015129 0.0039728445076234456 0.004284720899226277 0.002866778383337411 0.019338225249550714 0.0 0.018994729128381
30.0 0.01717526597388828 0.017912414589656155 0.01962905361836449 0.01893913220136777 0.017099688169582166 0.017481270276229453 0.018342106764077538 0.017817720117425193 0.01741412563767678 0.01792488780105592 0.01763569032033613 0.019909224406007137 0.01809258268726641 0.017632887575152575 0.017754129911251065 0.01805955678756724 0.018319544433754057 0.09515948213915791 0.020250243793080557 0.24646208085991725 0.018275671300695347 0.017664883373717768 0.017633659191708503 0.018076810681835313 0.019379182618900797 0.019510836334365626 0.017269941659048462 0.0015352721246378112 0.018994729128381 0.0
